,UNFI_High_Iter 0,FHN_High_Iter 0,GEOS_High_Iter 0,XRX_High_Iter 0,GS_High_Iter 0,ACHC_High_Iter 0,JACK_High_Iter 0,MTB_High_Iter 0,OMI_High_Iter 0,SSD_High_Iter 0,ROCK_High_Iter 0,LM_High_Iter 0,CTAS_High_Iter 0,ZBRA_High_Iter 0,OPY_High_Iter 0,BRO_High_Iter 0,BSET_High_Iter 0,APH_High_Iter 0,BCRX_High_Iter 0,RHI_High_Iter 0,PTEN_High_Iter 0,JOUT_High_Iter 0,CTS_High_Iter 0,SUP_High_Iter 0,HIBB_High_Iter 0,HD_High_Iter 0,HE_High_Iter 0,PLAB_High_Iter 0,PEP_High_Iter 0,INTC_High_Iter 0,SWM_High_Iter 0,AFG_High_Iter 0,MAC_High_Iter 0,OGE_High_Iter 0,DSPG_High_Iter 0,NLS_High_Iter 0,SFE_High_Iter 0,CTIC_High_Iter 0,CLX_High_Iter 0,CSU_High_Iter 0,PII_High_Iter 0,LECO_High_Iter 0,UNP_High_Iter 0,SEIC_High_Iter 0,FBC_High_Iter 0,HELE_High_Iter 0,DDD_High_Iter 0,WAT_High_Iter 0,RS_High_Iter 0,EMN_High_Iter 0,KBH_High_Iter 0,ADSK_High_Iter 0,BH_High_Iter 0,DIN_High_Iter 0,ITT_High_Iter 0,WNC_High_Iter 0,VICR_High_Iter 0,ALK_High_Iter 0,VZ_High_Iter 0,STC_High_Iter 0,MLI_High_Iter 0,TG_High_Iter 0,ATRI_High_Iter 0,CAR_High_Iter 0,GNTX_High_Iter 0,AFL_High_Iter 0,BREW_High_Iter 0,SJW_High_Iter 0,ALCO_High_Iter 0,STRT_High_Iter 0,ADP_High_Iter 0,BF_B_High_Iter 0,DCI_High_Iter 0,COLM_High_Iter 0,HRTX_High_Iter 0,CRD_B_High_Iter 0,AON_High_Iter 0,SAH_High_Iter 0,AROW_High_Iter 0,UTL_High_Iter 0,GEF_High_Iter 0,LKFN_High_Iter 0,BMRC_High_Iter 0,BMI_High_Iter 0,OSUR_High_Iter 0,GHM_High_Iter 0,VOXX_High_Iter 0,MTH_High_Iter 0,OMC_High_Iter 0,SLB_High_Iter 0,ZIXI_High_Iter 0,EGBN_High_Iter 0,NOV_High_Iter 0,CMA_High_Iter 0,AMGN_High_Iter 0,EEFT_High_Iter 0,EE_High_Iter 0,ED_High_Iter 0,RSG_High_Iter 0,HCSG_High_Iter 0
UNFI_High_Iter 0,1.0,-0.28488199054353935,0.5870281306784254,-0.8860942971219243,0.8786777172634623,0.924276199819186,0.831957102914713,-0.7589376745939999,,-0.6153102512496338,-0.055929444312623845,0.4697307556468057,0.8761987784769307,0.3373497462521644,0.8020014870449619,3.2013289181139815e-16,0.9225283763035472,0.7347832012713715,-0.7220439789357227,-0.16124033634471643,0.7049540479663302,0.6770205837002771,-0.6027642956459145,0.5789878855818332,0.9091870727986613,0.8025372297564367,0.7485880470945614,-0.10965703325192716,,-0.8572831697565627,0.44403619122564514,0.9623494175113556,0.8963541264727577,0.33342141960993754,-0.8619380327374051,0.15944808673197122,-0.6302545836168791,-0.31774338570204497,0.8698647083180421,,0.917851964299725,0.926227388800535,0.8515771036613362,-0.28319279779081663,0.5819562407624748,0.9481226046846297,0.5821364407153304,-0.015113968499303135,0.6937698818719688,0.8428318117871412,0.4671679616172041,-0.1531135660743491,0.8205454623415339,0.8117571119513575,0.4377806797946086,0.3394520810277747,-0.1838515095658797,0.9162554271357269,,0.6937373285339764,0.16204902300703689,-0.6566077935473084,0.9523648642533258,0.43515965091023207,-0.474333693915166,,0.3508563590677439,-0.6186434935812123,0.6374980824881314,0.7680270555440007,0.8129578861449546,0.7812480281720275,0.6470762261595066,0.8163732003200133,0.8782015048127074,-0.6187488460365378,0.9169997860907194,0.6370607382440686,1.3404919155026238e-16,0.5903603604247324,0.9015488150197377,0.8709419919456399,0.9135775989613228,0.6869459071658014,-0.6221536740931873,0.7825570729929902,-0.7535192358748424,0.8449410610030478,0.4381205472939323,0.5989916525855891,-0.8169249994740333,0.9000919524468914,0.6715967385902698,0.629013563633053,0.8120714681097267,0.8918346521404352,0.8915345323143901,0.052571896514903765,0.8931020138633847,0.91916437518639
FHN_High_Iter 0,-0.28488199054353935,1.0,-0.20932276266971533,0.21296677439726733,-0.24987501600775605,-0.4611799346108569,-0.2667501836406551,0.1607876965920939,,0.34204597852694246,0.09593214858261638,0.08353789633388939,-0.05636543938468618,0.34528702866006283,-0.14358746602029102,3.755252209664702e-14,-0.22479170687281536,-0.14455625843092273,0.2624588889388004,-0.3079469966525881,0.10875034223322284,-0.5346381943068648,0.41031921696268986,0.06946818207730322,-0.17332976017154925,-0.4130187849431308,0.07276297270645911,-0.09066627224578633,,0.30339482395383033,-0.5887934241058402,-0.2926696993940813,-0.09470255438827081,-0.05667595061752249,0.5105606271856361,0.20393588449425906,0.5491632844269881,-0.4121832551246303,-0.34300844624403054,,-0.328505556350227,-0.3254609610998596,-0.35775722355878076,0.40460111201822324,0.13258221497459094,-0.2782908293494424,-0.06020714156918578,0.02448036794467843,-0.03282627791533671,0.09423624871832262,-0.24317035000416518,0.0734142087868527,-0.1830240758741411,-0.43961287437719176,0.3054303956715197,0.23517861757420713,-0.17100194390392565,-0.32651265816048863,,0.11354886462863131,-0.07403427671650191,0.1583013405145941,-0.3573400110427882,0.3670633673163399,0.2572667729760362,,-0.5964251038817803,0.21329152704637497,-0.10577969638278811,-0.3407585238089977,-0.3476913200464929,-0.33100976420257866,-0.28379046324119933,0.08804870791364335,-0.04215931091823113,0.5586601942286883,-0.4161066673579029,-0.3770690089375585,3.670365456811288e-14,0.21043353617061775,-0.12831860135364734,-0.20039375580969326,-0.1244201844846899,-0.041786546086644796,0.3139210455331484,-0.19321597073430677,0.35740152268731373,-0.06635835309298951,0.22357583606479525,-0.1591662654815105,0.178958237712439,-0.2982300589128847,-0.07503231229933037,0.12339795539015103,-0.5195819978427939,-0.47908883310605316,-0.16476254789876288,-0.14212754122007795,-0.2383766025343528,-0.2809118552291552
GEOS_High_Iter 0,0.5870281306784254,-0.20932276266971533,1.0,-0.4594772876833816,0.7645609567237779,0.6181852021926305,0.4654008922271463,-0.3314071388772142,,-0.4038009878274298,-0.130244505162127,0.32263809463996557,0.6262825673334779,0.33017693665637826,0.5090461144392779,1.4916867844455572e-14,0.5772097340039943,0.5955851027625214,-0.19050734140340142,0.016197707537568967,0.25496478015769136,0.7270213699468508,-0.11633689819321394,0.5789865111612595,0.5735974286517564,0.6283011013531713,0.48164546052325813,0.3388399116322477,,-0.48829690060500236,0.5857274997213152,0.6043573451729103,0.46378323208715844,-0.16756773180020795,-0.40088129419814156,0.4210040151754136,-0.4319615462428805,0.2322615575047759,0.6020935997573533,,0.7085985621630106,0.6623601141503009,0.54400620023643,-0.10786602619822766,-0.08753783475779839,0.5471456907575204,0.6757440925272732,0.00034637004826004535,0.3219987098728677,0.4952907881593152,0.5109314546047312,-0.014506641638376467,0.6030677669711996,0.7502553411576597,0.08492389398250508,0.16416509353272993,0.41380301188096746,0.4607595611472347,,0.2665255514325144,0.514697620542204,-0.26584651505074275,0.5661186701089721,0.021112077535615954,-0.39560519366121105,,0.5238227264230988,-0.19664600469309368,0.6879631121701628,0.2509486685409522,0.6545823630240165,0.5449892389919582,0.49647592107336797,0.4519215073097656,0.40842592951924267,-0.3771864305642759,0.5648159245170813,0.730659142727113,1.4795481134775794e-14,0.10892415757629519,0.5911543107733408,0.369511325598616,0.5600030623150982,0.26242007126368405,-0.1291517151030073,0.4336237104694306,-0.4439483305575813,0.6163934059750568,0.5565296785611048,0.18872402864360108,-0.32768635005732577,0.5294195083859574,0.12459183415843557,0.6419542492929821,0.534491087207284,0.6375937333804014,0.5135563622278225,-0.028070137291160886,0.44196799759051464,0.6143393750142025
XRX_High_Iter 0,-0.8860942971219243,0.21296677439726733,-0.4594772876833816,1.0,-0.7461061099365719,-0.8220159322276319,-0.7126225244728022,0.8868924511116181,,0.6236614226914369,0.049982144821019446,-0.45813143842799436,-0.7906194727352921,-0.2568874669846781,-0.8724614407709104,-7.655112834169472e-15,-0.9062460808837576,-0.7208554720367772,0.7772452460873374,0.32248889006994197,-0.6913042270880495,-0.544696207447208,0.49702224895386893,-0.6219313935311077,-0.8379087864141466,-0.5742778714345955,-0.706775823856951,0.1146211603849392,,0.862966754322888,-0.3686722627276369,-0.850848561965344,-0.7458910075882541,-0.36818073713397376,0.770126122389739,-0.31319125479531396,0.4849007020190618,0.2971565597464393,-0.7849255690528414,,-0.8542059086021352,-0.8079796539890909,-0.7592394054694661,0.12294040900562099,-0.5925506380901391,-0.861434728777763,-0.623130037511995,0.034521517576267445,-0.4810927229886997,-0.8092128129441413,-0.5503299172655839,0.4440494260772666,-0.7355043553682511,-0.739534119307533,-0.47470510813662675,-0.35397606287532707,0.18933611092395528,-0.8376268750526834,,-0.5291190188785289,-0.13006730326227842,0.6706639058197013,-0.850702786238345,-0.36593294062943293,0.4182491186591538,,-0.40040539576591155,0.5026578234895202,-0.6144329403606569,-0.7095113242661504,-0.686005957473646,-0.7733622625584954,-0.6636920416147024,-0.8013010565013826,-0.8209965572557267,0.5172393904821229,-0.7696883461716385,-0.560491706021938,-7.630071653463594e-15,-0.5132508211374778,-0.874695585309136,-0.80890418061693,-0.8172959577169735,-0.5475288832937757,0.6608155431362123,-0.5599826862075566,0.6056370897556392,-0.7641748407304847,-0.4603555255755621,-0.48401237072666453,0.8359938713202417,-0.8259654046605376,-0.5426300341254738,-0.6582015958076561,-0.5933389983976481,-0.7287719167860518,-0.773839557684677,-0.05483379492638306,-0.7125194060003358,-0.8431360398704779
GS_High_Iter 0,0.8786777172634623,-0.24987501600775605,0.7645609567237779,-0.7461061099365719,1.0,0.8369574828695434,0.7055063703267249,-0.5469391888363507,,-0.6087692090524806,-0.10668349856812635,0.3459198083885368,0.9019976578681617,0.46364612018989865,0.7437575950794795,-1.1997006984319997e-15,0.820780245822483,0.7769685605094344,-0.4482742306250585,-0.07530951398381576,0.5298217042465975,0.7481745261246924,-0.38225057087570175,0.6108656263428394,0.8396939101824185,0.8220007696511035,0.6772071308793337,0.12501734051931634,,-0.7329135557539777,0.5589711198857071,0.8707104533119246,0.8106007170899133,0.013671060918584972,-0.6618454031407011,0.3461411415493663,-0.5511429118536215,-0.06286910252483768,0.8164257999810693,,0.9016875496707973,0.8694338571041734,0.8176654095442971,-0.2357988552282895,0.2572757277822114,0.8316883718941394,0.694294838629135,-0.013375426661168479,0.6716237761401379,0.7885841235798406,0.5448550035651847,-0.0790036898408401,0.8076715283149485,0.8824980202939132,0.28951275591620923,0.29700562393304597,0.17015327273928282,0.7198127106433401,,0.534188752869452,0.31827681149499204,-0.5346708874054927,0.8231653993770565,0.3033700370597827,-0.5964098375505321,,0.43904832062798527,-0.47457252435065295,0.7769257453548446,0.5206509034588116,0.8426025418492264,0.7024488640389741,0.6028142155062791,0.7187671164840866,0.702236413963284,-0.5597148182683914,0.8297283904121507,0.7893066196958406,-1.2887316340833675e-15,0.4358271118672975,0.845270176041177,0.6342542324972644,0.8158986500098686,0.5227583924137845,-0.4306510037797809,0.7123406270468509,-0.657783536531109,0.869512626692476,0.6300374317994083,0.4057152412941857,-0.61355047932012,0.8032540550251788,0.4023076981681949,0.7158166579465731,0.7287409014263613,0.8826892573343493,0.7619753635533898,0.027554963529143627,0.7717349546342981,0.859087684582375
ACHC_High_Iter 0,0.924276199819186,-0.4611799346108569,0.6181852021926305,-0.8220159322276319,0.8369574828695434,1.0,0.8968700517707651,-0.7258021927161301,,-0.5397681208602644,-0.09270288336838588,0.3058703240782947,0.8094648281741635,0.22271013251888264,0.8022376955222328,2.6082347763209757e-15,0.8440612637233711,0.6441206548086581,-0.6332223656152064,0.030170563668606206,0.4825651650758561,0.797767366506251,-0.5707944289284002,0.43201959459034384,0.8712634511904084,0.821515434441847,0.5620742548980824,-0.025635591164574572,,-0.7739062419294475,0.6426135445692998,0.9176796779299784,0.7468194121379529,0.23027067003057067,-0.882399628573357,0.19822779280805713,-0.7659417285364531,-0.09969215327459349,0.8624879218373126,,0.8905852407093181,0.9119765161084388,0.8878848681396169,-0.2434598727728684,0.43437838254015887,0.8701416208994883,0.6258187358786752,-0.03200834777699905,0.5768599070164154,0.6617265939430899,0.53213501551163,-0.20849076448451165,0.7566982312250494,0.9040357803096064,0.18837317044121166,0.24924750582752098,-0.06146484572384868,0.8378211277519062,,0.5477662186714551,0.3557451974479493,-0.455092163468084,0.9461501791185113,0.1695999389627061,-0.4291769481891285,,0.5763583700192263,-0.5161997440928956,0.6447370517740348,0.7330054438304068,0.8492346078064825,0.8838676806556082,0.7534938209294629,0.6471435199480094,0.7644062473686298,-0.7693308167871475,0.9359115450206066,0.7102808580656834,2.4259718202598416e-15,0.3449402618609715,0.8000883440403274,0.8600563418673498,0.7992567471566435,0.5403326506205594,-0.5968586702150075,0.6282479493519386,-0.8124345821871191,0.7603022015688308,0.3021927227023319,0.4821125795417964,-0.7820834365698557,0.8334905071849316,0.5472422422845811,0.5871992497917621,0.8524226627588883,0.9196315465761975,0.7798267943988851,0.09291687024872058,0.811465510764305,0.8586291938545935
JACK_High_Iter 0,0.831957102914713,-0.2667501836406551,0.4654008922271463,-0.7126225244728022,0.7055063703267249,0.8968700517707651,1.0,-0.6415610515594803,,-0.31943532664414975,-0.05396003578993226,0.24768853979123248,0.7147591132865293,0.2090340938580306,0.7243565428881017,-2.3993422974463494e-16,0.7018385789151181,0.560274435546601,-0.5342127048522372,-0.051862785684118555,0.42472754397557977,0.613253779357994,-0.6095076160406645,0.2479239085618449,0.7826862283552162,0.7469579180374227,0.4184748594970196,-0.050712292276684445,,-0.5534073874766559,0.47461248555318675,0.8085155234851524,0.6940790684287396,0.18133282610429202,-0.8266467007748529,0.14846850793472233,-0.6934244122959605,-0.24080924974824636,0.7378915307482516,,0.7220261040198651,0.8128160970369958,0.8350528857469188,-0.2908871939872126,0.4646639922248274,0.7574828686285532,0.46480724454037453,-0.026325049574685136,0.5925663442578296,0.553277947769816,0.4193502616417649,-0.06291821972239015,0.60932039654891,0.7622639503908287,0.16038023496052567,0.2671763132413154,-0.2454037197126922,0.7701264330411739,,0.6195504298517495,0.3445665704374745,-0.2241855952424301,0.862858084729843,0.2780170906396751,-0.37499247193730045,,0.4015475480305678,-0.4544851255032022,0.5495457177928746,0.6564098453505915,0.6889621081913099,0.7827553061093742,0.7143201656448401,0.575327329603425,0.7476373360647387,-0.7588592769145923,0.8293323688576929,0.49178088444772416,-2.0434202060254075e-15,0.3349613295177008,0.6592228887861905,0.8960599423696023,0.7026906918527944,0.5855329629646193,-0.4375637718404316,0.5167769266161351,-0.7469603118950184,0.7189588577750103,0.14942237994138194,0.339719553471958,-0.6789179517245933,0.7047703354500379,0.5750398952110124,0.5139280659302545,0.7910476876437397,0.7979623739301324,0.6908001178557867,0.09888795940962959,0.788928974478978,0.7383512043668671
MTB_High_Iter 0,-0.7589376745939999,0.1607876965920939,-0.3314071388772142,0.8868924511116181,-0.5469391888363507,-0.7258021927161301,-0.6415610515594803,1.0,,0.4623757687094025,0.021314464128057115,-0.48922333481958874,-0.6727439715679561,-0.22461260841423797,-0.7977656090795466,-1.7381848999584772e-15,-0.8208705446146078,-0.6267063762715646,0.8481540279885493,0.27439647313167126,-0.716284326058066,-0.4191379365570841,0.45954681695996935,-0.6104062994429623,-0.7024619467398737,-0.4397071472165854,-0.6415752436222302,0.1977025606259408,,0.7985221873619264,-0.2987245292887555,-0.7764789797518898,-0.5934108638428263,-0.47362017200117756,0.7132774725470068,-0.24780077109645351,0.3815776927572406,0.2929398346036256,-0.7329293304076845,,-0.7054508771876563,-0.6664257115145265,-0.5827134614730081,0.02271994298988081,-0.6712124997214125,-0.7868854084856566,-0.5908336058308766,0.06449628321024976,-0.3222987682987077,-0.7118069699266545,-0.4991731207837953,0.49414563202236256,-0.6663027574706657,-0.583944559619054,-0.5473237299594473,-0.38162930214021007,0.3057062966988193,-0.7921764445708595,,-0.4378469127991991,-0.0597804901623258,0.6165395290617888,-0.7825023692556533,-0.3369696851288761,0.12326361813759891,,-0.29059620509062345,0.49999003635764494,-0.5268616031410739,-0.6971529512609872,-0.5924977885975009,-0.754409294375901,-0.5208410854215934,-0.7684825754643362,-0.7448518527980634,0.3659067461219507,-0.6984092519777889,-0.45520969614166434,3.393590436444626e-15,-0.4865814582388132,-0.7756953653009316,-0.7646390710961434,-0.7430353708066857,-0.49315752738699403,0.6330109153086226,-0.4416963492076895,0.504389377333728,-0.6085705382745682,-0.3682528884485613,-0.5456505418251868,0.7614068985392864,-0.7806114031349064,-0.5724382243522049,-0.5377652040738992,-0.5079033683636575,-0.5710484683331125,-0.7294886014035401,-0.04178399617817382,-0.5847603441956688,-0.7497723523936922
OMI_High_Iter 0,,,,,,,,,,,,,,,,,,,,,,,,,,,,,,,,,,,,,,,,,,,,,,,,,,,,,,,,,,,,,,,,,,,,,,,,,,,,,,,,,,,,,,,,,,,,,,,,,,,,
SSD_High_Iter 0,-0.6153102512496338,0.34204597852694246,-0.4038009878274298,0.6236614226914369,-0.6087692090524806,-0.5397681208602644,-0.31943532664414975,0.4623757687094025,,1.0,0.06674270612471524,-0.3652450925262697,-0.5532734106169226,-0.23179846538530283,-0.5242707395353424,-1.432887308132765e-14,-0.6220249472373187,-0.5684632430042261,0.49600034235954665,0.1295146220137622,-0.45480775530456685,-0.5117520946233216,0.5064066806509148,-0.4713766237029912,-0.577721210183731,-0.569902960956665,-0.5055979702845435,0.11455416672854242,,0.679037205853988,-0.38930282102394426,-0.5702494734925171,-0.5972840360722537,-0.2109251158328673,0.5590534764169777,-0.09513404798374062,0.4276453123897274,0.19581985070006871,-0.6038920359526339,,-0.6522132397527126,-0.6088683993581497,-0.5090151155080359,0.36679245084993634,-0.39219761495607786,-0.6661695481919159,-0.2769880259851866,0.006342343568973677,-0.45123246210931955,-0.601979001746223,-0.3679857162021193,0.26178425376531267,-0.586866664068245,-0.538125113968231,-0.3264010878985717,0.01234659113058637,0.06896122685782122,-0.6359480401683194,,-0.3531290860237425,0.19652098047507743,0.6739678857189234,-0.5418050444346134,-0.22901654730954504,0.5464734811689435,,-0.2969030758601638,0.4342168694596347,-0.44406266000560174,-0.46525788014233965,-0.501171470163628,-0.3562209278927493,-0.324421427234273,-0.516962479164365,-0.5039901109307575,0.4043428416593885,-0.5220775732183726,-0.5095299592112248,-1.438666691394089e-14,-0.3681094314370307,-0.6409434203972164,-0.32528454439486254,-0.5781213502639719,-0.4386709797437482,0.5789120523321581,-0.597774084923601,0.4304443101995727,-0.5839669959544774,-0.3074122891699515,-0.29357887011000683,0.47418674428097607,-0.6528258590085732,-0.25910495771280434,-0.3326734939567679,-0.4890203091647688,-0.6192511744716714,-0.5610702915937859,-0.01866269527802128,-0.6012224362361465,-0.6897537725212539
ROCK_High_Iter 0,-0.055929444312623845,0.09593214858261638,-0.130244505162127,0.049982144821019446,-0.10668349856812635,-0.09270288336838588,-0.05396003578993226,0.021314464128057115,,0.06674270612471524,1.0,0.05789865467895854,-0.06822224301418188,-0.027636586597818803,-0.054215274658361144,-1.5256926060806955e-14,-0.03626059448496501,-0.05001447572009158,-0.025206175809875893,-0.01380966690547594,0.08147577403044946,-0.12382526538320454,-0.01737404804651252,-0.01975045603061132,-0.06355122360855633,-0.0764962331029547,0.02073008851257886,-0.11755759887648565,,0.028337071146509515,-0.1433333094380081,-0.04810616554507299,-0.020909296444317934,0.12778941598189483,0.04232164601561187,-0.08377336591770478,0.08936578656407161,-0.1304928565746259,-0.05267000185221465,,-0.08464934138461248,-0.0711156024006171,-0.11230089661069573,0.03652724561475646,0.11202241658374282,-0.01876546412044613,-0.09164144204248331,-0.010072787050317361,0.015290052391672955,-0.004951277756872854,-0.11392421224734833,-0.001167775550938147,-0.041340931148035526,-0.1350845101961192,0.1076665497578758,0.0335385968635131,-0.12955710792895736,-0.007943872640903325,,0.04269431577563354,-0.10031824569865333,-0.0007717901621172811,-0.046373283120530705,0.11363944832658902,0.09621570821696364,,-0.15484926146440378,-0.01763952286971054,-0.08950053175893505,0.022356300008801837,-0.08631331887675082,-0.07288258619129015,-0.07869915034977364,0.021341088527837452,-0.004058990312328425,0.14173555818645442,-0.06553412606011197,-0.13172530555476505,-1.5596000238814997e-14,0.09976300617818595,-0.036328478825370505,-0.010183529328997205,-0.017346610571823913,0.07241939046395737,0.003822619431202339,-0.03584676970117154,0.0719671808096881,-0.05304734337325964,-0.062261622550370224,0.0959152408497485,-0.00016480630900353685,-0.03040816388611102,0.05265580435781129,-0.04711632199119266,-0.0752446153374947,-0.09980399841844677,0.014763992141203082,-0.010072787050317252,-0.02494876390553608,-0.034924297433614526
LM_High_Iter 0,0.4697307556468057,0.08353789633388939,0.32263809463996557,-0.45813143842799436,0.3459198083885368,0.3058703240782947,0.24768853979123248,-0.48922333481958874,,-0.3652450925262697,0.05789865467895854,1.0,0.4194562380984544,0.35890929464936283,0.4428093081809792,-1.0527101845590207e-15,0.5677611349321157,0.5575404221628385,-0.5119569506442069,-0.2889824609846642,0.7024164878795227,0.17802295221249925,-0.2753418284627284,0.6560790759214257,0.3750764748790808,0.29139524041484455,0.6410357415757089,-0.16049265496907486,,-0.5256091704131822,0.007307687542222519,0.48190467140725285,0.48553171701223163,0.46990449256014527,-0.32253272097871133,0.04981460715322188,-0.0812811872520844,-0.4278858827394836,0.4268332869940875,,0.443904986716254,0.4804175153547394,0.1877206618732708,-0.15065186408991518,0.48216079703064546,0.5577661973785768,0.2660395723302486,0.004514253236824887,0.36824671747018395,0.606994235792649,0.3000678223035643,-0.09666194937984668,0.4469248117351214,0.14885499075664382,0.7113380499908353,0.37897390602659264,-0.32603893250709753,0.5905997235440079,,0.3881815208983322,-0.17699113199222857,-0.5673262946378842,0.44210172986335616,0.5660868937388399,-0.034848425421293225,,-0.09586974216556624,-0.3815665536043805,0.3810326499967752,0.4784028406146445,0.26903003228897027,0.24434454725565935,0.08639096380248593,0.6486389092375152,0.574725638649115,0.12112590952775244,0.29615274534295444,0.18708682522764256,-2.8996727193494942e-15,0.5043671136145268,0.52835005409253,0.40335849480361347,0.5077599648906975,0.4402933174379508,-0.2649982748957228,0.4246339851986374,-0.07295676764543083,0.3708854647919064,0.30875086307997107,0.4701973347441715,-0.3126344455331908,0.581961727929304,0.39979021465273423,0.32365630402639545,0.26202028522656645,0.27301174310862025,0.6022374136005232,0.004533698620111046,0.38233032695267344,0.5412742321967283
CTAS_High_Iter 0,0.8761987784769307,-0.05636543938468618,0.6262825673334779,-0.7906194727352921,0.9019976578681617,0.8094648281741635,0.7147591132865293,-0.6727439715679561,,-0.5532734106169226,-0.06822224301418188,0.4194562380984544,1.0,0.5975670708027264,0.785103824560723,-6.350443542997103e-15,0.8423433595342592,0.726248953497,-0.5475068662311009,-0.029427041357322645,0.6584602331462018,0.6574636557844321,-0.4072329508219585,0.6410754264229753,0.8780293481727325,0.7706573812005642,0.7667927134029354,-0.12112334833512743,,-0.7684000408531143,0.47743555360424494,0.887659606454124,0.8426531688693938,0.12393598294159269,-0.6594199745633651,0.39757263217757877,-0.47287532825864037,-0.2723611713795215,0.8735329908479448,,0.8399881402336208,0.8162992357592437,0.744651027717424,-0.1355923261711728,0.49087432436751943,0.8778431748044049,0.7042983522616444,-0.02890251036849703,0.713217066785678,0.8759778880244838,0.5230138397582121,-0.12380243724363997,0.9019757788228493,0.7775558197761699,0.48022964027584103,0.36925984800670464,-0.025827767209837565,0.756637875894007,,0.6238741490879401,0.21540896822637554,-0.5483235962550358,0.8644855823336365,0.4928750231527269,-0.4523823670205502,,0.2296740695372286,-0.585944084603629,0.7994917461656975,0.5516655103593641,0.8596497140403978,0.7536985785632125,0.5347390475904675,0.8563202306072215,0.7811093133491991,-0.4230585023861793,0.8353743529724676,0.730180483230193,-6.790815900676062e-15,0.5812782470987329,0.8927981302892327,0.6915782168186138,0.8712999066756556,0.6253473773253543,-0.4550485602840118,0.7282683135561003,-0.6701557607453057,0.8654460969658033,0.6680216227056108,0.4544935113208239,-0.7167728455882749,0.8662601346867135,0.5028253523357903,0.6787745098901847,0.6684105192848855,0.8351579369157167,0.842864598092868,0.023518501514358164,0.8011871003161853,0.8758565173033576
ZBRA_High_Iter 0,0.3373497462521644,0.34528702866006283,0.33017693665637826,-0.2568874669846781,0.46364612018989865,0.22271013251888264,0.2090340938580306,-0.22461260841423797,,-0.23179846538530283,-0.027636586597818803,0.35890929464936283,0.5975670708027264,1.0,0.3870378649179288,-2.542363152072205e-14,0.42247889205836764,0.5310883502750606,-0.01759239181672431,-0.02540778860801446,0.5011435474482007,0.2004582620212207,0.011317304735485617,0.5472837476006326,0.2886957982350569,0.2789063331457667,0.46437230431438375,-0.0936150851592801,,-0.36482516545169347,0.04276978429906942,0.38152841083464945,0.4057649010872705,0.06789184451179686,-0.11122771779142686,0.2146884627504341,0.20072565920881175,-0.3303104077007038,0.3207674086653298,,0.35332977074894556,0.37073763344848465,0.18732820301935205,0.1694309742386419,0.2587781361477629,0.4143634533368382,0.48026425948275864,-0.012531791574073206,0.4606463489437757,0.611512388188549,0.1771053608239911,0.1264955754011404,0.4567417814954609,0.2142006079111911,0.5958574776549724,0.5615410001401363,-0.07508530699896235,0.2702934372379664,,0.28036008539172386,0.09438557875669094,-0.2270709083915241,0.2855628550968587,0.5774571013069657,-0.07664994853680958,,-0.17601588223602022,-0.27196541788326595,0.5394267334168737,0.14579393830597703,0.3265292093267736,0.21143537041204283,-0.0415899678609486,0.6443227772887128,0.4994705023112444,0.09353586760264788,0.2601013022575306,0.3415372634134225,-2.534932249815209e-14,0.4107553327963287,0.4776321704624988,0.1919573880066199,0.44293039747894347,0.22180045335514756,-0.035448770489205,0.35975759662849255,0.006453301057428743,0.499860109061737,0.6433600990014839,0.2581181734801019,-0.13910040533546347,0.4690077684010293,0.16358979868578433,0.49918832159424387,0.11815974195293932,0.2537632013356806,0.4088384374397901,-0.04389987665164563,0.31940423303722665,0.4597557442697721
OPY_High_Iter 0,0.8020014870449619,-0.14358746602029102,0.5090461144392779,-0.8724614407709104,0.7437575950794795,0.8022376955222328,0.7243565428881017,-0.7977656090795466,,-0.5242707395353424,-0.054215274658361144,0.4428093081809792,0.785103824560723,0.3870378649179288,1.0,-1.6575690709269672e-15,0.8561895673475259,0.7582205139005032,-0.5725035611779609,-0.24489023250560157,0.5751168239592411,0.5494452664309631,-0.29884044392830483,0.6480871036684244,0.8117223152633725,0.5428789723410894,0.623093530124881,0.06554532025798726,,-0.7571240118291834,0.4730969728387379,0.793954203914878,0.6159440590648706,0.2984546099901133,-0.6575730241796303,0.44599404758777533,-0.445727103649774,-0.2257797815171421,0.7110315399958869,,0.8519793613364071,0.8348800990302164,0.7958637262167639,0.07051806544672089,0.46536999203319773,0.7557901383799679,0.7706720201086426,-0.07430953408433716,0.42986506344514935,0.763114721310026,0.6619163799269312,-0.5321821809034702,0.6157644594916315,0.7719211577697617,0.410673840736507,0.45746483680942507,-0.0628308839419081,0.704511128249984,,0.39874642933489285,0.3543786733776409,-0.4786380346473327,0.7665061180304468,0.2517468097778959,-0.3307045129440626,,0.5105984743601366,-0.2716650689900554,0.6920804325148293,0.6149040166400134,0.6690143423630528,0.839430489217803,0.7217015914182209,0.7322270381285821,0.7546224263651442,-0.4984369438141553,0.6860118029470461,0.6419823898727168,2.0201116274048217e-15,0.3439481558388704,0.8322957850164983,0.7473694842562881,0.7056808629066194,0.391596743516698,-0.6320559084012736,0.3993596206431757,-0.5297747563094667,0.7396132829378921,0.47121133297124135,0.39149986143679677,-0.7049251615704121,0.7445768520141802,0.35653194203501276,0.7596964439524302,0.477740857108519,0.6605195079160847,0.6504547852045015,0.02874883572428183,0.5964705981640929,0.7696655811142058
BRO_High_Iter 0,3.2013289181139815e-16,3.755252209664702e-14,1.4916867844455572e-14,-7.655112834169472e-15,-1.1997006984319997e-15,2.6082347763209757e-15,-2.3993422974463494e-16,-1.7381848999584772e-15,,-1.432887308132765e-14,-1.5256926060806955e-14,-1.0527101845590207e-15,-6.350443542997103e-15,-2.542363152072205e-14,-1.6575690709269672e-15,1.0,-4.746432009735761e-15,-2.209495195933387e-14,2.261519656487203e-15,-2.9326974580719145e-15,-2.3893474159057686e-15,4.852054584841352e-15,3.464317861408419e-15,-1.7666399047800462e-14,8.42489131551213e-15,-8.581782455993037e-15,3.3306158726724003e-16,-1.7668549705924306e-15,,-1.7655832078159287e-15,-8.845725355113576e-15,1.0784350367734908e-14,1.3076569664045019e-14,-1.8705307156240294e-14,-2.7234637251877765e-15,-7.871586016069976e-15,2.1704808314857795e-17,-2.3109180870886655e-15,-5.345658087606192e-16,,-1.520403588229334e-14,3.423785555546755e-15,5.810508180508297e-15,-3.43392689881343e-15,-1.1585261902609447e-14,5.5615421234994434e-15,2.6905987181520655e-15,-6.434347329231844e-14,-1.7896602478997027e-15,-8.77554317661362e-15,6.417963511858486e-15,3.142515670404583e-14,-3.716367863905311e-15,3.1693972190170966e-15,4.685613341116643e-15,-1.9076129635882094e-14,5.3392947110260934e-15,4.688174559222346e-15,,6.03934725965106e-15,2.10698180419922e-14,-6.308645484020975e-15,-5.1837535116581454e-15,1.6436807378224546e-14,9.372577731027159e-15,,-3.117290857608004e-15,-2.0131500679047207e-15,1.183749063470277e-15,2.248804508054879e-15,1.1543737111932982e-14,1.4768524011557532e-14,-3.600809762881363e-15,-7.146099329234739e-15,-2.7736600589743926e-15,-8.310958485739784e-15,1.0609575741842526e-14,2.844904715830957e-16,1.0,-7.295870689874831e-14,1.558754690050591e-14,-5.671727493096373e-16,1.7849440984608018e-14,-9.36871748989865e-15,1.5966631771276995e-14,-3.849744954848185e-15,2.5158884045742662e-15,-9.852884510321048e-15,2.175815251855625e-14,-8.195567245045602e-15,-3.0414052688811845e-15,7.525348142046708e-15,2.3488932991338453e-15,1.2735386542141392e-14,8.710083864109444e-15,-8.07747663549401e-15,4.340507191440504e-15,5.41904810288121e-14,1.5774406388727106e-15,9.637478190312113e-16
BSET_High_Iter 0,0.9225283763035472,-0.22479170687281536,0.5772097340039943,-0.9062460808837576,0.820780245822483,0.8440612637233711,0.7018385789151181,-0.8208705446146078,,-0.6220249472373187,-0.03626059448496501,0.5677611349321157,0.8423433595342592,0.42247889205836764,0.8561895673475259,-4.746432009735761e-15,1.0,0.824278688374854,-0.7136454284337005,-0.237031055525545,0.7785277005820012,0.6229020592507194,-0.4764826364554516,0.7274534294263834,0.8305962059713562,0.6773604161214258,0.7942011053267849,-0.06005440762188682,,-0.9049848467567431,0.40541906216211776,0.9203946360937778,0.8036467331417021,0.4330817993920737,-0.7862510717950301,0.21128331761469435,-0.44248925368816094,-0.29064091132857334,0.802606283728841,,0.9157593901111782,0.8919080101595854,0.7572482306796994,-0.11367087544745531,0.583254111790189,0.9180116910891224,0.6847650752261377,-0.026735485412241543,0.5649077575555816,0.8828098312046881,0.5127352980196618,-0.2998460895967385,0.7776772762603169,0.7537685391618416,0.5782270755628983,0.4763133037667874,-0.16387181058244676,0.875888526684522,,0.5651539444593768,0.16209741930906424,-0.6759076026940376,0.8795257331417948,0.4460847108941945,-0.38596124757175493,,0.3673649232934413,-0.5436580980263964,0.6854195450070912,0.7861100269533208,0.745616459385738,0.7561974277602285,0.5855869490665191,0.877583965542533,0.8932937709921898,-0.47138376447949365,0.8195500095024119,0.6317386479644673,-3.3876294398517307e-15,0.5606055441388662,0.9362837556173923,0.7914106483522932,0.8885327940555616,0.5862653481446931,-0.6129229119896626,0.6793131658971782,-0.570961493893183,0.8061905122099724,0.5395925472161659,0.6553387802447594,-0.765996459012818,0.9020039525249104,0.6137330838566732,0.732142324454025,0.654354748186562,0.7711984312956449,0.8558671218937104,0.034412715858734795,0.7599039770804918,0.9081050664891062
APH_High_Iter 0,0.7347832012713715,-0.14455625843092273,0.5955851027625214,-0.7208554720367772,0.7769685605094344,0.6441206548086581,0.560274435546601,-0.6267063762715646,,-0.5684632430042261,-0.05001447572009158,0.5575404221628385,0.726248953497,0.5310883502750606,0.7582205139005032,-2.209495195933387e-14,0.824278688374854,1.0,-0.4884146390885486,-0.34823750999119146,0.689752493777878,0.5327216196142365,-0.3753375136037233,0.7202506505516434,0.60908954684271,0.5988462686225179,0.6239210218752331,0.10998236672327284,,-0.6921315292286631,0.3602736408255392,0.7489775357151994,0.6457079326685492,0.23628058360901252,-0.5926266883328419,0.2333007956415031,-0.23289825000989708,-0.1617856530674707,0.6600028080722395,,0.7789237437857852,0.7599428241913015,0.6022386266366418,-0.159464269799795,0.3373418524925417,0.7640064688984038,0.6560801808679649,-0.026736647044691572,0.5100457283044484,0.7531556202688123,0.5420360972553331,-0.1725159495736439,0.6379187770498909,0.6289755428083139,0.5727046797984084,0.4725383768371322,-0.04513240057281435,0.718055701344975,,0.36670216084606294,0.10267443881120665,-0.5238621505398205,0.6801507672565138,0.44611950296256564,-0.3607984047501731,,0.34786794440553076,-0.423518437607645,0.7212557136291118,0.5335916644428972,0.581358974956226,0.5502057595196889,0.40398663705680116,0.7759276788062102,0.7254436526200908,-0.3383025485758237,0.6129874994833,0.5670027412426896,-2.2820948415677197e-14,0.41657204254410074,0.8131037311540135,0.5374640204669051,0.7250245923231353,0.4450699778546727,-0.40923954353828107,0.5362035869335317,-0.29345197795040207,0.7129731078858093,0.5899072291908997,0.46733806076454804,-0.3922189265114729,0.7755143208310842,0.4254812019184713,0.7280653457113293,0.5026240119303339,0.6188133605353726,0.6738847084093124,-0.04942949929526779,0.5783108906021994,0.7983676815648237
BCRX_High_Iter 0,-0.7220439789357227,0.2624588889388004,-0.19050734140340142,0.7772452460873374,-0.4482742306250585,-0.6332223656152064,-0.5342127048522372,0.8481540279885493,,0.49600034235954665,-0.025206175809875893,-0.5119569506442069,-0.5475068662311009,-0.01759239181672431,-0.5725035611779609,2.261519656487203e-15,-0.7136454284337005,-0.4884146390885486,1.0,0.2373702693278557,-0.7048407604836078,-0.3126307887410598,0.5910714727068842,-0.5011291771810141,-0.6367598925897094,-0.44190939049284755,-0.6012122224942632,0.31186547114600577,,0.7565287214357054,-0.19004515576617834,-0.7204552702804843,-0.6254379924534244,-0.5322200945635718,0.7082897135092664,-0.0013301462017736197,0.4441294494937512,0.3217180571644671,-0.7001664622824076,,-0.5915166062896059,-0.5716432685733145,-0.48375046976161135,0.243536906294487,-0.7051927582435168,-0.7641914715613981,-0.28494922694196784,0.039675943389749675,-0.37623379496838466,-0.6193215077943935,-0.33432458133954673,0.325980841187956,-0.6354762607932982,-0.44709335851483306,-0.5368126465626281,-0.20552763905323077,0.3903862330693688,-0.8075594075807647,,-0.49288010745879574,0.20059117279193175,0.7415362510515607,-0.7366530497820927,-0.3799257306348706,0.13903522804484494,,-0.14941682118895908,0.638156086388646,-0.3288982231867897,-0.730260624325724,-0.5073138752191907,-0.5647081619963432,-0.3821094460762003,-0.6739245109330769,-0.6435953656208514,0.2934293944716103,-0.6706275073732201,-0.3207121299455809,2.659695990983992e-15,-0.5746165607869245,-0.6673553462308872,-0.6997413111440235,-0.7012234827889415,-0.6131704509745786,0.6268498528750457,-0.554572514750019,0.5120302430815654,-0.49811631494495345,-0.20622177362136196,-0.6141903591842679,0.7425986361601706,-0.740726785346815,-0.6750909164244606,-0.2807721578451226,-0.5683532635645203,-0.5704666117272581,-0.7589860809458945,-0.054777216407609124,-0.610381252990264,-0.6645238160277489
RHI_High_Iter 0,-0.16124033634471643,-0.3079469966525881,0.016197707537568967,0.32248889006994197,-0.07530951398381576,0.030170563668606206,-0.051862785684118555,0.27439647313167126,,0.1295146220137622,-0.01380966690547594,-0.2889824609846642,-0.029427041357322645,-0.02540778860801446,-0.24489023250560157,-2.9326974580719145e-15,-0.237031055525545,-0.34823750999119146,0.2373702693278557,1.0,-0.4274963535125934,0.29190939502773167,0.022711692853455995,-0.2614106499187921,-0.10472493036236312,0.18925874948357357,-0.27136166275711243,-0.1300296815436461,,0.14939564367337999,0.43909760516982976,-0.0793546446519454,-0.18304012555020188,-0.19373803952660676,0.031448641333805344,-0.025337599104524173,-0.21677750951489963,0.3550809543154067,0.0796493270461486,,-0.14435807517520804,-0.11525789670011168,-0.04727381587699284,-0.017270992628437013,-0.20702390487602165,-0.07902888960359516,-0.12056272698258794,-0.015358799336348603,0.016352396616430377,-0.3138955755943527,0.03142407901907231,0.22933479036303622,0.1060390674642054,0.04891682423628707,-0.37288396705467813,-0.2906462466634153,0.26000944666073017,-0.16964168377303152,,-0.21777607691200926,0.15497075234195712,0.2671840921956922,-0.020464152024731518,-0.2656001234612059,0.14096053329128033,,0.07475518161249009,-0.0923566950560091,-0.02225230284267151,-0.11099324407124486,0.2076325641973682,0.056388561516623865,-0.08538492294507392,-0.23768832268056692,-0.3153957803035904,-0.09497666266172176,0.09090106980092749,0.21857695072374297,-3.1648247766077935e-15,-0.2525977705075717,-0.20751184110781978,-0.19022592993976364,-0.1802079155008431,-0.14060041684347432,0.18450757835693976,-0.0017932372557288884,-0.14246480187382085,-0.17035331316172223,-0.12317814294574544,-0.1442202411292071,0.08284720588600719,-0.053591807904479836,-0.2541561703593638,-0.32209840580950133,0.1881140649212443,0.15373898316193088,-0.12242775753948489,0.04261431338663271,-0.02620609458597554,-0.07165802563627431
PTEN_High_Iter 0,0.7049540479663302,0.10875034223322284,0.25496478015769136,-0.6913042270880495,0.5298217042465975,0.4825651650758561,0.42472754397557977,-0.716284326058066,,-0.45480775530456685,0.08147577403044946,0.7024164878795227,0.6584602331462018,0.5011435474482007,0.5751168239592411,-2.3893474159057686e-15,0.7785277005820012,0.689752493777878,-0.7048407604836078,-0.4274963535125934,1.0,0.18531835578391181,-0.44443885530759075,0.6698985942191077,0.5763515369724193,0.41473103351759966,0.8078739151715636,-0.3533060692696019,,-0.7501073710008491,-0.09483170140716976,0.7236878619967531,0.7553156713238072,0.6212639413020599,-0.5566669967358508,-0.06474610599992256,-0.08530195293150894,-0.628117958198857,0.5752711193325859,,0.5870855983470605,0.5992031239534789,0.3565530760234608,-0.13320021248818747,0.7568072980121057,0.7731020059445771,0.4123762138500431,0.016463169722039164,0.5770608051369519,0.8747129847501892,0.13048392328851718,-0.09525964733646947,0.6378145779820963,0.2863800870642506,0.8955541305109627,0.5731428596622524,-0.5042307425407342,0.7750968204275964,,0.6722266283540427,-0.24739895608684126,-0.7361564344101802,0.6527147107027937,0.7607818753820107,-0.17338874877614519,,-0.16919444987826357,-0.6211692977073852,0.42642572361570064,0.6677216846907138,0.4170312970649303,0.402768224862429,0.1533782787931079,0.8815574317292986,0.8429775950634739,-0.0038744609514249854,0.5655439456090295,0.21100226527965282,-2.5285004575882064e-15,0.8142649533833873,0.7677482384963881,0.6157093319265079,0.8002864740345957,0.670338839580016,-0.4765500285127892,0.6687766391630998,-0.30796301971978296,0.5948528984046955,0.44470975874555213,0.7844422395121974,-0.5717581905268592,0.776860889555272,0.7554072706052535,0.4807354867488042,0.36552637722457737,0.42400954819003084,0.8295428306869361,-0.04398893743288417,0.618234993671151,0.7029604658451936
