,UNFI_High_Iter 6,FHN_High_Iter 6,GEOS_High_Iter 6,XRX_High_Iter 6,GS_High_Iter 6,ACHC_High_Iter 6,JACK_High_Iter 6,MTB_High_Iter 6,OMI_High_Iter 6,SSD_High_Iter 6,ROCK_High_Iter 6,LM_High_Iter 6,CTAS_High_Iter 6,ZBRA_High_Iter 6,OPY_High_Iter 6,BRO_High_Iter 6,BSET_High_Iter 6,APH_High_Iter 6,BCRX_High_Iter 6,RHI_High_Iter 6,PTEN_High_Iter 6,JOUT_High_Iter 6,CTS_High_Iter 6,SUP_High_Iter 6,HIBB_High_Iter 6,HD_High_Iter 6,HE_High_Iter 6,PLAB_High_Iter 6,PEP_High_Iter 6,INTC_High_Iter 6,SWM_High_Iter 6,AFG_High_Iter 6,MAC_High_Iter 6,OGE_High_Iter 6,DSPG_High_Iter 6,NLS_High_Iter 6,SFE_High_Iter 6,CTIC_High_Iter 6,CLX_High_Iter 6,CSU_High_Iter 6,PII_High_Iter 6,LECO_High_Iter 6,UNP_High_Iter 6,SEIC_High_Iter 6,FBC_High_Iter 6,HELE_High_Iter 6,DDD_High_Iter 6,WAT_High_Iter 6,RS_High_Iter 6,EMN_High_Iter 6,KBH_High_Iter 6,ADSK_High_Iter 6,BH_High_Iter 6,DIN_High_Iter 6,ITT_High_Iter 6,WNC_High_Iter 6,VICR_High_Iter 6,ALK_High_Iter 6,VZ_High_Iter 6,STC_High_Iter 6,MLI_High_Iter 6,TG_High_Iter 6,ATRI_High_Iter 6,CAR_High_Iter 6,GNTX_High_Iter 6,AFL_High_Iter 6,BREW_High_Iter 6,SJW_High_Iter 6,ALCO_High_Iter 6,STRT_High_Iter 6,ADP_High_Iter 6,BF_B_High_Iter 6,DCI_High_Iter 6,COLM_High_Iter 6,HRTX_High_Iter 6,CRD_B_High_Iter 6,AON_High_Iter 6,SAH_High_Iter 6,AROW_High_Iter 6,UTL_High_Iter 6,GEF_High_Iter 6,LKFN_High_Iter 6,BMRC_High_Iter 6,BMI_High_Iter 6,OSUR_High_Iter 6,GHM_High_Iter 6,VOXX_High_Iter 6,MTH_High_Iter 6,OMC_High_Iter 6,SLB_High_Iter 6,ZIXI_High_Iter 6,EGBN_High_Iter 6,NOV_High_Iter 6,CMA_High_Iter 6,AMGN_High_Iter 6,EEFT_High_Iter 6,EE_High_Iter 6,ED_High_Iter 6,RSG_High_Iter 6,HCSG_High_Iter 6
UNFI_High_Iter 6,1.0,-0.336906227878335,0.49872736605250617,-0.8682679800481773,0.8114552864907747,0.9146262550816867,0.8292556274489093,-0.7358447448944835,,-0.6238899227682704,-0.05449179468090637,0.37977435926580927,0.7946519459985179,0.18075173473942033,0.784782694569598,5.870924362978321e-15,0.8722381259325238,0.6447810782943866,-0.7103054738950434,-0.07020446177948958,0.6012821328611546,0.677893656099513,-0.6448965350242728,0.45975919587671377,0.9008113315801404,0.7794999990198516,0.6703800419067648,-0.0633371221923442,,-0.8203685451972593,0.49673188544303165,0.9059283199012002,0.8506893016294437,0.3447681305900213,-0.8807691745542924,0.13507212366922905,-0.7003438736773092,-0.3067191522871038,0.82705586099685,,0.8805530279868646,0.8800600784465917,0.8822799963998051,-0.30176245489010295,0.5893734465568571,0.896537662000476,0.5061202776147026,-0.01489188834152709,0.6399162658772833,0.7484036942047245,0.472253218624795,-0.22975553281046618,0.7610432470467824,0.7927290132469329,0.3192415519196362,0.21923664432256815,-0.20523962602103785,0.8773605740185523,,0.6587941529139854,0.1354305965211713,-0.6241192196422157,0.9193512658926926,0.3344315973077884,-0.47954274599598185,,0.8476906860068002,-0.5984173227901014,0.5290924313351019,0.7539440602315902,0.7830411068810977,0.7795180380232368,0.6890657642984994,0.7174400210999524,0.8154187836852641,-0.6996137025038491,0.8999391785703559,0.5981347083382613,4.9591964436159235e-15,0.5032358960738003,0.8447239181819536,0.8645520702272322,0.8447908779031252,0.6523755871387621,-0.7069722160170961,0.7486309743265558,-0.7970584547077897,0.7881412741048673,0.3028199957120093,0.5311464643100416,-0.8335156896097835,0.8317877240166257,0.6458495724038124,0.5484142299761888,0.8071535290346972,0.877493469264977,0.8042262849266002,0.060703196847361675,0.8830631016162322,0.8782435670715912
FHN_High_Iter 6,-0.336906227878335,1.0,-0.20775849069705152,0.21273934972556194,-0.24703237599511096,-0.4611799068052794,-0.27287908957256113,0.16075612996223138,,0.3420456440213785,0.09593198146464119,0.08353804996916823,-0.05637662618810669,0.3452872863331324,-0.14205162227364956,3.1265229511989354e-14,-0.2247568590016677,-0.14455639592322153,0.2624588584238627,-0.3218304625288199,0.10787983994272915,-0.5346265301861102,0.4101129862267431,0.07093928984914817,-0.17393925106628083,-0.41473506122462,0.07084599282344266,-0.1066920063929984,,0.30281286025394927,-0.5888411442625943,-0.29115224852301036,-0.09470270200515424,-0.05830270763253612,0.510560715786062,0.2039363635719239,0.5491632639356285,-0.41218298593428915,-0.3430085197350533,,-0.3285054285605882,-0.325648035624906,-0.3577574470221721,0.4046011052218862,0.13258211737593673,-0.27829089103793564,-0.06020794253676709,0.024480346859398462,-0.032229811523828075,0.09429793478221564,-0.24311411686447865,0.07335503980094918,-0.18495745889872134,-0.4396128696938649,0.30543039291147867,0.24278564935605396,-0.17100150443272685,-0.26497612800722353,,0.11595884920056768,-0.07476130516348094,0.15830142281057052,-0.361067406315545,0.36706313644125643,0.2581321556965924,,-0.4564815217407921,0.21329168492570577,-0.08907606164445477,-0.3407587743325275,-0.3476912205473069,-0.3324675993950576,-0.2837900312237346,0.08841284268797249,-0.042159488242538984,0.5586288205518954,-0.41610668297307357,-0.37706877357625407,3.1174773271512665e-14,0.22082174237483174,-0.12821507559584955,-0.2051672122105606,-0.1244078305473899,-0.04367395172647424,0.3139210910849033,-0.19319142910349843,0.3550816082174481,-0.06635827029297675,0.22357614415810861,-0.15762909467408356,0.1842345871224754,-0.2982300206759201,-0.08067152425097127,0.12339834111319474,-0.5201288772337544,-0.4790887823030419,-0.1648808220048725,-0.14212756439552093,-0.2383589844896853,-0.27801742666562973
GEOS_High_Iter 6,0.49872736605250617,-0.20775849069705152,1.0,-0.4545355230041321,0.7618486283175276,0.6135485121159913,0.4684247603094148,-0.32565996345806264,,-0.40007109656086426,-0.13068911369699637,0.319229981989471,0.6215908059721492,0.3281845353857761,0.5073306709650506,7.845307366178848e-15,0.5717757684885636,0.5918385333073065,-0.18441569595614485,0.055977981797319144,0.2487863021825474,0.7249669289977191,-0.11429910920878486,0.5751010850359151,0.5700499364441958,0.6246288009993722,0.4781001163716052,0.3952822922447485,,-0.4827022704110923,0.5847425611856952,0.598425589614514,0.4585634612839941,-0.16299234984955405,-0.39553650919062033,0.421904035676671,-0.4293332248445683,0.2360117223411164,0.5971160724726358,,0.7043651096718165,0.6582153712928325,0.5403424274415428,-0.10650413521138104,-0.09345325582124318,0.5412699795742163,0.673437494463438,0.0004981560245334511,0.31728009631526444,0.49004286866751284,0.5094527756774648,-0.012410832293603907,0.5976067521215793,0.7473717660115551,0.0801504118768842,0.15517707593105753,0.4177474479016222,0.4595905748885213,,0.26334225527565963,0.5171764989966867,-0.260563143673798,0.5654042527817628,0.01727311176557067,-0.39524886782648067,,0.6916356331712047,-0.1914050195779481,0.6981675602010835,0.24531257302308207,0.6507995583671786,0.5384541830307058,0.49458829831008405,0.4453069207121793,0.40278521734689804,-0.37526679452703393,0.5597512266101813,0.7285283971997364,7.670835247964785e-15,0.08686978091703142,0.5858011579660293,0.37166352871243624,0.5543587124734647,0.25787443418886846,-0.12399270043400816,0.42904705976294455,-0.4350531935450295,0.6123804749892506,0.5549690595433098,0.1831433477727482,-0.32656887055304484,0.5234556757783636,0.1287418152246692,0.6399514398388695,0.5303966935149244,0.6333819336857519,0.507865456004696,-0.02859442436237459,0.4369797750237751,0.6111166222137322
XRX_High_Iter 6,-0.8682679800481773,0.21273934972556194,-0.4545355230041321,1.0,-0.7482744893883609,-0.8218295166859837,-0.7156891671839306,0.8871725182267397,,0.6237991541760728,0.050925079906537246,-0.4583273963550363,-0.7909555593262141,-0.2575706633203469,-0.8778416246069405,-7.514648242383577e-15,-0.9063056727585996,-0.7211487857277967,0.776861731962673,0.2624654804220927,-0.6906890402506662,-0.5445857854879613,0.5002434117224693,-0.6205976548946711,-0.8378183170810223,-0.5739747646037522,-0.7075656494193202,0.031139270515625764,,0.8632693001234794,-0.3688593241321253,-0.8513312883739709,-0.7462622677630856,-0.38016329360890044,0.7699158594752831,-0.3133226008744912,0.48475417925981,0.29731121588080006,-0.7849535641194058,,-0.8541618649092859,-0.80746058433328,-0.7592157113921114,0.12273656226572353,-0.5927246353392069,-0.8616658732713507,-0.6236653235411659,0.03453730035593843,-0.48135552083790833,-0.8093610813924225,-0.5503617274384405,0.44428332319877467,-0.7352408490102335,-0.739317844427879,-0.47497164034685296,-0.34557129508845574,0.18922616907766743,-0.7661039717113378,,-0.5317919657214675,-0.13005003406408652,0.6711518740928312,-0.8499953245190774,-0.3661274895525481,0.41867674521194703,,-0.8373531195242471,0.5031780803679557,-0.6351031590228504,-0.708773350548332,-0.6861692589498184,-0.7689925835835812,-0.6631066053108617,-0.8009807179448234,-0.8210077324561393,0.5175863037347622,-0.7697088591829522,-0.5606218144846716,-7.523892219337678e-15,-0.4995347935063081,-0.8749438010313597,-0.8154178681807943,-0.8171523661237343,-0.5472436165513286,0.6612250110815662,-0.5603718254712817,0.6041246620167604,-0.7639510511987184,-0.46063057332363355,-0.48509161656205213,0.8366885727259812,-0.8261241317304279,-0.5502822483288358,-0.6580021361322667,-0.5921254023418058,-0.7287141172884353,-0.7738907523687734,-0.055204855326656053,-0.7125145262664982,-0.8478483154406578
GS_High_Iter 6,0.8114552864907747,-0.24703237599511096,0.7618486283175276,-0.7482744893883609,1.0,0.8379898468863426,0.7139488272666337,-0.5509231894764084,,-0.6075484853436142,-0.10624682569940055,0.3468617205561899,0.9041716030391915,0.4633841215929921,0.754753127651403,5.000531240003005e-16,0.8230404425021451,0.777012508901058,-0.4512311572783743,-0.013847846258826462,0.529184473491853,0.748714242517949,-0.3798016440760452,0.611936672846733,0.8432539316369257,0.8200442952860325,0.683193254310168,0.2037517200221619,,-0.7363565347517824,0.5625373905896864,0.8713733869298489,0.8103236794197712,0.026878387782566637,-0.6611537417952225,0.3517344830551592,-0.550556879475979,-0.06202462799179597,0.817378593070004,,0.904271329119775,0.8703590387672284,0.8198450809906348,-0.23100858981765376,0.25781364182144945,0.831331973554974,0.7016288456337031,-0.015299180428409167,0.6673099468625487,0.7909163039695021,0.5496022017917939,-0.08659076952823894,0.809192255124684,0.8841280690079396,0.28964947080688774,0.28692179316121225,0.17399209612113925,0.7382598525736508,,0.5326846755306921,0.3192058228202258,-0.5382629768172547,0.827531413773692,0.2996112936813543,-0.5941433503686234,,0.8659107895636615,-0.4705593228891767,0.7896699198845627,0.5157344515237315,0.8460177257081508,0.7031038698425078,0.6048198658391739,0.719531909617816,0.7016004022653624,-0.5564950084056213,0.830699572102009,0.7935154199075172,1.0347371468858776e-15,0.4205051209492883,0.8490016763284713,0.6426026303427184,0.8170161911494838,0.5201328638998882,-0.43396500891881556,0.7124734917871082,-0.6571508489572022,0.8684937142205983,0.6343135054981117,0.4064702396751087,-0.6222460967563501,0.8036088752226305,0.4105207863976842,0.7197024263407779,0.7268482211550986,0.8837177068110516,0.7622157458963832,0.028768948496104105,0.7698356919395748,0.8629488546459851
ACHC_High_Iter 6,0.9146262550816867,-0.4611799068052794,0.6135485121159913,-0.8218295166859837,0.8379898468863426,1.0,0.9014729540966439,-0.7257681865024322,,-0.5397679030586781,-0.09270293370441185,0.30587039102964236,0.8095074567418188,0.2227098964505767,0.8050757220563846,3.431035573530947e-15,0.8440335653438448,0.6441206351253889,-0.6332223470433591,0.08851215481689698,0.48163654218662055,0.7975717386887569,-0.573565510751457,0.4298005529177,0.8716502084765146,0.8224726120536283,0.5636316324720667,0.053052429485488335,,-0.7739044539064042,0.6427806065530708,0.9169699562039187,0.7468194039089345,0.24448230463396103,-0.8823996522666354,0.19822770548534038,-0.765941718365705,-0.09969216681181056,0.8624879214704876,,0.8905852513554658,0.9117825595634527,0.8878848927040143,-0.24345982447822018,0.4343783635132521,0.8701416232069303,0.6258189610708741,-0.03200831535886419,0.5763843793058434,0.6617222930937909,0.5321602781420849,-0.2085844132357935,0.757558250604626,0.9040358030432571,0.18837301603860476,0.23836611151571102,-0.06146483209679295,0.8231143648519488,,0.5490743033903784,0.35662568712299236,-0.45509227006218134,0.9481473396607829,0.16959973976081358,-0.430121131371805,,0.8928514791588171,-0.5161997517660386,0.6549169263976817,0.7330055037048827,0.8492349771423121,0.881169221920982,0.7534937176405622,0.6468370533434639,0.7644063063438247,-0.7697600137320707,0.935911557386784,0.7102807628219066,3.2920549031344377e-15,0.32261432514660165,0.8001849514428742,0.8659409982519,0.7988390725596172,0.5405191327943192,-0.5968586186838755,0.628214211356733,-0.8103320182462687,0.7603022956476839,0.302192646018589,0.4815021129550322,-0.7872051870564928,0.8334904691967139,0.5557259757175352,0.5871988148090534,0.8521107226189498,0.9196315210454812,0.7800211073756518,0.09291685324824511,0.8114553277758882,0.8618625919071584
JACK_High_Iter 6,0.8292556274489093,-0.27287908957256113,0.4684247603094148,-0.7156891671839306,0.7139488272666337,0.9014729540966439,1.0,-0.6416962644508791,,-0.3310555499326908,-0.053981204405460136,0.24969231049735227,0.7221998920910605,0.21594884469576445,0.7274860830018791,8.117330668338956e-15,0.7064538066463781,0.5674791749793248,-0.5350161803137331,-0.0022567755264214064,0.4267201412215712,0.6212578334274812,-0.6167454349083289,0.25175030985883623,0.787554989537566,0.7572817524386342,0.4252717276096252,0.020975011657378147,,-0.5620127487448039,0.4827401313991348,0.8146325891718943,0.7014966579863425,0.19370043474982254,-0.8316023861560672,0.15037869905920168,-0.6972763121589691,-0.23918552567430112,0.7459197425453774,,0.728683974178668,0.8181863129409301,0.840396495362325,-0.2976498476914184,0.4651580375548189,0.7653578705396382,0.4673980478887584,-0.023403403124055092,0.6007585328016937,0.5589370023793857,0.42613221081936103,-0.05970104184027662,0.6202869147843987,0.7680732129333038,0.16219546632326207,0.25301414621083107,-0.24172307672390284,0.7740393930371805,,0.6243517379783914,0.34106505876115795,-0.23306421703003924,0.8680097757219831,0.2818111195784128,-0.3828231470121863,,0.7149884715027336,-0.4627563507954652,0.5712630964368159,0.656878088769584,0.697459115402305,0.7833806770132159,0.7134788674404826,0.5807860716981706,0.7495415286347824,-0.7625008827909545,0.8358541365806793,0.5028989058993151,5.898848950805052e-15,0.31486185495478763,0.6665943467076443,0.8962124309415486,0.708785629431169,0.5890887456651144,-0.4426167212090439,0.5273601909497284,-0.7508376396783593,0.7262153467704775,0.15636200402791622,0.34179076042441203,-0.6866012698495172,0.7126890025928257,0.5827801826839875,0.5158534153431176,0.7981888864689495,0.8073312334343631,0.6967050174501445,0.10123416581116733,0.79600155770424,0.7509159292707116
MTB_High_Iter 6,-0.7358447448944835,0.16075612996223138,-0.32565996345806264,0.8871725182267397,-0.5509231894764084,-0.7257681865024322,-0.6416962644508791,1.0,,0.46237038700680433,0.021276610152504965,-0.48924284995334094,-0.6728615093476306,-0.22461435413566241,-0.8018774677597906,-3.702585710768632e-15,-0.8208744203528687,-0.626695987454537,0.8481611190639794,0.22020095256090955,-0.7161521592954436,-0.41896095253034954,0.46266114898142785,-0.6090485879837839,-0.7020368031804151,-0.4399612978537851,-0.6415763631205559,0.12156503211702697,,0.7985252104603272,-0.2988009889525804,-0.7768559402832875,-0.5934006083931318,-0.48344697208485593,0.7132561346702936,-0.24779037514020344,0.3815432452066914,0.2929739658604301,-0.7329106107631819,,-0.7054199942686166,-0.6659449177365003,-0.5826795806276526,0.022714574755883878,-0.6712403536509265,-0.7868694388124818,-0.5908165112816249,0.06452752249865279,-0.32221608297009424,-0.7118406806541653,-0.49923256176748204,0.49449072649317594,-0.6651350190833489,-0.5839002541145487,-0.5473510714284667,-0.3744820281368257,0.3057425631642325,-0.6848698441208315,,-0.4406394371062899,-0.06047506864982486,0.6165395019985251,-0.7806282990614828,-0.33699654395452844,0.12372889439820527,,-0.6832723814266208,0.49998980197374837,-0.5611219970372074,-0.6971362287362904,-0.5924690798250283,-0.750432448390377,-0.5208006493290556,-0.7681793415948455,-0.7448446348419747,0.3666544079613881,-0.6983850637132064,-0.4551749706916722,-1.3337078648186069e-15,-0.47449931414847835,-0.7758613888545474,-0.769279744553723,-0.7427970134986532,-0.4929044495884148,0.6330154979416271,-0.4416809797959791,0.5040965636223728,-0.6085553785970276,-0.3682390709702285,-0.5465049924321848,0.7597969335428315,-0.7806011162698974,-0.5785506779215378,-0.5377423342304222,-0.5070726154147124,-0.5710143436281517,-0.7295572646476064,-0.041774639602603164,-0.5847620276599084,-0.7548082739537704
OMI_High_Iter 6,,,,,,,,,,,,,,,,,,,,,,,,,,,,,,,,,,,,,,,,,,,,,,,,,,,,,,,,,,,,,,,,,,,,,,,,,,,,,,,,,,,,,,,,,,,,,,,,,,,,
SSD_High_Iter 6,-0.6238899227682704,0.3420456440213785,-0.40007109656086426,0.6237991541760728,-0.6075484853436142,-0.5397679030586781,-0.3310555499326908,0.46237038700680433,,1.0,0.06674295993120416,-0.36524518596839206,-0.5533073058652518,-0.23179824763203616,-0.531285218282561,-2.6517611808880413e-14,-0.6220408225036185,-0.5684633132327214,0.49600026996219443,0.08903614909449184,-0.45354970319880655,-0.511559869707703,0.5079843978605971,-0.47038272954418703,-0.5776302707770846,-0.5686374938592266,-0.5062406875400274,0.06245247925205121,,0.6791312500231869,-0.38941529144217946,-0.5702044957704436,-0.5972839239160473,-0.22063759546998515,0.559053224423379,-0.09513392125340286,0.4276450410503328,0.19581975986411368,-0.603891841722481,,-0.6522132127514764,-0.6088193388337911,-0.5090149690402384,0.3667923986092043,-0.39219745655919963,-0.6661693869814029,-0.2769880487613828,0.006342478385030374,-0.45077138446472637,-0.6019056271478523,-0.3680120238551603,0.2617666571595418,-0.5871818632847481,-0.5381249466401398,-0.3264009912762475,0.016598370438486155,0.0689609769089985,-0.5968633243692067,,-0.35303351432656516,0.1956442817898961,0.6739680960597499,-0.5421762167849093,-0.22901639697635803,0.5464411978038517,,-0.6181458764798083,0.43421665251330105,-0.44007621663900887,-0.465257793248297,-0.5011719601710153,-0.3503491191332727,-0.32442123810059803,-0.5163556257975471,-0.5039899398745039,0.4046877687919335,-0.522077256854779,-0.5095297846992746,-2.649160456514898e-14,-0.36042423498256015,-0.6407859274203669,-0.3334046718902531,-0.5787731021731656,-0.4379338586175183,0.5789120854686577,-0.5977697527518645,0.4283788864563866,-0.5839669397857605,-0.3074124316322407,-0.294686504210123,0.47306152865520784,-0.6528257445004839,-0.2652905890724429,-0.3326733328846395,-0.4878007057490628,-0.6192509811034004,-0.5606976272600623,-0.018662385646168917,-0.6012034708818887,-0.6889477392868114
ROCK_High_Iter 6,-0.05449179468090637,0.09593198146464119,-0.13068911369699637,0.050925079906537246,-0.10624682569940055,-0.09270293370441185,-0.053981204405460136,0.021276610152504965,,0.06674295993120416,1.0,0.05789874289719779,-0.06828869897407482,-0.02763651074610057,-0.05169687847747761,-1.5256926060806955e-14,-0.036246943207821125,-0.05001448892077806,-0.02520614745099193,-0.017165002659007184,0.08129259403684311,-0.12429744591171019,-0.017247132283967372,-0.019637223139975804,-0.06388663331914689,-0.07716728013172988,0.019945561163950392,-0.1244633190928628,,0.028516200791282153,-0.14329344361748417,-0.04783899213845861,-0.020909324657093834,0.12522983540750618,0.04232167301211787,-0.08377336663937561,0.08936580123516738,-0.13049287445060542,-0.05267020912116994,,-0.08464933926169416,-0.07147958594180873,-0.11230074666869223,0.036527265600082376,0.11202239535816545,-0.01876549280449399,-0.09164273438305053,-0.010072787050317361,0.01624004381320595,-0.004948979186330255,-0.1139151436101218,-0.0010793171926509887,-0.04013613738803705,-0.1350844140475367,0.10766659242235828,0.03636671813200106,-0.1295571518517344,-0.02324827576892516,,0.04279753715592026,-0.10007539460368331,-0.0007719352838080223,-0.046605373778030076,0.11363942755592991,0.09623064542635025,,-0.1102713051505046,-0.017639624561211358,-0.06658623643814125,0.02235620014318421,-0.08631260568526389,-0.07352010964948973,-0.07869934515893258,0.021463824298652706,-0.00405900983577868,0.14156906509355713,-0.06553402795280526,-0.13172524952955192,-1.5596000238814997e-14,0.10026909322058354,-0.036432301539945394,-0.013237337573310602,-0.018095769290919262,0.07374770737143171,0.0038225509061669454,-0.035842004311307255,0.07017671763112086,-0.053047337774879265,-0.06226187339538076,0.09563825677640934,0.005096956452777215,-0.030408177343486283,0.05066826088272971,-0.047117412074085936,-0.0748666182717642,-0.0998040675209846,0.014672734605448665,-0.010072787050317252,-0.02493052125500268,-0.04131709602853485
LM_High_Iter 6,0.37977435926580927,0.08353804996916823,0.319229981989471,-0.4583273963550363,0.3468617205561899,0.30587039102964236,0.24969231049735227,-0.48924284995334094,,-0.36524518596839206,0.05789874289719779,1.0,0.41945566963512143,0.35890917345448803,0.4492253513750772,1.0124367087171642e-15,0.567814663572809,0.5575402718802692,-0.5119571325513922,-0.26046559125723545,0.7038511592887181,0.17756882517988282,-0.27816926228980016,0.6559133894506989,0.37429118937713907,0.2900387701240035,0.6407420250099058,-0.10491835370276473,,-0.5256261970969552,0.007358900678191929,0.4838627494336446,0.4855318837284956,0.4779050673575175,-0.3225329363566667,0.049814531591414385,-0.08128134182285733,-0.4278861218407275,0.4268331604303213,,0.4439049224333402,0.4806313353455017,0.18772077238832466,-0.15065228038518905,0.48216107387529145,0.5577663091995203,0.266039558910216,0.0045147945112708155,0.3687077986382521,0.6070235672031977,0.3001631599130279,-0.09683337919419345,0.44661490881668187,0.1488550593545445,0.7113379203076059,0.37545095628943603,-0.3260391620180531,0.42777632878121163,,0.3867303814413979,-0.17696371096844618,-0.5673262605019047,0.4412016291436081,0.5660869041369064,-0.03554599972935538,,0.28501499362051835,-0.3815668381113111,0.3977729800512484,0.4784026618223328,0.2690292571884813,0.23436186398522713,0.08639106951563724,0.6488176209756131,0.5747256695303454,0.12035327984998614,0.296152844158803,0.18708668305965556,-3.603113262743551e-15,0.49993290384711814,0.5283388115286436,0.4064632144372057,0.5078850202093794,0.4390315252903679,-0.2649985074438932,0.4246522712113733,-0.07330115740662814,0.37088578565219943,0.3087506140395607,0.47196044964839157,-0.31012629778156553,0.5819617355697343,0.40379716911294394,0.32365601136382827,0.2610373752287086,0.27301179887110205,0.6020492350277037,0.004533709565111146,0.38235289413748946,0.537642146828409
CTAS_High_Iter 6,0.7946519459985179,-0.05637662618810669,0.6215908059721492,-0.7909555593262141,0.9041716030391915,0.8095074567418188,0.7221998920910605,-0.6728615093476306,,-0.5533073058652518,-0.06828869897407482,0.41945566963512143,1.0,0.5974507596773655,0.7932334563906867,-2.130843404255641e-15,0.8423485420864065,0.7261974597373679,-0.5476382278582161,0.03804839443246767,0.6569806475199482,0.6570961071596696,-0.41077774037121945,0.6395332921440094,0.8780735971755631,0.7695462343915199,0.7678079604558669,-0.04421918461758531,,-0.7689341243528186,0.47751974464545216,0.8879836697535785,0.8427031112155974,0.13918241888791125,-0.6594948667550169,0.3975534038568719,-0.47295136730450976,-0.2724508541275587,0.8735942619614389,,0.8399586301508661,0.8160442574442223,0.7446511998773543,-0.13564941715918546,0.4910226604080528,0.8778774200129758,0.7042676238937248,-0.02878639796949635,0.712558775138914,0.8759843175813682,0.5230273113774341,-0.12400528230209805,0.9019439959405482,0.7775495101829903,0.4802649532782426,0.3602854747932983,-0.025975765422159895,0.7778517304999738,,0.626322841065778,0.21613845002889295,-0.5483710926225401,0.8653890557656937,0.49289902815007874,-0.45316050520677015,,0.761510753852817,-0.586036511192803,0.818488727740034,0.5517315782807692,0.8596249722354913,0.7500672155399429,0.5347975981210604,0.8560620573634531,0.7811679338793333,-0.4235644425598747,0.835425727142403,0.7300790875484274,-1.7920755686080693e-15,0.5659076382183382,0.8928559029228631,0.6979053716035883,0.8717293481808509,0.624696169949659,-0.4551701965529035,0.7282404261254057,-0.6684714138195953,0.8654420085571881,0.6679191089600098,0.4552683817587055,-0.7186599466273805,0.8663023799034145,0.510538365607737,0.6787065631705985,0.667752990926172,0.8351552977293558,0.8430576225835226,0.023544852468056696,0.8012250475244256,0.8787721389383417
ZBRA_High_Iter 6,0.18075173473942033,0.3452872863331324,0.3281845353857761,-0.2575706633203469,0.4633841215929921,0.2227098964505767,0.21594884469576445,-0.22461435413566241,,-0.23179824763203616,-0.02763651074610057,0.35890917345448803,0.5974507596773655,1.0,0.3945720817534743,-2.6515830799112235e-14,0.42247173957434997,0.5310882279151072,-0.017592186132146786,0.01262853434448772,0.5003554228248576,0.20053699200000172,0.009038626407283475,0.547347156617053,0.2885882318867229,0.27616829591668834,0.4636932484476825,-0.050588484219411145,,-0.36520911527342365,0.04279975552669702,0.3827098236684914,0.4057648302748803,0.07788144040253482,-0.11122744030992764,0.21468871677024084,0.20072587046078488,-0.3303104394316609,0.320767162607962,,0.3533295572640347,0.37060881551471864,0.18732813639608487,0.16943100350012097,0.2587780940943825,0.4143632464559812,0.4802637491409618,-0.012532090983234549,0.4600691719978611,0.6114712641145352,0.17718006736776457,0.1262063921354519,0.45551329201979207,0.21420030113805522,0.5958575429511791,0.5616208775890478,-0.07508524122462246,0.26034690271575334,,0.2812659697721652,0.09458064307032422,-0.22707085734125892,0.285510109964691,0.5774572340046842,-0.07711600106559381,,0.20929209235913027,-0.2719654871809554,0.5645235637105663,0.14579356852240413,0.326528952531002,0.20871209484064182,-0.04158984058848672,0.6458352698755588,0.4994703676273625,0.09327836706986062,0.26010111635398336,0.34153725248724864,-2.673845065512046e-14,0.41462807301110033,0.47778596707453425,0.19539154001099515,0.44335486479117603,0.21917051885942898,-0.0354486427496364,0.3597599123726223,0.007053676929161515,0.4998601065189123,0.6433601695196807,0.2595900187692001,-0.13742094105553518,0.4690075444457704,0.1682001989131198,0.49918822208705776,0.11752308445696488,0.25376305695649354,0.4087076080536749,-0.043899885049592836,0.31940274417533343,0.46029811385430336
OPY_High_Iter 6,0.784782694569598,-0.14205162227364956,0.5073306709650506,-0.8778416246069405,0.754753127651403,0.8050757220563846,0.7274860830018791,-0.8018774677597906,,-0.531285218282561,-0.05169687847747761,0.4492253513750772,0.7932334563906867,0.3945720817534743,1.0,1.1200652605737162e-15,0.8633698658295219,0.7646678708853629,-0.5788254868843125,-0.18787214141957037,0.5865345140442888,0.5533339073518643,-0.3093150219312277,0.653633708583038,0.8169655889464529,0.549535326327314,0.6350423126269873,0.13846666516121187,,-0.765378671308006,0.4711016433120516,0.8020368636668613,0.6270155398328878,0.3128749108671323,-0.6628077613576766,0.443644322726953,-0.4444205799097055,-0.23267329059422492,0.71875098076975,,0.8577019235123073,0.8383248365911778,0.7967678587302335,0.0648059552699343,0.4738902134186682,0.765343998182181,0.771245739004287,-0.07356220580711484,0.440637395826589,0.7729808371462287,0.6614728436629376,-0.526917474842164,0.62510167282594,0.7728134291533341,0.42100875349211764,0.4520392265951956,-0.066482347016942,0.6491111458770276,,0.408721484737985,0.3461733812224179,-0.48949313720714244,0.773661336617264,0.26477183317786945,-0.3346985651195494,,0.8387594227236308,-0.2842049592772242,0.7406755952896352,0.6202869455420295,0.6760042234762174,0.8371701038626997,0.7188411426553495,0.7433212396526964,0.7622271357024638,-0.49701009963918624,0.6930103858421554,0.6454519192726994,3.326119306311314e-15,0.34392030666018775,0.8414111313999374,0.7569457093331793,0.715891804064171,0.4006884668768935,-0.6336889332331708,0.41287856333502837,-0.5298314629780378,0.7454815272141389,0.4804693317351812,0.4004991258245214,-0.7125001785098972,0.753665163573914,0.37401960140012214,0.762163848303847,0.4833496843787434,0.6671328722651301,0.6602397857896407,0.027532019193912672,0.6060448859359439,0.7818801445609748
BRO_High_Iter 6,5.870924362978321e-15,3.1265229511989354e-14,7.845307366178848e-15,-7.514648242383577e-15,5.000531240003005e-16,3.431035573530947e-15,8.117330668338956e-15,-3.702585710768632e-15,,-2.6517611808880413e-14,-1.5256926060806955e-14,1.0124367087171642e-15,-2.130843404255641e-15,-2.6515830799112235e-14,1.1200652605737162e-15,1.0,9.755993066989863e-15,-5.656045729606989e-15,2.152450354914559e-15,1.0973124680589977e-15,-8.432061600381654e-16,3.3482199265595565e-15,1.3471460796396644e-15,-1.0895015549819468e-14,-1.1408841177901925e-15,-5.724141914248212e-15,2.6275173792867173e-15,5.822118183927037e-16,,-2.249010248620176e-16,-1.9697452957516714e-15,4.815460512895847e-15,2.1166355712120096e-14,6.179581432180709e-15,-1.7792046128596103e-15,2.5346582898641905e-15,1.8232039400736108e-15,1.130996724511138e-15,-1.7618877951985282e-14,,-9.923276669326996e-15,6.722397404889791e-15,5.297927899579325e-15,-4.770272136757223e-16,-9.221437393989359e-15,3.7248904076622695e-15,-5.508930009361481e-15,-6.434347329231844e-14,4.657469609619325e-15,5.473721189468519e-17,-3.6486868450488395e-15,-5.264023922867436e-15,4.4576840155904746e-15,5.278667326996001e-15,1.0904977201045841e-15,1.6301571295096837e-14,4.919601970219528e-15,1.8361625106944344e-15,,-8.340742053142454e-15,-6.26200369856452e-15,-2.5794071628786735e-14,-4.896389827881617e-15,2.3619275750713907e-14,3.051885938331959e-14,,-1.5921778743197928e-15,2.3781715167825924e-15,-2.238376979080567e-15,-5.182118335623335e-15,1.7377458470558727e-14,3.243207420766075e-15,9.572428140844815e-15,2.547421678041136e-15,1.9441725143842394e-15,-1.1890484259311006e-14,-3.5337968363714293e-15,1.6658276881707859e-15,1.0,7.854452375299764e-15,-2.7705617501605934e-15,-4.095562444609718e-14,-1.4569564510674779e-15,-1.7182288762458855e-14,-1.7742952387123184e-15,-1.6503040422892734e-15,1.6773681029573392e-15,-1.0374090072995217e-15,3.7472057230856394e-14,-2.5036833903974125e-14,4.615304768526021e-15,8.515251916952694e-15,-8.183109553191457e-16,-2.1830338231724933e-15,-1.6636614154372992e-15,-6.799341756770271e-15,-2.782060870438616e-14,5.41904810288121e-14,-1.4782450111219434e-14,2.2149974727667403e-14
BSET_High_Iter 6,0.8722381259325238,-0.2247568590016677,0.5717757684885636,-0.9063056727585996,0.8230404425021451,0.8440335653438448,0.7064538066463781,-0.8208744203528687,,-0.6220408225036185,-0.036246943207821125,0.567814663572809,0.8423485420864065,0.42247173957434997,0.8633698658295219,9.755993066989863e-15,1.0,0.8242712016198682,-0.7136635249200178,-0.17378913834078102,0.7785615796619061,0.6225287225986976,-0.4801592471419646,0.72603769445637,0.8305217957608352,0.6761310122312455,0.7951865136692438,0.03168385646152565,,-0.9050971923165757,0.4055748170965125,0.9208831017848871,0.8036478927216253,0.44614328291235045,-0.7862501166484436,0.21130601058995546,-0.4424744744793747,-0.2906859825107981,0.8026042704900184,,0.9157505607499186,0.8917606554968159,0.7572255634077427,-0.11367641687364213,0.5832967057479103,0.9180083962496566,0.6847367237886096,-0.026771355728551587,0.5644815992128193,0.8828129392855341,0.5128645661735116,-0.3000906976562538,0.7778972810650234,0.7537307303401362,0.5782581766756272,0.46789127803807595,-0.16390834409401542,0.8051687182346275,,0.5669876192092613,0.16285196352209277,-0.675924537040625,0.8803749683679587,0.44611380514505394,-0.3865458760903041,,0.852727375632962,-0.5436486420286923,0.6980341512207898,0.786124614804548,0.745601063369382,0.7498382611597237,0.5855823088855482,0.8776926075780002,0.8932821767523628,-0.47215700413661327,0.8195210945208605,0.6317278417396865,8.25511055823502e-15,0.5452448652916347,0.9363107316809415,0.7984951235467554,0.8881287811715647,0.5854126624329099,-0.6129302594879026,0.679314363180138,-0.5686886633573394,0.8061724202036056,0.5395849591619495,0.6556811352341535,-0.7668809320277801,0.901996037960839,0.6216230816022268,0.7321309070193498,0.6533889957339266,0.7711698313473082,0.8557598183800122,0.034410072366353274,0.7599305235117263,0.9119572067947248
APH_High_Iter 6,0.6447810782943866,-0.14455639592322153,0.5918385333073065,-0.7211487857277967,0.777012508901058,0.6441206351253889,0.5674791749793248,-0.626695987454537,,-0.5684633132327214,-0.05001448892077806,0.5575402718802692,0.7261974597373679,0.5310882279151072,0.7646678708853629,-5.656045729606989e-15,0.8242712016198682,1.0,-0.4884145114552775,-0.29480784802371257,0.690538269635433,0.5327173410789308,-0.3781398982099094,0.7193865366351391,0.6092399336802425,0.5974525955315934,0.6248745184660973,0.19052457311685236,,-0.6925134248203135,0.3604112905730297,0.7500898494942672,0.6457079148531024,0.24916932340707218,-0.5926267326703426,0.23330077967308147,-0.23289821269118777,-0.16178557639755328,0.660002918732449,,0.7789236254042847,0.7597455080865647,0.6022386247586543,-0.15946457828236266,0.33734178826724115,0.7640064160494857,0.6560802834477844,-0.026736405586313464,0.509492686963392,0.7532159682320395,0.5421228750092786,-0.17276641648669122,0.637782592153449,0.6289755548473005,0.5727043163781946,0.46529503912322845,-0.04513218220935253,0.6173651483111694,,0.3692728850869699,0.10360249100232988,-0.5238620167867636,0.6821803276786025,0.4461194248436891,-0.3616682026564683,,0.7339912119185855,-0.42351845145668454,0.7449502854103287,0.5335914742836343,0.5813588758421397,0.546070592189126,0.40398678679638766,0.7758303443535839,0.7254435702952353,-0.33894502467143506,0.6129874739973483,0.5670027186140375,-6.096768356641076e-15,0.40238713547428756,0.8130690119663305,0.5449015123979813,0.7249246627166362,0.44389514124663265,-0.40923934617714774,0.5361904041590728,-0.2901685888676501,0.7129731731197372,0.5899071725065044,0.4679530393721107,-0.39250364372860114,0.7755141893979546,0.4339496119583118,0.7280648532501423,0.5019413513459766,0.6188134521713387,0.6737513803466528,-0.049429491785869945,0.5783112142703988,0.8012095665245962
BCRX_High_Iter 6,-0.7103054738950434,0.2624588584238627,-0.18441569595614485,0.776861731962673,-0.4512311572783743,-0.6332223470433591,-0.5350161803137331,0.8481611190639794,,0.49600026996219443,-0.02520614745099193,-0.5119571325513922,-0.5476382278582161,-0.017592186132146786,-0.5788254868843125,2.152450354914559e-15,-0.7136635249200178,-0.4884145114552775,1.0,0.1928320064063158,-0.7039805436017804,-0.3123692296981295,0.5937579655730446,-0.4998037767663207,-0.6357335549122745,-0.4420771883441144,-0.6014112854439396,0.2481492885474522,,0.7562686987119407,-0.19016253849357345,-0.7203087141507137,-0.6254379273722226,-0.5416400574652745,0.708289781663971,-0.001330058869214629,0.44412943658791965,0.3217180439465946,-0.7001663673360958,,-0.5915166426052265,-0.5714851698815976,-0.4837506054235272,0.24353699015141028,-0.7051927453618826,-0.7641914693889794,-0.28495014564922616,0.039675979926932094,-0.3762431073892156,-0.6193470048474571,-0.3344036468998384,0.3261762812662666,-0.6363263222266439,-0.44709341735503394,-0.5368125590425273,-0.1975704844685542,0.390386305405146,-0.6980496012107709,,-0.49434630034840926,0.20012047483044348,0.7415362383890229,-0.7359189939743879,-0.37992558584537117,0.13950446851650616,,-0.553897628163469,0.6381560542677644,-0.34703923833637657,-0.7302605973948958,-0.5073130492939355,-0.5585885933790925,-0.3821093613046201,-0.6738125482651371,-0.6435954253658643,0.2943181721864677,-0.6706275142337388,-0.32071202334818155,-1.4611764359992295e-15,-0.5595343491507503,-0.6674611478887681,-0.7023194840886774,-0.7009990366065507,-0.6134639827240249,0.6268498419008666,-0.5545714362541736,0.5132019995961651,-0.4981164516198567,-0.20622180074115973,-0.6153224639630847,0.7390088270183738,-0.7407267541791634,-0.6788894074085154,-0.2807720162316139,-0.5677753998834452,-0.5704666743165404,-0.7589597348010897,-0.05477721486150119,-0.6104023657398032,-0.6689025803909003
RHI_High_Iter 6,-0.07020446177948958,-0.3218304625288199,0.055977981797319144,0.2624654804220927,-0.013847846258826462,0.08851215481689698,-0.0022567755264214064,0.22020095256090955,,0.08903614909449184,-0.017165002659007184,-0.26046559125723545,0.03804839443246767,0.01262853434448772,-0.18787214141957037,1.0973124680589977e-15,-0.17378913834078102,-0.29480784802371257,0.1928320064063158,1.0,-0.3806498605017052,0.3439020785779664,-0.0050497282851533,-0.21173111778007248,-0.05005637475269534,0.23962351065037826,-0.2166340395313379,-0.1707016342574297,,0.08665219435210024,0.47903761769865777,-0.016539651034366117,-0.13034209977184122,-0.17767139156575434,-0.01730426434000718,-0.0017958824891064714,-0.24562143528314923,0.34617509862983875,0.14078341090848984,,-0.08239022083686795,-0.0550906522893586,0.0031539183904002307,-0.012083005709862801,-0.17049549508987938,-0.014506626011658823,-0.06644873326753718,-0.021530593149946813,0.056594077495671156,-0.25367570750055485,0.06896993923863395,0.21138600637358224,0.16884183398176725,0.10442124758061581,-0.3343303726909252,-0.2595393990202987,0.26146563299850867,-0.03473722587703482,,-0.1895335428654577,0.16738078063729755,0.22104496161048187,0.044459075966626176,-0.236621960831147,0.12077421824316646,,-0.03906449527014328,-0.1342184048341319,0.023453157702790998,-0.06422770440221748,0.27149078792424597,0.11780021124549149,-0.05588976805726404,-0.17612944064165562,-0.2595428060947029,-0.1272323567210497,0.15162610365084755,0.27358223387839936,1.4083206433622808e-15,-0.22283944357124197,-0.14393621087861358,-0.14552994108392756,-0.12057412421711287,-0.10719618583512876,0.14920915910634663,0.04399810426226801,-0.18349154157589365,-0.1129867862751352,-0.07203200402516181,-0.10528526907173562,0.02779984813468987,0.011753731898945644,-0.22187744466036807,-0.2723037141259111,0.23799676739431425,0.21262925712809588,-0.0654977354074597,0.04817718447279773,0.025078129650044904,-0.009631513720016319
PTEN_High_Iter 6,0.6012821328611546,0.10787983994272915,0.2487863021825474,-0.6906890402506662,0.529184473491853,0.48163654218662055,0.4267201412215712,-0.7161521592954436,,-0.45354970319880655,0.08129259403684311,0.7038511592887181,0.6569806475199482,0.5003554228248576,0.5865345140442888,-8.432061600381654e-16,0.7785615796619061,0.690538269635433,-0.7039805436017804,-0.3806498605017052,1.0,0.1846363768269072,-0.4466530013554724,0.6699545067431768,0.5738554029460184,0.4110417557505301,0.8074740906710204,-0.2724712829282362,,-0.7497460153032298,-0.09413815711286198,0.723751402523427,0.7535442146925594,0.6333616730653882,-0.5557941735122625,-0.06555482884848424,-0.08395120369317394,-0.6268878386730323,0.5739151107143708,,0.586657544833128,0.5985928414836321,0.355575769787715,-0.13255651831373955,0.7555457293184171,0.7719326141625519,0.4134961256219018,0.015437049691582902,0.5749910431954124,0.874004769310016,0.13129287389084673,-0.09666211798431987,0.6367666122525479,0.28539860516622195,0.8961168486590255,0.5690801514086921,-0.5038286556152276,0.6855367099100896,,0.6712473794218005,-0.24647792898091989,-0.7357964812284254,0.6481781824840359,0.7595816879088706,-0.1727181529944593,,0.42164516256446616,-0.6194756166221242,0.4400131298333884,0.6676962491234455,0.41575994034712627,0.3923299130271952,0.15248741179232075,0.8815781915308862,0.8423135764249262,-0.0033587711854674027,0.5640111900285895,0.21025453575816916,-1.5639660151000836e-15,0.8086436533309257,0.7672168383717181,0.6179660811268007,0.7984083530803642,0.667240686186064,-0.4763855594168277,0.667108894090276,-0.30749352096915344,0.5934832027187185,0.44380187553175743,0.7867187534801193,-0.5662992672642011,0.7762500182943038,0.7568471893534156,0.48088583372998395,0.3629270034004866,0.42235718514778103,0.8284056360517412,-0.04337505632803547,0.6162403391145141,0.704411004703523
