,UNFI_High_Iter 8,FHN_High_Iter 8,GEOS_High_Iter 8,XRX_High_Iter 8,GS_High_Iter 8,ACHC_High_Iter 8,JACK_High_Iter 8,MTB_High_Iter 8,OMI_High_Iter 8,SSD_High_Iter 8,ROCK_High_Iter 8,LM_High_Iter 8,CTAS_High_Iter 8,ZBRA_High_Iter 8,OPY_High_Iter 8,BRO_High_Iter 8,BSET_High_Iter 8,APH_High_Iter 8,BCRX_High_Iter 8,RHI_High_Iter 8,PTEN_High_Iter 8,JOUT_High_Iter 8,CTS_High_Iter 8,SUP_High_Iter 8,HIBB_High_Iter 8,HD_High_Iter 8,HE_High_Iter 8,PLAB_High_Iter 8,PEP_High_Iter 8,INTC_High_Iter 8,SWM_High_Iter 8,AFG_High_Iter 8,MAC_High_Iter 8,OGE_High_Iter 8,DSPG_High_Iter 8,NLS_High_Iter 8,SFE_High_Iter 8,CTIC_High_Iter 8,CLX_High_Iter 8,CSU_High_Iter 8,PII_High_Iter 8,LECO_High_Iter 8,UNP_High_Iter 8,SEIC_High_Iter 8,FBC_High_Iter 8,HELE_High_Iter 8,DDD_High_Iter 8,WAT_High_Iter 8,RS_High_Iter 8,EMN_High_Iter 8,KBH_High_Iter 8,ADSK_High_Iter 8,BH_High_Iter 8,DIN_High_Iter 8,ITT_High_Iter 8,WNC_High_Iter 8,VICR_High_Iter 8,ALK_High_Iter 8,VZ_High_Iter 8,STC_High_Iter 8,MLI_High_Iter 8,TG_High_Iter 8,ATRI_High_Iter 8,CAR_High_Iter 8,GNTX_High_Iter 8,AFL_High_Iter 8,BREW_High_Iter 8,SJW_High_Iter 8,ALCO_High_Iter 8,STRT_High_Iter 8,ADP_High_Iter 8,BF_B_High_Iter 8,DCI_High_Iter 8,COLM_High_Iter 8,HRTX_High_Iter 8,CRD_B_High_Iter 8,AON_High_Iter 8,SAH_High_Iter 8,AROW_High_Iter 8,UTL_High_Iter 8,GEF_High_Iter 8,LKFN_High_Iter 8,BMRC_High_Iter 8,BMI_High_Iter 8,OSUR_High_Iter 8,GHM_High_Iter 8,VOXX_High_Iter 8,MTH_High_Iter 8,OMC_High_Iter 8,SLB_High_Iter 8,ZIXI_High_Iter 8,EGBN_High_Iter 8,NOV_High_Iter 8,CMA_High_Iter 8,AMGN_High_Iter 8,EEFT_High_Iter 8,EE_High_Iter 8,ED_High_Iter 8,RSG_High_Iter 8,HCSG_High_Iter 8
UNFI_High_Iter 8,1.0,-0.2686654550431752,0.40079639841099246,-0.8615097613047414,0.7461435463796702,0.8689861222417095,0.8193449081091071,-0.7553726159666894,,-0.6029751046934685,-0.02446491046144565,0.4207360296068514,0.7640706375517596,0.19886369762912148,0.7725151004310938,2.5857807969811684e-15,0.8591995780375354,0.6392620760839057,-0.7356514031202828,-0.13944127272873008,0.6635049608792345,0.5814335297098029,-0.6903370377005007,0.4274551409042238,0.8789237002226162,0.7324070326942657,0.6733667276744445,-0.17705601312925873,,-0.8031863579863855,0.3934906210260332,0.8854559682821459,0.8639479856326618,0.4273461039957767,-0.8843610474459974,0.059849460227672735,-0.649511695299385,-0.4401119626201948,0.7888962323453335,,0.8246293888003458,0.8434546291477087,0.8447601811863393,-0.30787031092434075,0.6883958881542802,0.8894464340513363,0.4484503652937822,-0.00645579193459127,0.6589853996337655,0.7581310792650545,0.40275797328560986,-0.2185421002805226,0.7294306299208408,0.7017425357767157,0.40422174471964123,0.27445284213800786,-0.3525060179435475,0.9087655625875032,,0.7110715277698675,0.03468153775973637,-0.6300682136304059,0.8972109634269657,0.41935855361752905,-0.44518957333038167,,0.5880588083701075,-0.6355763429580193,0.47983255353527543,0.7736445721838668,0.7054700799691463,0.7069734918394128,0.6324513519806916,0.7382992258109327,0.8527195935965358,-0.6482829901334666,0.8673261253115396,0.4882377818249112,1.9800794881482627e-15,0.5751337399950561,0.8206555262824685,0.8796298810760712,0.8378948764333788,0.6926533750932189,-0.7376889321182376,0.7457314097760126,-0.7639272551487147,0.7570123119097502,0.23383750682635215,0.5642531320451872,-0.8240127547325693,0.8273591396728635,0.7035009801191193,0.5010663883432345,0.7608291422068695,0.812613875670493,0.8093532485205045,0.0605424107999157,0.8877902461172675,0.8624544508242118
FHN_High_Iter 8,-0.2686654550431752,1.0,-0.20802685838852042,0.21250210964912536,-0.2468836863271259,-0.46117983166920773,-0.27516463904004806,0.16074753753585208,,0.34204574226753787,0.09593194476323709,0.08353809335331637,-0.0563799651242171,0.3452874783267214,-0.14276539177655798,3.633138314789786e-14,-0.22475608109143635,-0.14455642078693196,0.26245874432117305,-0.32185023474358315,0.11103631263768089,-0.5345836045608079,0.4107634521989353,0.07081438102558622,-0.17383647687474021,-0.41440595367827293,0.07083372918084968,-0.1008421651338502,,0.3033242489493002,-0.5888410423931704,-0.2911009273851956,-0.09470269945307458,-0.058316553019262175,0.5105608575871345,0.20393665866731234,0.5491633045746757,-0.41218296531006976,-0.3430083397448839,,-0.32850538794833956,-0.32487748963999713,-0.3577572699517803,0.404601355812852,0.13258205814388632,-0.2782907699211459,-0.060208021549211156,0.024480349271690686,-0.02778119654578871,0.09429805759248595,-0.24311408880241078,0.07334129968937961,-0.18500010860770363,-0.4396126886105326,0.30543033419244875,0.2366822475184968,-0.17100149434965456,-0.3086469544394305,,0.11409498474529405,-0.07317972981905195,0.15830057446890344,-0.3612997668143991,0.36706317559278706,0.25775504850417197,,-0.5644469991404165,0.21329129159429855,-0.08907604768552926,-0.3407588932904982,-0.3476906426063927,-0.3655622965033838,-0.28379054330521997,0.08844168538136726,-0.04215952128242189,0.5586213551307678,-0.4161066101555644,-0.3770600292822747,3.6377644381404895e-14,0.21393135632443339,-0.12817452379050995,-0.20498378163024283,-0.12442340609023751,-0.045131309712850544,0.31392078795482925,-0.19318709281734311,0.3566098923529833,-0.06635817288466841,0.22357647226978317,-0.1576265083092405,0.18313659080181516,-0.29822988154187485,-0.07520171499708442,0.12339797223739825,-0.5202767946861621,-0.47908861170774486,-0.16487674980876907,-0.14212754571685135,-0.2383587776607359,-0.27801733710452836
GEOS_High_Iter 8,0.40079639841099246,-0.20802685838852042,1.0,-0.45472398953976606,0.7621015623088803,0.6140531965143554,0.4696483326312902,-0.3262353167297587,,-0.40036208023621633,-0.1305731204690754,0.3195715589037458,0.6219746497257074,0.32825274287298895,0.5079913838063698,7.27873613449168e-15,0.572249825512629,0.5921913519383559,-0.18500031258317223,0.0560312400461801,0.2484944322631135,0.7252674863183931,-0.10974155537388264,0.5752961029242714,0.5704833049413751,0.6246072265408277,0.47843878247788857,0.3885013689254623,,-0.48305247475719826,0.5849357252819862,0.5995223678607184,0.45898945165218713,-0.16255851394633924,-0.3960531446820571,0.4217906335724844,-0.4297073850429488,0.23574001124394484,0.5975872104824048,,0.7047636958630414,0.6585491274981472,0.5407592098461925,-0.10669235916717369,-0.09290692622723898,0.5418073266055137,0.6735375603904736,0.00039285800354229834,0.31252921886404,0.49039522991409273,0.5097109511433293,-0.012565783459367546,0.5968692905465337,0.747657613159902,0.08043340722527204,0.16121247114427434,0.41742225015472256,0.4602393025947089,,0.2627534547422492,0.5142869421702739,-0.2610233361843147,0.5660386261695272,0.017556027648246764,-0.3943112809564101,,0.6339680393824079,-0.19189562060378898,0.6983421192340266,0.24581793181805073,0.6511896642467812,0.5445709394415325,0.4948909126452113,0.4457254177995451,0.40323853652454517,-0.37559542763050524,0.5602674350870763,0.7287191015380524,7.18506897001863e-15,0.09787052048648492,0.5865426957420851,0.3719442908076828,0.5550196296480415,0.24727687242542318,-0.12443268710950288,0.4294461110489178,-0.44062887877259405,0.6126573366962353,0.5549842684259709,0.1835455482232894,-0.3261865846928376,0.523980435196197,0.12138625203640357,0.6401172889397757,0.5307472798711502,0.6338293874579805,0.5083223903187594,-0.0284915750269444,0.43744974146617743,0.6115983027227984
XRX_High_Iter 8,-0.8615097613047414,0.21250210964912536,-0.45472398953976606,1.0,-0.7480453083627491,-0.8217166290940218,-0.7172969562117187,0.8873642265913911,,0.624099482196976,0.05173337722945347,-0.45824090770820985,-0.7908787564926896,-0.25697378048597125,-0.8769724933250367,1.2959489060878756e-14,-0.9059269762582136,-0.720599564437159,0.7768964224308086,0.2623044681750193,-0.6897590638525087,-0.5444136992437161,0.49401936094633825,-0.6199473280167368,-0.8381090134081317,-0.573469978198534,-0.7075094128883994,0.04208823367186341,,0.8631603343237362,-0.3687729006183823,-0.8514119269117157,-0.7464830631593534,-0.3801763220771432,0.7698860219786378,-0.3132460187870064,0.4853452839256866,0.2978512542025946,-0.7849977565854699,,-0.8539305279919395,-0.8077215398203385,-0.7592341325070657,0.12273675798342791,-0.593308919123788,-0.8615889772928547,-0.6234628589577697,0.034528559663473304,-0.47172416726650673,-0.8092740570244639,-0.5499384021805488,0.44462876428845705,-0.73468070423111,-0.7390848221267944,-0.4747162070193802,-0.3519138757473626,0.18959672540952643,-0.8393367994533929,,-0.5305769084619731,-0.12583622345503412,0.6713751245238528,-0.8498426524026488,-0.36580258277271943,0.4179536546192524,,-0.6727380173080533,0.50336669301446,-0.6345752069095342,-0.7083280023507997,-0.6860499462454488,-0.7363505582791434,-0.6629900657455042,-0.8006601335664556,-0.8208597627536581,0.517670371808224,-0.769660225479149,-0.5602926619837905,1.3007989691085855e-14,-0.5054200368131918,-0.8748287734252227,-0.8152943414276963,-0.8173707181516243,-0.5373540193177858,0.6620759489921766,-0.560486903392592,0.6067495472597587,-0.7636591681043563,-0.45988001079172414,-0.4849348766147085,0.8371302267475647,-0.8260203205276222,-0.5427669918425361,-0.6574942039111223,-0.5917507551327822,-0.7285571297703983,-0.7737592821419966,-0.05508003568867844,-0.7125862774772702,-0.847768407794677
GS_High_Iter 8,0.7461435463796702,-0.2468836863271259,0.7621015623088803,-0.7480453083627491,1.0,0.8379595109767823,0.7137752049663927,-0.5511737557028805,,-0.6074334421629559,-0.1062432400538746,0.34693260739210763,0.9041821375037946,0.46332071856110363,0.7546782512529777,-1.653612508262986e-14,0.8230917922591823,0.7769026732804206,-0.45144707121048294,-0.013794460159112072,0.5281692618635204,0.7486827310978267,-0.37345025479329813,0.6118846910170032,0.8433187874484714,0.819935665000331,0.6833913496456497,0.1954489330073535,,-0.7364248949761137,0.5626540475004885,0.8721636027550287,0.8102151955106286,0.027047983152739527,-0.6611136739707336,0.3519190086639564,-0.5504264160919174,-0.06204416745420438,0.8173614278320835,,0.9042844168055247,0.8702029538183549,0.8198464802781156,-0.230786114151335,0.2579028270730383,0.8312593923793001,0.7019136912347036,-0.015421200161829038,0.6598795104148178,0.7909583856244345,0.5497552475735394,-0.08694436059214589,0.8081801138611046,0.8840676002756347,0.28971631718622537,0.2964575465050446,0.17404907626203972,0.7388294184982975,,0.5310142016153792,0.3150451435698988,-0.5384455705834055,0.8275142993986153,0.29942389038182926,-0.5927426685606213,,0.6778914776112817,-0.4703485560599533,0.7897730724217646,0.515467342156406,0.8460826264740117,0.6858383169600079,0.6048018526777064,0.7195421476716913,0.7015270414566847,-0.5562155103925464,0.8306852339995164,0.7936084562462892,-1.6258087103922108e-14,0.4294685922299236,0.8491504148245715,0.6424800667936038,0.8170093108138115,0.5081249197618959,-0.43414179078085363,0.7124333518981832,-0.6608856247455855,0.8683168968260445,0.6344200601985885,0.40653278838050083,-0.6219033896157818,0.803605003064006,0.4022301206085751,0.7197448728083531,0.7265997920405323,0.8836638224209054,0.762163208453874,0.028789989716520935,0.7696597106237287,0.8629213218285794
ACHC_High_Iter 8,0.8689861222417095,-0.46117983166920773,0.6140531965143554,-0.8217166290940218,0.8379595109767823,1.0,0.9029730723668967,-0.7257740978170615,,-0.5397680661470915,-0.09270292331190703,0.3058701473474536,0.8095073190162642,0.2227099543241457,0.8049425700550674,2.969442876214229e-15,0.844032597078049,0.6441206709116681,-0.6332223397407527,0.08857526828977214,0.4791903177088597,0.7976026001926718,-0.5682842377328763,0.429810558533625,0.8715031236079185,0.8216034225845852,0.5636357406072253,0.04386282445606927,,-0.7739960336647117,0.64278062152777,0.917216949218229,0.7468193610183252,0.2446483388433113,-0.8823996410291328,0.1982275524138379,-0.7659416973644472,-0.0996921713478898,0.8624878785381955,,0.8905852434629601,0.911591481062802,0.8878849103307164,-0.24345986229386823,0.4343784498966615,0.8701416433432656,0.6258189371457715,-0.03200831728727847,0.5682149255500686,0.6617223390043865,0.5321602586080098,-0.2085381363282249,0.7573899805640533,0.9040357953274272,0.1883730775449049,0.2478178532469749,-0.06146480413051874,0.8472981256816903,,0.5482314737407781,0.3525755236924074,-0.4550918724959703,0.948217056036098,0.16959987230960896,-0.4288366795235355,,0.7869959875860905,-0.5161995648786614,0.6549169328345295,0.7330054223324315,0.8492348751946728,0.8701568502524882,0.753493726656521,0.646795154953287,0.7644063235964145,-0.7697658392685215,0.9359115408885063,0.7102647114625014,2.8545538830693642e-15,0.3345364370237408,0.7999092921051297,0.8657649772871963,0.799297833402602,0.5311687400551712,-0.5968585761451176,0.6282090127385381,-0.8126498485763626,0.76030234297206,0.3021927163510559,0.48150367806989797,-0.7865264077169002,0.8334904556234259,0.5475323308658582,0.587199066645726,0.8521166539119934,0.9196315278770586,0.7800101965146923,0.0929168545398741,0.8114553552183136,0.8618626106627792
JACK_High_Iter 8,0.8193449081091071,-0.27516463904004806,0.4696483326312902,-0.7172969562117187,0.7137752049663927,0.9029730723668967,1.0,-0.6439836696346217,,-0.3310158939368391,-0.055387287642238235,0.2500189527512137,0.7219647582674062,0.21174679077819755,0.7287273606101886,-1.1138748565365376e-14,0.7081110482023646,0.5664943792933107,-0.5376776714582447,-0.0016737655564206797,0.4246186739409635,0.6226082551142463,-0.6122389556527693,0.25172976343831666,0.7885716501232746,0.7562140071668915,0.4260002713251413,0.016559452405721934,,-0.5624067618309845,0.48392326760495724,0.8153771725852418,0.7009862730009883,0.1956166315575132,-0.8328463060066039,0.15068866414504536,-0.6989331816269139,-0.23784666079890127,0.7467286088554095,,0.73017672089533,0.8185292562678671,0.8406499085021315,-0.29649107498434135,0.46556847466649426,0.7657168258549701,0.4687836286397906,-0.025537337304199954,0.5927001485166915,0.5589216714120591,0.4260247394001466,-0.0631640024727779,0.6206093735993454,0.7696043671802251,0.16124375762870036,0.26157182892474035,-0.24036028852838281,0.7843426151141619,,0.6218106117844034,0.3395316588013144,-0.23287404768707196,0.8694553784753534,0.2790171416192794,-0.3825605954427518,,0.6067921639058854,-0.461913754652765,0.5718471764798121,0.6590743878352822,0.6983558975348392,0.7734263481644995,0.7162486017885832,0.5803007488893424,0.7499774503734591,-0.7634671753679237,0.8369111966862308,0.5031992100067648,-1.1653008550329972e-14,0.32756267762729957,0.6666965791350216,0.8976116828918832,0.7095949910753735,0.5821086340377823,-0.4433142664147254,0.5266425157795581,-0.7529970301683117,0.7253695984537271,0.15576064892121083,0.3430940526889276,-0.6879085004265375,0.7128118643690043,0.5771825064385284,0.5159507473704787,0.7983916759160851,0.8078748019580171,0.697284773547376,0.10086809034025596,0.795789382577955,0.7505216481668671
MTB_High_Iter 8,-0.7553726159666894,0.16074753753585208,-0.3262353167297587,0.8873642265913911,-0.5511737557028805,-0.7257740978170615,-0.6439836696346217,1.0,,0.46237838831330946,0.021283057329277655,-0.4892483302406679,-0.6728586726255987,-0.22461921027229942,-0.8007368072137353,1.5388760825486479e-15,-0.8208828272638589,-0.6267036141233073,0.8481636460739064,0.22012892029118378,-0.7153718078762149,-0.41902196124961716,0.45634014172134757,-0.609124419370897,-0.7020032755075699,-0.4392233888486862,-0.6415793658618405,0.1301674867090922,,0.7984907162913842,-0.29880182327669585,-0.7765437813512978,-0.5934165583507287,-0.483616175179997,0.7132650045625207,-0.24779700842018745,0.3815587789553746,0.2929899494789745,-0.7329205191053171,,-0.7054295284201166,-0.666557519416306,-0.5826913458685558,0.02272718533663353,-0.6712532755533999,-0.7868806545782417,-0.5908143041069494,0.06452530280790829,-0.3129008534440282,-0.7118534636517533,-0.4992417171080455,0.49445271322541345,-0.665251233432431,-0.5839040080202536,-0.5473557521496842,-0.380581118346193,0.30575193027667324,-0.7886101264339282,,-0.43880313573834095,-0.05677879796287335,0.6165450985826544,-0.7807085118399489,-0.33700880892496565,0.12233761986784156,,-0.5423244146273066,0.5000010405338655,-0.561119927740361,-0.6971466444229322,-0.5924765503928271,-0.7154329744282544,-0.5208153509473636,-0.7681885758609707,-0.7448522750046053,0.36666136876137306,-0.6983925791941137,-0.4551668681268951,3.568797778440515e-15,-0.4779718725373517,-0.7756586757631114,-0.7691952398908348,-0.7430617205952884,-0.48529558524945754,0.6330269083052679,-0.44169107713384076,0.5058518531808401,-0.6085612415528934,-0.36823935807363184,-0.5465157761925461,0.7606454854024157,-0.7806074450042124,-0.5719306601278241,-0.5377494193328703,-0.5070771449968489,-0.5710233816845696,-0.729563261104134,-0.041766983636279925,-0.5847747161063261,-0.754815482711133
OMI_High_Iter 8,,,,,,,,,,,,,,,,,,,,,,,,,,,,,,,,,,,,,,,,,,,,,,,,,,,,,,,,,,,,,,,,,,,,,,,,,,,,,,,,,,,,,,,,,,,,,,,,,,,,
SSD_High_Iter 8,-0.6029751046934685,0.34204574226753787,-0.40036208023621633,0.624099482196976,-0.6074334421629559,-0.5397680661470915,-0.3310158939368391,0.46237838831330946,,1.0,0.06674321887809831,-0.36524492559514116,-0.5533061321820214,-0.23179792351718628,-0.5306067131390326,-1.0560888761916319e-14,-0.6220205349109628,-0.5684634129282709,0.49600047396501123,0.0890111574563676,-0.45275455335433484,-0.5115786221163167,0.5054157872217399,-0.47047229447173256,-0.5777743015688585,-0.5692597214577622,-0.5062308593335144,0.07142305488405967,,0.6790201379241092,-0.3894155054271239,-0.57144838909536,-0.597283951645107,-0.220886149813983,0.5590534223216637,-0.09513404593817709,0.4276453882579311,0.19581960893988845,-0.6038921070598484,,-0.652213379329952,-0.608950981312835,-0.509015275992953,0.36679256135492266,-0.39219745545291607,-0.666169469902876,-0.2769880699818073,0.006342284663060243,-0.4449446179832604,-0.6019056303455875,-0.3680121702946958,0.26173902306977104,-0.586210979992996,-0.5381250992098455,-0.3264010120101867,0.012243781758862754,0.06896093013044338,-0.6303826511065912,,-0.353230214964372,0.19864932275465677,0.6739681718530453,-0.5421732199761753,-0.22901629179237531,0.5459879277498842,,-0.47944753616680913,0.43421664611269956,-0.4400761523541145,-0.46525794994967723,-0.5011718866809928,-0.327242546221175,-0.32442159100271256,-0.5163522824081993,-0.5039898952633055,0.40469809999249134,-0.5220775689019815,-0.5095360300412125,-1.0773666489758724e-14,-0.3585506214662695,-0.6409955391633895,-0.33327248659267017,-0.5781321415787075,-0.42932547369704605,0.5789119557058101,-0.5977688492487233,0.4301505807544147,-0.58396712322231,-0.3074123613620056,-0.2946841776709424,0.4734437032088401,-0.6528257483241117,-0.25922804672140376,-0.3326731878164688,-0.48764915266031256,-0.6192512347965269,-0.5607669591361815,-0.01866237975246372,-0.6012034924962818,-0.6889478166826735
ROCK_High_Iter 8,-0.02446491046144565,0.09593194476323709,-0.1305731204690754,0.05173337722945347,-0.1062432400538746,-0.09270292331190703,-0.055387287642238235,0.021283057329277655,,0.06674321887809831,1.0,0.05789888506112517,-0.06828469524318416,-0.02763664032032957,-0.05228335370687298,-1.5256926060806955e-14,-0.03624586758448308,-0.050014407437030325,-0.025206156311305884,-0.017177170503647317,0.08100321833643002,-0.12429302438645173,-0.017381795464706213,-0.01973880159515222,-0.06383632688439914,-0.07659019193915033,0.019944596575621268,-0.12467679640106057,,0.02823939094342149,-0.14329356415308353,-0.04858885525018403,-0.020909384753025628,0.12476729607657694,0.04232169136738945,-0.08377335556201569,0.08936576697791898,-0.13049293052572117,-0.052670226750690115,,-0.084649376958644,-0.07173190463676074,-0.11230082829234381,0.03652730059795307,0.1120224215234238,-0.018765553258840717,-0.09164269623126696,-0.010072787050317361,0.017682138274598778,-0.004948980052772237,-0.1139152277472631,-0.0010933613629610045,-0.03951641227530083,-0.13508452268489113,0.107666646095286,0.034371709219146875,-0.12955718822979395,-0.010094669162107167,,0.04251741327575103,-0.10086399208847475,-0.0007716101718588099,-0.0466790993838253,0.11363938481362751,0.09612973275776565,,-0.12772540072589197,-0.017639487669844446,-0.06658622318627648,0.022356382021333117,-0.08631244198018029,-0.08510233324786375,-0.07869907756621482,0.021473376284647093,-0.004059018968001397,0.14156748444581602,-0.06553405046893614,-0.13171814627596307,-1.5596000238814997e-14,0.09999485134690798,-0.036334507759517284,-0.013185907274658218,-0.017247394613018035,0.07911572984551592,0.0038224223916966697,-0.03584172544737843,0.07169082314616089,-0.05304736708045923,-0.06226165758604242,0.09564013216015092,0.003433727827002909,-0.03040815756353389,0.05216747409265053,-0.047117033791729025,-0.07466084864664792,-0.09980403961188922,0.014680844153042862,-0.010072787050317252,-0.024930296776228763,-0.0413169205641511
LM_High_Iter 8,0.4207360296068514,0.08353809335331637,0.3195715589037458,-0.45824090770820985,0.34693260739210763,0.3058701473474536,0.2500189527512137,-0.4892483302406679,,-0.36524492559514116,0.05789888506112517,1.0,0.4194513506592087,0.3589093230409958,0.44726691674387326,-3.272550011858319e-16,0.5677999386073935,0.557540166244873,-0.511956809278105,-0.26045864834130417,0.7040571446322199,0.17763438364024425,-0.2744007412312151,0.6561823660332262,0.37429929805446843,0.290528133518479,0.6407292926297945,-0.11040853211508671,,-0.5253808756137622,0.00735863407537487,0.4826659206797708,0.48553164610952415,0.47811020319719455,-0.3225327034727155,0.04981420601500116,-0.08128107071770439,-0.4278862324725008,0.4268330096532226,,0.4439047860788556,0.4812816306578187,0.1877204791596347,-0.15065202670533373,0.4821608484206875,0.5577660546531966,0.26603937985786785,0.004514247266501229,0.3668089459792467,0.6070234105701751,0.300162738977986,-0.09679770643737584,0.44738980664184863,0.14885479541162785,0.7113380677254265,0.37849860023675497,-0.32603917779948793,0.5543323501112871,,0.3883278705009532,-0.17928970787654025,-0.567326369442002,0.4407472247408696,0.5660869808644255,-0.03438780316419076,,0.12206935812846849,-0.38156667870311456,0.3977728759404001,0.47840273774646713,0.26902887246083074,0.187561812733381,0.0863908618667871,0.6488385572065617,0.5747257275653087,0.12034607436075152,0.2961526243880466,0.1870911435828963,-5.452303746711152e-16,0.4966268460419656,0.5283647126232225,0.4063359173738726,0.5077596237966788,0.43158453855538376,-0.26499799774498006,0.4246537633235437,-0.07422276121369631,0.37088546348254153,0.30875061034669415,0.471957919456561,-0.3110189347267148,0.5819616331070245,0.40037865263146344,0.3236560347969722,0.2608853479953786,0.2730115871117096,0.6020592981079482,0.004533692651190843,0.3823529079331965,0.5376421098223948
CTAS_High_Iter 8,0.7640706375517596,-0.0563799651242171,0.6219746497257074,-0.7908787564926896,0.9041821375037946,0.8095073190162642,0.7219647582674062,-0.6728586726255987,,-0.5533061321820214,-0.06828469524318416,0.4194513506592087,1.0,0.5974594672680535,0.7924592154900603,2.2112149890014851e-16,0.842347982321738,0.7262010820090794,-0.5476242008162391,0.03811313189091058,0.6564458393090367,0.6571729874682221,-0.4040773373834993,0.6394281164372699,0.8780042339539174,0.7696808708351707,0.7678005307881717,-0.05193856892556582,,-0.7686776696025366,0.4775300788655068,0.8887629976122282,0.8426992019383995,0.13944844990988264,-0.6594920539862509,0.39755402843831433,-0.4729505158570217,-0.27244382599922984,0.8735900899287853,,0.8399611865896459,0.8163703045094783,0.7446559825784024,-0.13564879476301459,0.4910100790093662,0.8778753518234964,0.7042685190938747,-0.028794496541035042,0.705621111861847,0.8759797010708289,0.5230327842475843,-0.12395782936307856,0.9013729282354673,0.7775521881556419,0.4802560336838565,0.36844484241053554,-0.025964996844610698,0.7826221391321058,,0.6245011588375996,0.21167811936716793,-0.5483625921454395,0.8653633366614369,0.49289441829305564,-0.4519188821829773,,0.5114634610188142,-0.5860286663148935,0.8184916278117934,0.5517259135853686,0.8596286562476096,0.7187727815917785,0.5347954992406443,0.8560328435423504,0.7811622096554893,-0.42358499830663376,0.8354237983544166,0.7300757493642249,-1.3623148857300306e-16,0.5746945706912431,0.8928027249106778,0.6978269108836594,0.8712906231388148,0.6119774536732652,-0.45516287408523226,0.7282390763195817,-0.6705971683591267,0.8654441243259303,0.6679215762787781,0.45526342033490236,-0.7186509443220321,0.8662985913773525,0.5031039915876141,0.6787095099358135,0.6676251088321461,0.8351588459665515,0.8430354977928565,0.023537587802592283,0.8012242054856272,0.8787727543206081
ZBRA_High_Iter 8,0.19886369762912148,0.3452874783267214,0.32825274287298895,-0.25697378048597125,0.46332071856110363,0.2227099543241457,0.21174679077819755,-0.22461921027229942,,-0.23179792351718628,-0.02763664032032957,0.3589093230409958,0.5974594672680535,1.0,0.39399202091169333,-3.372751481301516e-14,0.4224850833045554,0.5310883449112992,-0.017592210999996964,0.012659234533273792,0.5011960359245512,0.20059888837614573,0.013441266582963074,0.5471634518110431,0.28855899189250966,0.2774398895887844,0.4636855336955002,-0.04996038479223547,,-0.36490368423434977,0.04279981533624067,0.3826911752972939,0.4057647513709507,0.0782346489330591,-0.11122740732133504,0.21468876946822282,0.20072573442701658,-0.3303102582028739,0.3207671401260021,,0.3533296343820179,0.37154576362744557,0.187328204744422,0.169431165201405,0.2587779653889709,0.4143632605141256,0.4802638247492306,-0.01253194358066833,0.4567889683951921,0.6114713519810386,0.17718010408664386,0.12623213752225068,0.45517907712420197,0.21420040812393445,0.595857400038515,0.5623737708045939,-0.07508505030282177,0.2760616000663929,,0.28081011313090226,0.09212301999220693,-0.2270709301391062,0.2853977387344006,0.5774569800737678,-0.07631972711129552,,-0.011983329150783704,-0.271965435030283,0.5645235791819566,0.14579349545855236,0.3265291412276854,0.17155772485540935,-0.04159023596103826,0.6458210684689546,0.49947028792086956,0.0932672281736217,0.2601012910229389,0.34153358354820523,-3.3499432745582125e-14,0.4110286427116898,0.4776110313369905,0.19541462376072077,0.44290445031092573,0.20508387683489507,-0.03544878498988539,0.3597608881466248,0.00561383715390768,0.499859908153474,0.6433601429516448,0.2595915283466265,-0.13789022423215785,0.4690075617096775,0.16475581010020748,0.49918773182791915,0.11745043800237702,0.253763075692993,0.4087094476202792,-0.043899883832658075,0.31940280931902904,0.46029815220017456
OPY_High_Iter 8,0.7725151004310938,-0.14276539177655798,0.5079913838063698,-0.8769724933250367,0.7546782512529777,0.8049425700550674,0.7287273606101886,-0.8007368072137353,,-0.5306067131390326,-0.05228335370687298,0.44726691674387326,0.7924592154900603,0.39399202091169333,1.0,1.6998454054547456e-15,0.8622433151628048,0.7638195539954281,-0.5771146332757006,-0.18716940032349458,0.5830193381484438,0.5535591315466711,-0.3008202694755471,0.6524496080746055,0.8165299896591203,0.5486149155112621,0.6331982000969811,0.1308378411261225,,-0.7640151812897791,0.47214974155486555,0.8008274363741552,0.6255748814203836,0.31104472982525755,-0.662030322331039,0.44459667350340704,-0.4448218093274591,-0.23099918759378937,0.7178557294828593,,0.8572847132344614,0.838429722916575,0.797326957863501,0.06568919765463554,0.4718427434609568,0.7639738593466319,0.7714511472366765,-0.07366627765949067,0.4313873438722091,0.7714251510309417,0.6619786682441191,-0.5273147911483205,0.6232110207373628,0.7734581921181722,0.41857103823461705,0.4575677651795815,-0.06482978577228474,0.708477434237606,,0.4060014586325526,0.34524228387529826,-0.48770265352097153,0.7728529655914703,0.2624664876243003,-0.3337830095003263,,0.7278151852503685,-0.2822603285090117,0.7405891611572083,0.6191078347042884,0.6755208693437749,0.8102602470957736,0.7197195868956285,0.7415261440274349,0.7608162677979362,-0.4980300468368486,0.6922996350973382,0.645803065983618,-1.074397549224384e-15,0.34373271937517297,0.8400374453141408,0.7560340884004514,0.7149200588268171,0.3859706794778748,-0.633266303175331,0.4111618818892331,-0.5336201353160007,0.7449764623247478,0.4796901437128369,0.39849073279068276,-0.7116565277111057,0.7522984818107741,0.36405927368373775,0.7621001850851542,0.4827865308873265,0.666793250332081,0.6584635472108712,0.027556852222204886,0.604956110510356,0.7808247040623782
BRO_High_Iter 8,2.5857807969811684e-15,3.633138314789786e-14,7.27873613449168e-15,1.2959489060878756e-14,-1.653612508262986e-14,2.969442876214229e-15,-1.1138748565365376e-14,1.5388760825486479e-15,,-1.0560888761916319e-14,-1.5256926060806955e-14,-3.272550011858319e-16,2.2112149890014851e-16,-3.372751481301516e-14,1.6998454054547456e-15,1.0,1.3109256235457793e-14,-8.752290632465253e-15,-1.0061091300364533e-15,1.376370369702002e-15,-8.746640448039705e-15,-8.014817802487027e-15,-2.9170492560959535e-15,2.831071447822491e-15,1.9084398880094868e-14,-1.061673734994399e-14,1.414216870964671e-15,6.494028790275032e-16,,2.315814926383165e-15,-6.1642858498738586e-15,1.4866323223439875e-14,1.0306081136435672e-14,2.166251752982795e-14,2.0196940460712928e-15,7.186270466772604e-15,1.3795172114207293e-15,2.224917760766848e-15,-1.300648551269916e-14,,-4.551978055033562e-15,-1.7228011580673344e-14,3.5880608116583316e-15,-5.082345644124071e-16,-8.65148742712499e-15,6.115895204913758e-15,-7.062688372425439e-15,-6.434347329231844e-14,-4.86373547949583e-16,1.1552401754310437e-14,6.9252032498103034e-15,-3.376686869703764e-15,-4.106603110154049e-15,1.378545072846474e-14,3.952478905450087e-15,-2.067841403138032e-14,-5.641785699431005e-15,-1.6444998994828023e-15,,3.180966567680683e-15,-3.8565202477223e-15,1.4782957552517675e-14,-3.313929468724339e-15,7.19770780760234e-15,4.23426849794976e-15,,2.1191060412913915e-15,-4.674490418277254e-15,-2.4364852942855586e-15,-3.644652991749735e-15,7.064563018697828e-15,4.732396518328211e-15,-1.5417867652797196e-14,7.108017594003465e-15,2.467194557507469e-15,-5.188204802706633e-15,-1.6154501919691635e-15,-3.494635704675008e-16,1.0,5.317949379214824e-14,7.334150828136855e-15,-1.3588634915882233e-14,-1.2055946326303083e-14,-2.063506023957406e-14,3.94134413791674e-15,-2.9799006964307247e-15,-2.2869449801509193e-15,6.163694192745356e-16,1.6098203942967197e-14,-7.343936309506869e-15,-4.1815353897808865e-15,1.3256428309135992e-14,-2.2296136610742167e-14,1.9035460876285576e-14,-8.823857165155023e-16,-3.3849898058332665e-15,-1.179833540368783e-15,5.41904810288121e-14,2.0069640753705463e-15,3.618672721843896e-15
BSET_High_Iter 8,0.8591995780375354,-0.22475608109143635,0.572249825512629,-0.9059269762582136,0.8230917922591823,0.844032597078049,0.7081110482023646,-0.8208828272638589,,-0.6220205349109628,-0.03624586758448308,0.5677999386073935,0.842347982321738,0.4224850833045554,0.8622433151628048,1.3109256235457793e-14,1.0,0.8242683277534244,-0.7136540532439766,-0.17372733524420333,0.7769996818077346,0.6225814999259774,-0.473636811968605,0.7260371465265433,0.8304794171961275,0.676344495773771,0.7951768396074803,0.022668209846649603,,-0.9050480421769345,0.40557272480828793,0.920278653162442,0.803634244237909,0.44626086816480337,-0.7862357142182017,0.2113105557832229,-0.44245740534910794,-0.29066993118208917,0.8025952742750423,,0.9157481326335328,0.8922736949608401,0.7572167156179777,-0.11364584111735869,0.5832786287362214,0.9180016627194528,0.6847605730166669,-0.0267696188298534,0.5555008877781915,0.8828135541285826,0.5128552826349058,-0.3000597023418965,0.7776893810158906,0.7537335525234563,0.5782613788748174,0.47543013830929126,-0.16389187017182164,0.8777251843506182,,0.5658389403319882,0.15882104611401526,-0.6759277667110021,0.8802430901939907,0.446108022352049,-0.38505628289550264,,0.6610193323244709,-0.5436418120797577,0.6980389079777761,0.7861148575964181,0.7456043683351736,0.7118930053346547,0.5855766092301353,0.8776824641182012,0.8932835038198839,-0.4721507548757675,0.8195212026130002,0.6317071820811689,1.3302788535081054e-14,0.5525714454317795,0.9362315836988033,0.7983099731669988,0.8885879677491159,0.5725583526236931,-0.6129231263977691,0.6792957685031626,-0.5716984749511551,0.8061653505407068,0.5396022933525236,0.6556901798496966,-0.7670818256557055,0.9019933195408346,0.6142070001480057,0.7321434733117488,0.6533387631955483,0.7711624103818198,0.8557784021234838,0.03440347564998722,0.7599100429765174,0.9119465789827469
APH_High_Iter 8,0.6392620760839057,-0.14455642078693196,0.5921913519383559,-0.720599564437159,0.7769026732804206,0.6441206709116681,0.5664943792933107,-0.6267036141233073,,-0.5684634129282709,-0.050014407437030325,0.557540166244873,0.7262010820090794,0.5310883449112992,0.7638195539954281,-8.752290632465253e-15,0.8242683277534244,1.0,-0.4884146007560029,-0.2947590190585618,0.6895035916823392,0.5327617972289631,-0.3723072948017203,0.7194254374683191,0.6093542677501049,0.5979659107834774,0.6248836898454472,0.18399882694695632,,-0.6922273187929804,0.36041126647188404,0.7494252828564345,0.6457079452873398,0.24926909882048784,-0.5926266827054016,0.23330077484931092,-0.23289824943796106,-0.16178566221543889,0.660002890911846,,0.7789237636014259,0.7603098722925687,0.6022386679550492,-0.15946417129118987,0.337341872874919,0.7640064673079969,0.6560803337136795,-0.02673627174493938,0.5023659126492755,0.7532161753196797,0.5421229089724299,-0.17273170556401685,0.6373657089420396,0.6289755481966394,0.5727045899517378,0.47151393072129744,-0.04513226765088109,0.7086438208494678,,0.36734147434181874,0.1001513229528537,-0.5238626960594813,0.6822780353732488,0.44611947444818084,-0.36028049721899813,,0.5799291781446396,-0.4235183826392536,0.7449502334695756,0.5335916118832524,0.5813591991277526,0.5191846697328426,0.4039866976602975,0.775830116518697,0.7254436714059266,-0.3389517258227274,0.6129877209693948,0.5669815143731884,-8.900825976288684e-15,0.4098366462488921,0.8130560329932273,0.5447114752755692,0.7250325096262358,0.4297096319635162,-0.4092396603149484,0.5361882618742155,-0.29399410244875174,0.7129730164594205,0.5899072893136715,0.4679508011110003,-0.39295667866536266,0.7755142902384824,0.4264903201535801,0.7280649397020331,0.5019832284701067,0.6188134632013135,0.6737690857193005,-0.04942928191999445,0.5783112250024632,0.8012095735568189
BCRX_High_Iter 8,-0.7356514031202828,0.26245874432117305,-0.18500031258317223,0.7768964224308086,-0.45144707121048294,-0.6332223397407527,-0.5376776714582447,0.8481636460739064,,0.49600047396501123,-0.025206156311305884,-0.511956809278105,-0.5476242008162391,-0.017592210999996964,-0.5771146332757006,-1.0061091300364533e-15,-0.7136540532439766,-0.4884146007560029,1.0,0.1927826292970311,-0.7030628375984284,-0.3124189590065024,0.5899215898967567,-0.4999924540629179,-0.6358270873008118,-0.4416418668812157,-0.6013885712468641,0.2575237070633134,,0.7563933560806327,-0.19016254084556639,-0.7201141155669806,-0.6254379424060301,-0.5419403682855851,0.708289702666001,-0.00133000791999725,0.444129480027013,0.32171812106614256,-0.7001663852316777,,-0.5915166098686974,-0.5716049617395914,-0.4837504804306758,0.24353691053037768,-0.7051927714963968,-0.7641914214013491,-0.2849501629469188,0.039675958380661354,-0.3690390924630326,-0.6193469263681272,-0.3344036173919159,0.32613429294116936,-0.6369409081539608,-0.447093365636522,-0.5368126896231705,-0.2042160739770351,0.39038620768262966,-0.8029100632202223,,-0.4934483708573636,0.20371095037584003,0.7415364637028686,-0.7357971545230422,-0.37992563010656916,0.1380821085745514,,-0.4030473310582968,0.6381561005979325,-0.3470393441392398,-0.730260609182676,-0.5073128441019402,-0.5201765035457577,-0.38210920490316197,-0.6738103977330037,-0.6435954533274186,0.2943244956847428,-0.6706274936896802,-0.32070120140480657,2.4514635439826266e-15,-0.5692314965767026,-0.6672780636080393,-0.702260405737034,-0.7012678036191528,-0.6093234034738186,0.6268498699586371,-0.5545700966762651,0.5129233493798081,-0.498116493871045,-0.2062217142931348,-0.615320224496964,0.7402246533407079,-0.7407268120818782,-0.6742441710333269,-0.28077214275994944,-0.5677758283655318,-0.5704666610894128,-0.758967510213019,-0.054777266044445196,-0.6104023869897371,-0.6689026262947151
RHI_High_Iter 8,-0.13944127272873008,-0.32185023474358315,0.0560312400461801,0.2623044681750193,-0.013794460159112072,0.08857526828977214,-0.0016737655564206797,0.22012892029118378,,0.0890111574563676,-0.017177170503647317,-0.26045864834130417,0.03811313189091058,0.012659234533273792,-0.18716940032349458,1.376370369702002e-15,-0.17372733524420333,-0.2947590190585618,0.1927826292970311,1.0,-0.3817040477465056,0.3439429956712545,-0.006707301721365036,-0.2117065018873714,-0.05030560512725755,0.23979184928108385,-0.21661986037029518,-0.17000346859250418,,0.08603471982517319,0.4790860082577665,-0.015086059935840996,-0.13030924224715526,-0.17748088221134098,-0.017347602660149102,-0.001778842058536808,-0.2456551704213024,0.3461805450258174,0.14083004696719467,,-0.08234725907424766,-0.05584528871654401,0.0032167724558364455,-0.012035484856255064,-0.17047529928341495,-0.014452122419918684,-0.06637727569214967,-0.021532594675643137,0.059498238997944757,-0.2536340175442573,0.06901048496161064,0.21135136370089222,0.16993356889048847,0.10447665064788743,-0.33430073356873125,-0.2581190075050348,0.26145967594177255,-0.08900717291475103,,-0.1882802898653866,0.1661153673103954,0.22100390354544344,0.04463512225609318,-0.23662570878740233,0.12088573468958388,,0.004360240646305773,-0.13424876349798714,0.023504119441431166,-0.06419085924541616,0.2715325209327955,0.15341188683441906,-0.05586918698507249,-0.1761079178097818,-0.25949070318732326,-0.12727633740334532,0.15168494841533256,0.2736367595314288,1.6928519286267761e-15,-0.20959391014885032,-0.1438304564537027,-0.14574277155354218,-0.12123545277000024,-0.10518412625339364,0.14914530342444504,0.04401480887046131,-0.1829910438674162,-0.11293895314204319,-0.07200687047305264,-0.10525666005994645,0.02854894963303194,0.011812975306502636,-0.22381172969065505,-0.27226431564687215,0.23800552080829793,0.21267038670832944,-0.06544934215808924,0.048190438390483974,0.025108131486050993,-0.009576838585951328
PTEN_High_Iter 8,0.6635049608792345,0.11103631263768089,0.2484944322631135,-0.6897590638525087,0.5281692618635204,0.4791903177088597,0.4246186739409635,-0.7153718078762149,,-0.45275455335433484,0.08100321833643002,0.7040571446322199,0.6564458393090367,0.5011960359245512,0.5830193381484438,-8.746640448039705e-15,0.7769996818077346,0.6895035916823392,-0.7030628375984284,-0.3817040477465056,1.0,0.18216010900920568,-0.4396324335644969,0.6704564327922751,0.5728078974888258,0.41003637967106604,0.8071767960434583,-0.27771979505447103,,-0.748023281271622,-0.09653249821889748,0.7214226682708847,0.7526329519113081,0.632323464116659,-0.5530227183256797,-0.06390434552642141,-0.08147015299073748,-0.6275056282773523,0.5726753085838924,,0.5847961285496034,0.5973808677616085,0.35353572712290166,-0.13146139743073385,0.7551030962864983,0.770465295701824,0.41296224304039647,0.015440095505346528,0.5693584763935852,0.8738760438100016,0.13069038123306712,-0.09644893706471838,0.6362305531632333,0.28367863274813443,0.8970328858784982,0.5738895634630174,-0.5033387569231811,0.7687590481216711,,0.6703980189322882,-0.25077378034787906,-0.7357015832066861,0.6459841629554396,0.7605812419665086,-0.1707159830907204,,0.15242357815106575,-0.6184716892187356,0.43994298666960957,0.6651000267690598,0.4141293030605699,0.32318382606068297,0.1512121544180205,0.8816478388788299,0.8410488588460036,-0.0001732093453793294,0.5617258775698726,0.20879704877311922,-8.811964708670792e-15,0.8099962717005088,0.7660669940953465,0.6162467316642416,0.7976028434818961,0.6585504579343938,-0.4741529397524353,0.6656723681523999,-0.3052624146506927,0.5927365922740641,0.44515682610326124,0.7855399405846186,-0.5667861390377076,0.7746455575246487,0.7529119561465124,0.4806138368456004,0.36049625463127405,0.42028899859691293,0.8274819287976561,-0.043939812046182164,0.614559890656683,0.702897642794704
