Date,Open,High,Low,Close,Volume,Ex-Dividend,Split Ratio,Adj. Open,Adj. High,Adj. Low,Adj. Close,Adj. Volume
1991-12-04,12.0,12.25,12.0,12.0,441300.0,0.0,1.0,8.727771650956,8.9096002270176,8.727771650956,8.727771650956,441300.0
1991-12-05,12.25,12.25,12.0,12.0,59700.0,0.0,1.0,8.9096002270176,8.9096002270176,8.727771650956,8.727771650956,59700.0
1991-12-06,12.0,12.25,12.0,12.0,145000.0,0.0,1.0,8.727771650956,8.9096002270176,8.727771650956,8.727771650956,145000.0
1991-12-09,12.0,12.25,12.0,12.0,47400.0,0.0,1.0,8.727771650956,8.9096002270176,8.727771650956,8.727771650956,47400.0
1991-12-10,12.25,12.25,12.0,12.0,38700.0,0.0,1.0,8.9096002270176,8.9096002270176,8.727771650956,8.727771650956,38700.0
1991-12-11,12.0,12.25,12.0,12.0,139700.0,0.0,1.0,8.727771650956,8.9096002270176,8.727771650956,8.727771650956,139700.0
1991-12-12,11.5,12.25,11.5,11.5,53300.0,0.0,1.0,8.3641144988329,8.9096002270176,8.3641144988329,8.3641144988329,53300.0
1991-12-13,11.5,12.0,11.5,11.5,13400.0,0.0,1.0,8.3641144988329,8.727771650956,8.3641144988329,8.3641144988329,13400.0
1991-12-16,11.5,12.0,11.5,11.63,16300.0,0.0,1.0,8.3641144988329,8.727771650956,8.3641144988329,8.4586653583849,16300.0
1991-12-17,11.5,11.5,11.5,11.5,36800.0,0.0,1.0,8.3641144988329,8.3641144988329,8.3641144988329,8.3641144988329,36800.0
1991-12-18,11.5,12.0,11.5,11.75,3900.0,0.0,1.0,8.3641144988329,8.727771650956,8.3641144988329,8.5459430748944,3900.0
1991-12-19,12.0,12.0,11.5,11.5,13700.0,0.0,1.0,8.727771650956,8.727771650956,8.3641144988329,8.3641144988329,13700.0
1991-12-20,11.5,12.0,11.5,11.63,46900.0,0.0,1.0,8.3641144988329,8.727771650956,8.3641144988329,8.4586653583849,46900.0
1991-12-23,12.0,12.0,11.75,11.75,6100.0,0.0,1.0,8.727771650956,8.727771650956,8.5459430748944,8.5459430748944,6100.0
1991-12-24,12.25,12.25,11.75,11.75,50400.0,0.0,1.0,8.9096002270176,8.9096002270176,8.5459430748944,8.5459430748944,50400.0
1991-12-26,12.0,12.5,11.75,12.5,82700.0,0.0,1.0,8.727771650956,9.0914288030792,8.5459430748944,9.0914288030792,82700.0
1991-12-27,12.0,13.0,12.0,13.0,31200.0,0.0,1.0,8.727771650956,9.4550859552024,8.727771650956,9.4550859552024,31200.0
1991-12-30,13.25,13.5,12.5,13.25,87000.0,0.0,1.0,9.6369145312639,9.8187431073255,9.0914288030792,9.6369145312639,87000.0
1991-12-31,13.5,13.75,12.25,13.0,62900.0,0.0,1.0,9.8187431073255,10.000571683387,8.9096002270176,9.4550859552024,62900.0
1992-01-02,12.25,13.0,12.25,12.5,115700.0,0.0,1.0,8.9096002270176,9.4550859552024,8.9096002270176,9.0914288030792,115700.0
1992-01-03,12.25,13.0,12.25,12.5,21900.0,0.0,1.0,8.9096002270176,9.4550859552024,8.9096002270176,9.0914288030792,21900.0
1992-01-06,13.0,13.0,12.25,13.0,15600.0,0.0,1.0,9.4550859552024,9.4550859552024,8.9096002270176,9.4550859552024,15600.0
1992-01-07,13.0,13.0,12.25,12.5,34300.0,0.0,1.0,9.4550859552024,9.4550859552024,8.9096002270176,9.0914288030792,34300.0
1992-01-08,12.25,13.0,12.13,12.25,29900.0,0.0,1.0,8.9096002270176,9.4550859552024,8.8223225105081,8.9096002270176,29900.0
1992-01-09,13.0,13.0,12.25,12.25,99100.0,0.0,1.0,9.4550859552024,9.4550859552024,8.9096002270176,8.9096002270176,99100.0
1992-01-10,13.0,15.0,13.0,14.5,181000.0,0.0,1.0,9.4550859552024,10.909714563695,9.4550859552024,10.546057411572,181000.0
1992-01-13,14.5,15.25,14.5,14.88,53400.0,0.0,1.0,10.546057411572,11.091543139757,10.546057411572,10.822436847185,53400.0
1992-01-14,15.25,15.5,14.5,15.25,29700.0,0.0,1.0,11.091543139757,11.273371715818,10.546057411572,11.091543139757,29700.0
1992-01-15,15.5,15.5,14.75,15.0,66000.0,0.0,1.0,11.273371715818,11.273371715818,10.727885987633,10.909714563695,66000.0
1992-01-16,15.75,15.75,15.0,15.0,18900.0,0.0,1.0,11.45520029188,11.45520029188,10.909714563695,10.909714563695,18900.0
1992-01-17,15.5,15.5,15.0,15.5,5800.0,0.0,1.0,11.273371715818,11.273371715818,10.909714563695,11.273371715818,5800.0
1992-01-20,15.0,15.25,14.5,14.5,7300.0,0.0,1.0,10.909714563695,11.091543139757,10.546057411572,10.546057411572,7300.0
1992-01-21,15.25,15.25,14.5,14.5,1000.0,0.0,1.0,11.091543139757,11.091543139757,10.546057411572,10.546057411572,1000.0
1992-01-22,15.25,15.25,14.5,14.5,2300.0,0.0,1.0,11.091543139757,11.091543139757,10.546057411572,10.546057411572,2300.0
1992-01-23,15.25,15.25,14.5,15.0,83700.0,0.0,1.0,11.091543139757,11.091543139757,10.546057411572,10.909714563695,83700.0
1992-01-24,15.0,15.0,15.0,15.0,400.0,0.0,1.0,10.909714563695,10.909714563695,10.909714563695,10.909714563695,400.0
1992-01-27,14.5,15.0,14.5,15.0,5800.0,0.0,1.0,10.546057411572,10.909714563695,10.546057411572,10.909714563695,5800.0
1992-01-28,15.5,16.25,15.25,15.75,157700.0,0.0,1.0,11.273371715818,11.818857444003,11.091543139757,11.45520029188,157700.0
1992-01-29,16.5,16.5,15.75,16.25,47000.0,0.0,1.0,12.000686020065,12.000686020065,11.45520029188,11.818857444003,47000.0
1992-01-30,16.5,16.75,15.75,16.75,12800.0,0.0,1.0,12.000686020065,12.182514596126,11.45520029188,12.182514596126,12800.0
1992-01-31,16.75,16.75,16.0,16.25,6000.0,0.0,1.0,12.182514596126,12.182514596126,11.637028867941,11.818857444003,6000.0
1992-02-03,16.0,17.0,16.0,16.5,10200.0,0.0,1.0,11.637028867941,12.364343172188,11.637028867941,12.000686020065,10200.0
1992-02-04,17.0,17.25,16.75,16.75,48900.0,0.0,1.0,12.364343172188,12.546171748249,12.182514596126,12.182514596126,48900.0
1992-02-05,17.25,17.25,16.5,17.13,81800.0,0.0,1.0,12.546171748249,12.546171748249,12.000686020065,12.45889403174,81800.0
1992-02-06,17.5,17.5,16.75,17.5,47200.0,0.0,1.0,12.728000324311,12.728000324311,12.182514596126,12.728000324311,47200.0
1992-02-07,17.75,18.25,17.25,17.75,43100.0,0.0,1.0,12.909828900372,13.273486052496,12.546171748249,12.909828900372,43100.0
1992-02-10,18.25,18.25,17.5,17.75,57500.0,0.0,1.0,13.273486052496,13.273486052496,12.728000324311,12.909828900372,57500.0
1992-02-11,17.88,18.25,17.75,17.75,6500.0,0.0,1.0,13.004379759924,13.273486052496,12.909828900372,12.909828900372,6500.0
1992-02-12,17.75,18.25,17.5,17.5,23200.0,0.0,1.0,12.909828900372,13.273486052496,12.728000324311,12.728000324311,23200.0
1992-02-13,17.5,18.25,17.5,18.25,23400.0,0.0,1.0,12.728000324311,13.273486052496,12.728000324311,13.273486052496,23400.0
1992-02-14,17.5,18.25,17.5,17.5,18100.0,0.0,1.0,12.728000324311,13.273486052496,12.728000324311,12.728000324311,18100.0
1992-02-18,18.25,18.25,17.5,18.25,11300.0,0.0,1.0,13.273486052496,13.273486052496,12.728000324311,13.273486052496,11300.0
1992-02-19,18.0,18.0,17.25,17.25,25800.0,0.0,1.0,13.091657476434,13.091657476434,12.546171748249,12.546171748249,25800.0
1992-02-20,17.38,17.75,17.25,17.75,27400.0,0.0,1.0,12.640722607801,12.909828900372,12.546171748249,12.909828900372,27400.0
1992-02-21,17.25,17.75,17.25,17.25,18600.0,0.0,1.0,12.546171748249,12.909828900372,12.546171748249,12.546171748249,18600.0
1992-02-24,17.75,17.75,17.25,17.75,4200.0,0.0,1.0,12.909828900372,12.909828900372,12.546171748249,12.909828900372,4200.0
1992-02-25,17.75,18.0,17.25,17.25,26100.0,0.0,1.0,12.909828900372,13.091657476434,12.546171748249,12.546171748249,26100.0
1992-02-26,18.0,18.0,17.75,17.75,78600.0,0.0,1.0,13.091657476434,13.091657476434,12.909828900372,12.909828900372,78600.0
1992-02-27,17.75,18.5,17.75,17.75,10100.0,0.0,1.0,12.909828900372,13.455314628557,12.909828900372,12.909828900372,10100.0
1992-02-28,17.75,18.5,16.75,17.25,103900.0,0.0,1.0,12.909828900372,13.455314628557,12.182514596126,12.546171748249,103900.0
1992-03-02,16.5,17.25,16.5,16.63,36300.0,0.0,1.0,12.000686020065,12.546171748249,12.000686020065,12.095236879617,36300.0
1992-03-03,16.25,17.0,16.25,16.25,55800.0,0.0,1.0,11.818857444003,12.364343172188,11.818857444003,11.818857444003,55800.0
1992-03-04,16.75,16.75,16.25,16.75,4500.0,0.0,1.0,12.182514596126,12.182514596126,11.818857444003,12.182514596126,4500.0
1992-03-05,16.25,16.75,16.25,16.25,7600.0,0.0,1.0,11.818857444003,12.182514596126,11.818857444003,11.818857444003,7600.0
1992-03-06,16.25,16.75,16.0,16.0,11000.0,0.0,1.0,11.818857444003,12.182514596126,11.637028867941,11.637028867941,11000.0
1992-03-09,16.0,16.5,16.0,16.0,3200.0,0.0,1.0,11.637028867941,12.000686020065,11.637028867941,11.637028867941,3200.0
1992-03-10,16.5,16.5,15.5,15.5,30000.0,0.0,1.0,12.000686020065,12.000686020065,11.273371715818,11.273371715818,30000.0
1992-03-11,15.5,16.0,15.0,15.0,20800.0,0.0,1.0,11.273371715818,11.637028867941,10.909714563695,10.909714563695,20800.0
1992-03-12,14.75,15.0,14.25,14.25,26600.0,0.0,1.0,10.727885987633,10.909714563695,10.36422883551,10.36422883551,26600.0
1992-03-13,14.88,15.0,14.5,15.0,11600.0,0.0,1.0,10.822436847185,10.909714563695,10.546057411572,10.909714563695,11600.0
1992-03-16,14.5,15.0,14.5,15.0,1200.0,0.0,1.0,10.546057411572,10.909714563695,10.546057411572,10.909714563695,1200.0
1992-03-17,15.0,15.5,14.75,15.25,48000.0,0.0,1.0,10.909714563695,11.273371715818,10.727885987633,11.091543139757,48000.0
1992-03-18,15.5,15.5,15.5,15.5,9400.0,0.0,1.0,11.273371715818,11.273371715818,11.273371715818,11.273371715818,9400.0
1992-03-19,15.5,15.5,15.5,15.5,3000.0,0.0,1.0,11.273371715818,11.273371715818,11.273371715818,11.273371715818,3000.0
1992-03-20,15.5,15.5,15.25,15.25,18400.0,0.0,1.0,11.273371715818,11.273371715818,11.091543139757,11.091543139757,18400.0
1992-03-23,15.75,16.0,15.25,16.0,5000.0,0.0,1.0,11.45520029188,11.637028867941,11.091543139757,11.637028867941,5000.0
1992-03-24,16.0,16.0,15.5,15.5,10300.0,0.0,1.0,11.637028867941,11.637028867941,11.273371715818,11.273371715818,10300.0
1992-03-25,15.75,16.0,15.75,15.75,4700.0,0.0,1.0,11.45520029188,11.637028867941,11.45520029188,11.45520029188,4700.0
1992-03-26,15.75,16.0,15.75,15.75,5600.0,0.0,1.0,11.45520029188,11.637028867941,11.45520029188,11.45520029188,5600.0
1992-03-27,15.75,16.0,15.75,15.75,2200.0,0.0,1.0,11.45520029188,11.637028867941,11.45520029188,11.45520029188,2200.0
1992-03-30,15.5,16.0,15.5,15.5,2700.0,0.0,1.0,11.273371715818,11.637028867941,11.273371715818,11.273371715818,2700.0
1992-03-31,16.0,16.0,16.0,16.0,3000.0,0.0,1.0,11.637028867941,11.637028867941,11.637028867941,11.637028867941,3000.0
1992-04-01,15.5,15.75,15.25,15.25,6600.0,0.0,1.0,11.273371715818,11.45520029188,11.091543139757,11.091543139757,6600.0
1992-04-02,15.75,15.75,14.75,14.75,8400.0,0.0,1.0,11.45520029188,11.45520029188,10.727885987633,10.727885987633,8400.0
1992-04-03,15.0,15.0,14.25,14.25,14900.0,0.0,1.0,10.909714563695,10.909714563695,10.36422883551,10.36422883551,14900.0
1992-04-06,13.75,14.5,13.75,13.75,400.0,0.0,1.0,10.000571683387,10.546057411572,10.000571683387,10.000571683387,400.0
1992-04-07,14.5,14.5,13.75,13.75,5900.0,0.0,1.0,10.546057411572,10.546057411572,10.000571683387,10.000571683387,5900.0
1992-04-08,14.25,14.25,13.75,13.75,12900.0,0.0,1.0,10.36422883551,10.36422883551,10.000571683387,10.000571683387,12900.0
1992-04-09,14.25,14.5,13.75,14.0,6600.0,0.0,1.0,10.36422883551,10.546057411572,10.000571683387,10.182400259449,6600.0
1992-04-10,14.75,15.0,14.5,14.5,6800.0,0.0,1.0,10.727885987633,10.909714563695,10.546057411572,10.546057411572,6800.0
1992-04-13,15.0,15.0,15.0,15.0,400.0,0.0,1.0,10.909714563695,10.909714563695,10.909714563695,10.909714563695,400.0
1992-04-14,15.0,15.0,15.0,15.0,0.0,0.0,1.0,10.909714563695,10.909714563695,10.909714563695,10.909714563695,0.0
1992-04-15,15.0,15.0,14.5,14.75,37200.0,0.0,1.0,10.909714563695,10.909714563695,10.546057411572,10.727885987633,37200.0
1992-04-16,14.75,14.75,14.75,14.75,1300.0,0.0,1.0,10.727885987633,10.727885987633,10.727885987633,10.727885987633,1300.0
1992-04-20,14.75,15.25,14.75,15.13,65200.0,0.0,1.0,10.727885987633,11.091543139757,10.727885987633,11.004265423247,65200.0
1992-04-21,15.25,15.25,14.75,15.25,1400.0,0.0,1.0,11.091543139757,11.091543139757,10.727885987633,11.091543139757,1400.0
1992-04-22,15.25,15.25,15.25,15.25,800.0,0.0,1.0,11.091543139757,11.091543139757,11.091543139757,11.091543139757,800.0
1992-04-23,14.75,14.75,14.75,14.75,2000.0,0.0,1.0,10.727885987633,10.727885987633,10.727885987633,10.727885987633,2000.0
1992-04-24,15.0,15.0,15.0,15.0,200.0,0.0,1.0,10.909714563695,10.909714563695,10.909714563695,10.909714563695,200.0
1992-04-27,15.25,15.25,14.75,14.75,8000.0,0.0,1.0,11.091543139757,11.091543139757,10.727885987633,10.727885987633,8000.0
1992-04-28,15.25,15.25,15.25,15.25,1100.0,0.0,1.0,11.091543139757,11.091543139757,11.091543139757,11.091543139757,1100.0
1992-04-29,15.25,15.5,15.0,15.0,11500.0,0.0,1.0,11.091543139757,11.273371715818,10.909714563695,10.909714563695,11500.0
1992-04-30,15.5,16.0,15.0,16.0,60000.0,0.0,1.0,11.273371715818,11.637028867941,10.909714563695,11.637028867941,60000.0
1992-05-01,16.0,16.0,15.5,16.0,3300.0,0.0,1.0,11.637028867941,11.637028867941,11.273371715818,11.637028867941,3300.0
1992-05-04,16.0,16.75,15.5,16.5,48200.0,0.0,1.0,11.637028867941,12.182514596126,11.273371715818,12.000686020065,48200.0
1992-05-05,16.5,17.0,16.5,16.5,2400.0,0.0,1.0,12.000686020065,12.364343172188,12.000686020065,12.000686020065,2400.0
1992-05-06,16.5,17.25,16.5,17.0,8800.0,0.0,1.0,12.000686020065,12.546171748249,12.000686020065,12.364343172188,8800.0
1992-05-07,17.25,17.25,16.75,16.75,6700.0,0.0,1.0,12.546171748249,12.546171748249,12.182514596126,12.182514596126,6700.0
1992-05-08,16.75,16.75,16.5,16.5,6800.0,0.0,1.0,12.182514596126,12.182514596126,12.000686020065,12.000686020065,6800.0
1992-05-11,16.88,17.0,16.5,16.5,37200.0,0.0,1.0,12.277065455678,12.364343172188,12.000686020065,12.000686020065,37200.0
1992-05-12,17.25,17.25,16.5,16.5,5800.0,0.0,1.0,12.546171748249,12.546171748249,12.000686020065,12.000686020065,5800.0
1992-05-13,16.5,16.5,16.0,16.0,10200.0,0.0,1.0,12.000686020065,12.000686020065,11.637028867941,11.637028867941,10200.0
1992-05-14,16.0,16.0,15.75,16.0,10700.0,0.0,1.0,11.637028867941,11.637028867941,11.45520029188,11.637028867941,10700.0
1992-05-15,15.75,15.75,14.75,15.5,261900.0,0.0,1.0,11.45520029188,11.45520029188,10.727885987633,11.273371715818,261900.0
1992-05-18,15.25,15.75,15.25,15.75,5700.0,0.0,1.0,11.091543139757,11.45520029188,11.091543139757,11.45520029188,5700.0
1992-05-19,15.75,15.75,15.25,15.5,1400.0,0.0,1.0,11.45520029188,11.45520029188,11.091543139757,11.273371715818,1400.0
1992-05-20,15.75,15.75,15.5,15.5,900.0,0.0,1.0,11.45520029188,11.45520029188,11.273371715818,11.273371715818,900.0
1992-05-21,15.25,15.25,15.25,15.25,400.0,0.0,1.0,11.091543139757,11.091543139757,11.091543139757,11.091543139757,400.0
1992-05-22,15.75,15.75,15.25,15.25,7300.0,0.0,1.0,11.45520029188,11.45520029188,11.091543139757,11.091543139757,7300.0
1992-05-26,15.25,15.25,15.25,15.25,2200.0,0.0,1.0,11.091543139757,11.091543139757,11.091543139757,11.091543139757,2200.0
1992-05-27,15.25,15.75,15.25,15.25,2200.0,0.0,1.0,11.091543139757,11.45520029188,11.091543139757,11.091543139757,2200.0
1992-05-28,15.25,15.25,15.0,15.0,14800.0,0.0,1.0,11.091543139757,11.091543139757,10.909714563695,10.909714563695,14800.0
1992-05-29,15.5,15.5,15.0,15.0,11200.0,0.0,1.0,11.273371715818,11.273371715818,10.909714563695,10.909714563695,11200.0
1992-06-01,15.0,15.0,15.0,15.0,0.0,0.0,1.0,10.909714563695,10.909714563695,10.909714563695,10.909714563695,0.0
1992-06-02,15.5,15.5,15.5,15.5,400.0,0.0,1.0,11.273371715818,11.273371715818,11.273371715818,11.273371715818,400.0
1992-06-03,15.5,15.5,15.0,15.0,7200.0,0.0,1.0,11.273371715818,11.273371715818,10.909714563695,10.909714563695,7200.0
1992-06-04,15.0,15.0,15.0,15.0,500.0,0.0,1.0,10.909714563695,10.909714563695,10.909714563695,10.909714563695,500.0
1992-06-05,14.75,15.0,14.5,14.5,49500.0,0.0,1.0,10.727885987633,10.909714563695,10.546057411572,10.546057411572,49500.0
1992-06-08,14.5,14.5,14.5,14.5,5600.0,0.0,1.0,10.546057411572,10.546057411572,10.546057411572,10.546057411572,5600.0
1992-06-09,14.5,14.75,14.5,14.75,800.0,0.0,1.0,10.546057411572,10.727885987633,10.546057411572,10.727885987633,800.0
1992-06-10,14.5,14.5,14.5,14.5,1600.0,0.0,1.0,10.546057411572,10.546057411572,10.546057411572,10.546057411572,1600.0
1992-06-11,15.0,15.0,14.5,14.5,5300.0,0.0,1.0,10.909714563695,10.909714563695,10.546057411572,10.546057411572,5300.0
1992-06-12,14.5,14.5,14.5,14.5,0.0,0.0,1.0,10.546057411572,10.546057411572,10.546057411572,10.546057411572,0.0
1992-06-15,15.0,15.0,15.0,15.0,200.0,0.0,1.0,10.909714563695,10.909714563695,10.909714563695,10.909714563695,200.0
1992-06-16,15.0,15.0,14.5,14.5,8000.0,0.0,1.0,10.909714563695,10.909714563695,10.546057411572,10.546057411572,8000.0
1992-06-17,14.5,15.0,14.5,14.5,20400.0,0.0,1.0,10.546057411572,10.909714563695,10.546057411572,10.546057411572,20400.0
1992-06-18,14.5,14.5,13.5,14.0,17600.0,0.0,1.0,10.546057411572,10.546057411572,9.8187431073255,10.182400259449,17600.0
1992-06-19,14.0,14.0,13.5,13.5,8600.0,0.0,1.0,10.182400259449,10.182400259449,9.8187431073255,9.8187431073255,8600.0
1992-06-22,13.75,13.75,13.5,13.75,35200.0,0.0,1.0,10.000571683387,10.000571683387,9.8187431073255,10.000571683387,35200.0
1992-06-23,14.25,14.25,13.5,13.5,16500.0,0.0,1.0,10.36422883551,10.36422883551,9.8187431073255,9.8187431073255,16500.0
1992-06-24,13.5,14.25,13.5,13.88,9500.0,0.0,1.0,9.8187431073255,10.36422883551,9.8187431073255,10.095122542939,9500.0
1992-06-25,13.5,13.75,13.5,13.5,30000.0,0.0,1.0,9.8187431073255,10.000571683387,9.8187431073255,9.8187431073255,30000.0
1992-06-26,13.5,13.88,13.5,13.75,30700.0,0.0,1.0,9.8187431073255,10.095122542939,9.8187431073255,10.000571683387,30700.0
1992-06-29,14.13,14.5,13.75,14.5,88200.0,0.0,1.0,10.276951119001,10.546057411572,10.000571683387,10.546057411572,88200.0
1992-06-30,14.25,14.75,14.25,14.75,2300.0,0.0,1.0,10.36422883551,10.727885987633,10.36422883551,10.727885987633,2300.0
1992-07-01,14.5,16.0,14.25,16.0,122000.0,0.0,1.0,10.546057411572,11.637028867941,10.36422883551,11.637028867941,122000.0
1992-07-02,16.0,16.0,15.25,15.75,36700.0,0.0,1.0,11.637028867941,11.637028867941,11.091543139757,11.45520029188,36700.0
1992-07-06,15.5,15.75,15.5,15.75,7000.0,0.0,1.0,11.273371715818,11.45520029188,11.273371715818,11.45520029188,7000.0
1992-07-07,16.0,16.0,15.25,15.75,11200.0,0.0,1.0,11.637028867941,11.637028867941,11.091543139757,11.45520029188,11200.0
1992-07-08,16.0,16.0,15.5,15.5,7100.0,0.0,1.0,11.637028867941,11.637028867941,11.273371715818,11.273371715818,7100.0
1992-07-09,15.25,15.63,15.25,15.63,31000.0,0.0,1.0,11.091543139757,11.36792257537,11.091543139757,11.36792257537,31000.0
1992-07-10,15.75,15.75,15.25,15.75,8800.0,0.0,1.0,11.45520029188,11.45520029188,11.091543139757,11.45520029188,8800.0
1992-07-13,15.5,15.5,15.25,15.25,9400.0,0.0,1.0,11.273371715818,11.273371715818,11.091543139757,11.091543139757,9400.0
1992-07-14,15.75,15.75,15.25,15.25,3800.0,0.0,1.0,11.45520029188,11.45520029188,11.091543139757,11.091543139757,3800.0
1992-07-15,15.25,15.75,15.25,15.25,12100.0,0.0,1.0,11.091543139757,11.45520029188,11.091543139757,11.091543139757,12100.0
1992-07-16,15.25,15.5,15.0,15.0,16200.0,0.0,1.0,11.091543139757,11.273371715818,10.909714563695,10.909714563695,16200.0
1992-07-17,15.0,15.5,15.0,15.5,21100.0,0.0,1.0,10.909714563695,11.273371715818,10.909714563695,11.273371715818,21100.0
1992-07-20,15.5,15.5,14.75,15.0,8100.0,0.0,1.0,11.273371715818,11.273371715818,10.727885987633,10.909714563695,8100.0
1992-07-21,15.0,15.75,15.0,15.25,13000.0,0.0,1.0,10.909714563695,11.45520029188,10.909714563695,11.091543139757,13000.0
1992-07-22,15.0,15.5,15.0,15.0,3000.0,0.0,1.0,10.909714563695,11.273371715818,10.909714563695,10.909714563695,3000.0
1992-07-23,15.0,15.5,15.0,15.25,5300.0,0.0,1.0,10.909714563695,11.273371715818,10.909714563695,11.091543139757,5300.0
1992-07-24,15.25,15.75,15.25,15.25,23000.0,0.0,1.0,11.091543139757,11.45520029188,11.091543139757,11.091543139757,23000.0
1992-07-27,15.75,16.25,15.5,16.25,33500.0,0.0,1.0,11.45520029188,11.818857444003,11.273371715818,11.818857444003,33500.0
1992-07-28,16.75,17.5,16.5,17.5,73400.0,0.0,1.0,12.182514596126,12.728000324311,12.000686020065,12.728000324311,73400.0
1992-07-29,17.0,17.5,17.0,17.0,14400.0,0.0,1.0,12.364343172188,12.728000324311,12.364343172188,12.364343172188,14400.0
1992-07-30,17.25,17.5,17.0,17.25,21100.0,0.0,1.0,12.546171748249,12.728000324311,12.364343172188,12.546171748249,21100.0
1992-07-31,17.0,17.25,16.75,16.75,12200.0,0.0,1.0,12.364343172188,12.546171748249,12.182514596126,12.182514596126,12200.0
1992-08-03,16.75,17.5,16.75,17.13,52200.0,0.0,1.0,12.182514596126,12.728000324311,12.182514596126,12.45889403174,52200.0
1992-08-04,17.5,17.5,16.75,16.75,600.0,0.0,1.0,12.728000324311,12.728000324311,12.182514596126,12.182514596126,600.0
1992-08-05,17.5,17.5,16.75,16.75,300.0,0.0,1.0,12.728000324311,12.728000324311,12.182514596126,12.182514596126,300.0
1992-08-06,17.25,17.25,16.75,17.25,17700.0,0.0,1.0,12.546171748249,12.546171748249,12.182514596126,12.546171748249,17700.0
1992-08-07,16.88,17.25,16.75,16.88,28800.0,0.0,1.0,12.277065455678,12.546171748249,12.182514596126,12.277065455678,28800.0
1992-08-10,16.88,16.88,16.88,16.88,0.0,0.0,1.0,12.277065455678,12.277065455678,12.277065455678,12.277065455678,0.0
1992-08-11,16.75,17.13,16.75,16.88,22800.0,0.0,1.0,12.182514596126,12.45889403174,12.182514596126,12.277065455678,22800.0
1992-08-12,17.13,17.13,16.75,16.88,9500.0,0.0,1.0,12.45889403174,12.45889403174,12.182514596126,12.277065455678,9500.0
1992-08-13,16.75,16.88,16.75,16.88,50000.0,0.0,1.0,12.182514596126,12.277065455678,12.182514596126,12.277065455678,50000.0
1992-08-14,17.5,17.5,17.5,17.5,900.0,0.0,1.0,12.728000324311,12.728000324311,12.728000324311,12.728000324311,900.0
1992-08-17,17.25,17.5,16.75,16.75,6100.0,0.0,1.0,12.546171748249,12.728000324311,12.182514596126,12.182514596126,6100.0
1992-08-18,16.75,16.75,16.75,16.75,400.0,0.0,1.0,12.182514596126,12.182514596126,12.182514596126,12.182514596126,400.0
1992-08-19,17.5,17.5,16.75,16.75,15900.0,0.0,1.0,12.728000324311,12.728000324311,12.182514596126,12.182514596126,15900.0
1992-08-20,16.75,17.5,16.75,17.25,7400.0,0.0,1.0,12.182514596126,12.728000324311,12.182514596126,12.546171748249,7400.0
1992-08-21,17.0,17.25,17.0,17.25,1000.0,0.0,1.0,12.364343172188,12.546171748249,12.364343172188,12.546171748249,1000.0
1992-08-24,16.75,17.5,16.75,17.25,10900.0,0.0,1.0,12.182514596126,12.728000324311,12.182514596126,12.546171748249,10900.0
1992-08-25,17.25,18.0,17.25,17.5,15500.0,0.0,1.0,12.546171748249,13.091657476434,12.546171748249,12.728000324311,15500.0
1992-08-26,17.75,18.5,17.75,18.25,12900.0,0.0,1.0,12.909828900372,13.455314628557,12.909828900372,13.273486052496,12900.0
1992-08-27,18.5,19.25,18.0,19.13,36900.0,0.0,1.0,13.455314628557,14.000800356742,13.091657476434,13.913522640232,36900.0
1992-08-28,18.75,19.25,18.5,18.5,3400.0,0.0,1.0,13.637143204619,14.000800356742,13.455314628557,13.455314628557,3400.0
1992-08-31,18.5,18.63,18.5,18.63,43000.0,0.0,1.0,13.455314628557,13.549865488109,13.455314628557,13.549865488109,43000.0
1992-09-01,19.25,19.5,18.5,19.0,147800.0,0.0,1.0,14.000800356742,14.182628932804,13.455314628557,13.81897178068,147800.0
1992-09-02,19.25,20.0,19.25,20.0,26600.0,0.0,1.0,14.000800356742,14.546286084927,14.000800356742,14.546286084927,26600.0
1992-09-03,20.0,20.0,19.5,20.0,13600.0,0.0,1.0,14.546286084927,14.546286084927,14.182628932804,14.546286084927,13600.0
1992-09-04,20.25,20.5,19.75,20.5,47700.0,0.0,1.0,14.728114660988,14.90994323705,14.364457508865,14.90994323705,47700.0
1992-09-08,20.0,20.75,20.0,20.75,27400.0,0.0,1.0,14.546286084927,15.091771813111,14.546286084927,15.091771813111,27400.0
1992-09-09,20.75,20.75,19.5,19.63,31500.0,0.0,1.0,15.091771813111,15.091771813111,14.182628932804,14.277179792356,31500.0
1992-09-10,19.75,19.75,19.0,19.75,1800.0,0.0,1.0,14.364457508865,14.364457508865,13.81897178068,14.364457508865,1800.0
1992-09-11,19.75,19.75,19.75,19.75,0.0,0.0,1.0,14.364457508865,14.364457508865,14.364457508865,14.364457508865,0.0
1992-09-14,19.75,19.75,19.25,19.75,3600.0,0.0,1.0,14.364457508865,14.364457508865,14.000800356742,14.364457508865,3600.0
1992-09-15,19.25,20.0,19.25,19.75,9600.0,0.0,1.0,14.000800356742,14.546286084927,14.000800356742,14.364457508865,9600.0
1992-09-16,19.5,20.5,19.5,20.13,7200.0,0.0,1.0,14.182628932804,14.90994323705,14.182628932804,14.640836944479,7200.0
1992-09-17,20.5,20.5,18.75,18.75,18900.0,0.0,1.0,14.90994323705,14.90994323705,13.637143204619,13.637143204619,18900.0
1992-09-18,19.25,19.5,19.25,19.5,400.0,0.0,1.0,14.000800356742,14.182628932804,14.000800356742,14.182628932804,400.0
1992-09-21,19.5,19.5,18.88,18.88,5900.0,0.0,1.0,14.182628932804,14.182628932804,13.731694064171,13.731694064171,5900.0
1992-09-22,19.0,19.13,18.75,18.75,20200.0,0.0,1.0,13.81897178068,13.913522640232,13.637143204619,13.637143204619,20200.0
1992-09-23,19.5,19.5,19.5,19.5,200.0,0.0,1.0,14.182628932804,14.182628932804,14.182628932804,14.182628932804,200.0
1992-09-24,19.0,19.0,18.5,18.75,7300.0,0.0,1.0,13.81897178068,13.81897178068,13.455314628557,13.637143204619,7300.0
1992-09-25,18.5,18.5,18.5,18.5,300.0,0.0,1.0,13.455314628557,13.455314628557,13.455314628557,13.455314628557,300.0
1992-09-28,18.5,18.5,17.75,17.75,4000.0,0.0,1.0,13.455314628557,13.455314628557,12.909828900372,12.909828900372,4000.0
1992-09-29,17.5,18.0,17.5,17.75,11800.0,0.0,1.0,12.728000324311,13.091657476434,12.728000324311,12.909828900372,11800.0
1992-09-30,17.75,18.75,17.5,18.75,26100.0,0.0,1.0,12.909828900372,13.637143204619,12.728000324311,13.637143204619,26100.0
1992-10-01,19.0,19.0,18.25,18.75,10700.0,0.0,1.0,13.81897178068,13.81897178068,13.273486052496,13.637143204619,10700.0
1992-10-02,19.0,19.0,19.0,19.0,3700.0,0.0,1.0,13.81897178068,13.81897178068,13.81897178068,13.81897178068,3700.0
1992-10-05,18.75,19.0,18.25,19.0,6100.0,0.0,1.0,13.637143204619,13.81897178068,13.273486052496,13.81897178068,6100.0
1992-10-06,18.25,19.5,18.25,19.25,85400.0,0.0,1.0,13.273486052496,14.182628932804,13.273486052496,14.000800356742,85400.0
1992-10-07,19.5,19.5,18.75,19.0,17700.0,0.0,1.0,14.182628932804,14.182628932804,13.637143204619,13.81897178068,17700.0
1992-10-08,19.0,19.13,18.75,18.75,48200.0,0.0,1.0,13.81897178068,13.913522640232,13.637143204619,13.637143204619,48200.0
1992-10-09,19.5,19.5,18.75,19.25,19300.0,0.0,1.0,14.182628932804,14.182628932804,13.637143204619,14.000800356742,19300.0
1992-10-12,19.5,19.5,18.75,19.13,5800.0,0.0,1.0,14.182628932804,14.182628932804,13.637143204619,13.913522640232,5800.0
1992-10-13,15.75,16.0,14.75,16.0,117800.0,0.0,1.0,11.45520029188,11.637028867941,10.727885987633,11.637028867941,117800.0
1992-10-14,16.0,16.0,15.5,15.63,111200.0,0.0,1.0,11.637028867941,11.637028867941,11.273371715818,11.36792257537,111200.0
1992-10-15,15.75,15.75,15.25,15.75,3700.0,0.0,1.0,11.45520029188,11.45520029188,11.091543139757,11.45520029188,3700.0
1992-10-16,15.5,16.0,15.5,15.63,30700.0,0.0,1.0,11.273371715818,11.637028867941,11.273371715818,11.36792257537,30700.0
1992-10-19,15.5,15.75,15.25,15.75,30500.0,0.0,1.0,11.273371715818,11.45520029188,11.091543139757,11.45520029188,30500.0
1992-10-20,15.75,16.0,15.5,16.0,20200.0,0.0,1.0,11.45520029188,11.637028867941,11.273371715818,11.637028867941,20200.0
1992-10-21,15.75,16.75,15.75,16.75,14200.0,0.0,1.0,11.45520029188,12.182514596126,11.45520029188,12.182514596126,14200.0
1992-10-22,16.75,17.25,16.75,17.13,48100.0,0.0,1.0,12.182514596126,12.546171748249,12.182514596126,12.45889403174,48100.0
1992-10-23,17.25,17.25,17.25,17.25,100.0,0.0,1.0,12.546171748249,12.546171748249,12.546171748249,12.546171748249,100.0
1992-10-26,17.0,17.25,17.0,17.13,27500.0,0.0,1.0,12.364343172188,12.546171748249,12.364343172188,12.45889403174,27500.0
1992-10-27,16.5,17.75,16.5,17.75,27000.0,0.0,1.0,12.000686020065,12.909828900372,12.000686020065,12.909828900372,27000.0
1992-10-28,18.25,18.25,18.25,18.25,200.0,0.0,1.0,13.273486052496,13.273486052496,13.273486052496,13.273486052496,200.0
1992-10-29,18.25,18.25,17.5,17.5,300.0,0.0,1.0,13.273486052496,13.273486052496,12.728000324311,12.728000324311,300.0
1992-10-30,17.5,18.25,17.5,18.0,8600.0,0.0,1.0,12.728000324311,13.273486052496,12.728000324311,13.091657476434,8600.0
1992-11-02,17.5,17.88,17.5,17.88,2400.0,0.05,1.0,12.763593166381,13.040745475137,12.763593166381,13.040745475137,2400.0
1992-11-03,17.5,17.5,17.5,17.5,100.0,0.0,1.0,12.763593166381,12.763593166381,12.763593166381,12.763593166381,100.0
1992-11-04,17.88,18.25,17.5,17.63,13100.0,0.0,1.0,13.040745475137,13.310604302083,12.763593166381,12.858408429903,13100.0
1992-11-05,17.5,17.5,17.5,17.5,10100.0,0.0,1.0,12.763593166381,12.763593166381,12.763593166381,12.763593166381,10100.0
1992-11-06,17.75,17.75,17.5,17.5,10600.0,0.0,1.0,12.945930211615,12.945930211615,12.763593166381,12.763593166381,10600.0
1992-11-09,18.25,18.25,17.88,17.88,900.0,0.0,1.0,13.310604302083,13.310604302083,13.040745475137,13.040745475137,900.0
1992-11-10,17.5,18.25,17.5,18.25,6900.0,0.0,1.0,12.763593166381,13.310604302083,12.763593166381,13.310604302083,6900.0
1992-11-11,17.75,18.25,17.75,17.75,1200.0,0.0,1.0,12.945930211615,13.310604302083,12.945930211615,12.945930211615,1200.0
1992-11-12,18.0,18.25,18.0,18.25,2200.0,0.0,1.0,13.128267256849,13.310604302083,13.128267256849,13.310604302083,2200.0
1992-11-13,17.75,17.88,17.75,17.75,6300.0,0.0,1.0,12.945930211615,13.040745475137,12.945930211615,12.945930211615,6300.0
1992-11-16,17.75,17.75,17.75,17.75,200.0,0.0,1.0,12.945930211615,12.945930211615,12.945930211615,12.945930211615,200.0
1992-11-17,17.75,17.75,17.25,17.25,12900.0,0.0,1.0,12.945930211615,12.945930211615,12.581256121147,12.581256121147,12900.0
1992-11-18,17.5,17.5,17.5,17.5,200.0,0.0,1.0,12.763593166381,12.763593166381,12.763593166381,12.763593166381,200.0
1992-11-19,17.5,17.5,17.5,17.5,300.0,0.0,1.0,12.763593166381,12.763593166381,12.763593166381,12.763593166381,300.0
1992-11-20,17.5,17.5,16.75,16.75,1300.0,0.0,1.0,12.763593166381,12.763593166381,12.216582030679,12.216582030679,1300.0
1992-11-23,17.13,17.5,17.13,17.5,4000.0,0.0,1.0,12.493734339435,12.763593166381,12.493734339435,12.763593166381,4000.0
1992-11-24,17.5,17.5,17.5,17.5,2000.0,0.0,1.0,12.763593166381,12.763593166381,12.763593166381,12.763593166381,2000.0
1992-11-25,17.25,17.25,17.25,17.25,300.0,0.0,1.0,12.581256121147,12.581256121147,12.581256121147,12.581256121147,300.0
1992-11-27,17.25,17.25,17.25,17.25,0.0,0.0,1.0,12.581256121147,12.581256121147,12.581256121147,12.581256121147,0.0
1992-11-30,17.13,17.5,16.75,16.75,3100.0,0.0,1.0,12.493734339435,12.763593166381,12.216582030679,12.216582030679,3100.0
1992-12-01,17.5,18.25,17.5,18.0,19200.0,0.0,1.0,12.763593166381,13.310604302083,12.763593166381,13.128267256849,19200.0
1992-12-02,18.25,18.25,17.75,17.75,1100.0,0.0,1.0,13.310604302083,13.310604302083,12.945930211615,12.945930211615,1100.0
1992-12-03,18.25,18.25,17.75,17.75,28000.0,0.0,1.0,13.310604302083,13.310604302083,12.945930211615,12.945930211615,28000.0
1992-12-04,17.75,18.5,17.75,18.0,3200.0,0.0,1.0,12.945930211615,13.492941347317,12.945930211615,13.128267256849,3200.0
1992-12-07,18.5,18.5,17.75,17.75,2500.0,0.0,1.0,13.492941347317,13.492941347317,12.945930211615,12.945930211615,2500.0
1992-12-08,18.25,18.75,18.25,18.25,9700.0,0.0,1.0,13.310604302083,13.675278392551,13.310604302083,13.310604302083,9700.0
1992-12-09,18.25,18.75,18.25,18.63,31600.0,0.0,1.0,13.310604302083,13.675278392551,13.310604302083,13.587756610839,31600.0
1992-12-10,18.5,18.5,18.0,18.0,16100.0,0.0,1.0,13.492941347317,13.492941347317,13.128267256849,13.128267256849,16100.0
1992-12-11,18.13,18.13,18.0,18.0,4900.0,0.0,1.0,13.223082520371,13.223082520371,13.128267256849,13.128267256849,4900.0
1992-12-14,17.75,18.25,17.75,17.75,5700.0,0.0,1.0,12.945930211615,13.310604302083,12.945930211615,12.945930211615,5700.0
1992-12-15,18.25,18.25,17.5,17.5,500.0,0.0,1.0,13.310604302083,13.310604302083,12.763593166381,12.763593166381,500.0
1992-12-16,18.0,18.0,17.5,17.5,5500.0,0.0,1.0,13.128267256849,13.128267256849,12.763593166381,12.763593166381,5500.0
1992-12-17,18.25,18.25,17.5,17.5,44000.0,0.0,1.0,13.310604302083,13.310604302083,12.763593166381,12.763593166381,44000.0
1992-12-18,17.5,17.5,17.5,17.5,700.0,0.0,1.0,12.763593166381,12.763593166381,12.763593166381,12.763593166381,700.0
1992-12-21,17.5,17.63,17.5,17.63,600.0,0.0,1.0,12.763593166381,12.858408429903,12.763593166381,12.858408429903,600.0
1992-12-22,17.5,17.5,16.25,17.0,14900.0,0.0,1.0,12.763593166381,12.763593166381,11.851907940211,12.398919075913,14900.0
1992-12-23,16.5,17.75,16.5,17.75,18900.0,0.0,1.0,12.034244985445,12.945930211615,12.034244985445,12.945930211615,18900.0
1992-12-24,17.25,18.0,17.25,17.88,5600.0,0.0,1.0,12.581256121147,13.128267256849,12.581256121147,13.040745475137,5600.0
1992-12-28,17.25,17.25,17.0,17.25,17800.0,0.0,1.0,12.581256121147,12.581256121147,12.398919075913,12.581256121147,17800.0
1992-12-29,17.0,17.75,17.0,17.38,13900.0,0.0,1.0,12.398919075913,12.945930211615,12.398919075913,12.676071384669,13900.0
1992-12-30,17.25,18.25,17.25,17.75,17200.0,0.0,1.0,12.581256121147,13.310604302083,12.581256121147,12.945930211615,17200.0
1992-12-31,17.5,17.5,17.0,17.0,16600.0,0.0,1.0,12.763593166381,12.763593166381,12.398919075913,12.398919075913,16600.0
1993-01-04,16.75,17.5,16.75,17.5,7200.0,0.0,1.0,12.216582030679,12.763593166381,12.216582030679,12.763593166381,7200.0
1993-01-05,16.75,17.38,16.75,17.38,47000.0,0.0,1.0,12.216582030679,12.676071384669,12.216582030679,12.676071384669,47000.0
1993-01-06,17.5,17.5,16.88,17.5,17100.0,0.0,1.0,12.763593166381,12.763593166381,12.311397294201,12.763593166381,17100.0
1993-01-07,16.75,16.75,16.75,16.75,5100.0,0.0,1.0,12.216582030679,12.216582030679,12.216582030679,12.216582030679,5100.0
1993-01-08,16.75,17.5,16.75,16.75,4300.0,0.0,1.0,12.216582030679,12.763593166381,12.216582030679,12.216582030679,4300.0
1993-01-11,16.88,17.0,16.88,17.0,10000.0,0.0,1.0,12.311397294201,12.398919075913,12.311397294201,12.398919075913,10000.0
1993-01-12,17.0,17.13,16.75,16.75,41000.0,0.0,1.0,12.398919075913,12.493734339435,12.216582030679,12.216582030679,41000.0
1993-01-13,16.75,17.5,16.75,16.75,3000.0,0.0,1.0,12.216582030679,12.763593166381,12.216582030679,12.216582030679,3000.0
1993-01-14,16.75,17.25,16.75,17.0,14500.0,0.0,1.0,12.216582030679,12.581256121147,12.216582030679,12.398919075913,14500.0
1993-01-15,16.88,17.0,16.88,17.0,156400.0,0.0,1.0,12.311397294201,12.398919075913,12.311397294201,12.398919075913,156400.0
1993-01-18,17.5,18.0,16.75,16.75,47700.0,0.0,1.0,12.763593166381,13.128267256849,12.216582030679,12.216582030679,47700.0
1993-01-19,17.5,17.5,17.0,17.0,12500.0,0.0,1.0,12.763593166381,12.763593166381,12.398919075913,12.398919075913,12500.0
1993-01-20,17.5,17.5,16.75,16.75,500.0,0.0,1.0,12.763593166381,12.763593166381,12.216582030679,12.216582030679,500.0
1993-01-21,16.75,17.5,16.75,17.5,2300.0,0.0,1.0,12.216582030679,12.763593166381,12.216582030679,12.763593166381,2300.0
1993-01-22,17.5,17.5,17.0,17.5,1900.0,0.0,1.0,12.763593166381,12.763593166381,12.398919075913,12.763593166381,1900.0
1993-01-25,16.75,17.5,16.75,17.5,500.0,0.0,1.0,12.216582030679,12.763593166381,12.216582030679,12.763593166381,500.0
1993-01-26,16.75,17.5,16.75,17.5,4800.0,0.0,1.0,12.216582030679,12.763593166381,12.216582030679,12.763593166381,4800.0
1993-01-27,17.5,17.5,17.0,17.0,2700.0,0.0,1.0,12.763593166381,12.763593166381,12.398919075913,12.398919075913,2700.0
1993-01-28,17.5,17.5,17.0,17.5,17900.0,0.0,1.0,12.763593166381,12.763593166381,12.398919075913,12.763593166381,17900.0
1993-01-29,17.0,17.25,17.0,17.0,2800.0,0.0,1.0,12.398919075913,12.581256121147,12.398919075913,12.398919075913,2800.0
1993-02-01,17.5,17.5,17.5,17.5,900.0,0.0,1.0,12.763593166381,12.763593166381,12.763593166381,12.763593166381,900.0
1993-02-02,16.75,17.25,16.75,17.25,2000.0,0.0,1.0,12.216582030679,12.581256121147,12.216582030679,12.581256121147,2000.0
1993-02-03,17.5,17.5,16.75,17.0,4600.0,0.0,1.0,12.763593166381,12.763593166381,12.216582030679,12.398919075913,4600.0
1993-02-04,16.75,17.0,16.25,16.5,17000.0,0.0,1.0,12.216582030679,12.398919075913,11.851907940211,12.034244985445,17000.0
1993-02-05,16.5,16.5,16.0,16.0,9600.0,0.0,1.0,12.034244985445,12.034244985445,11.669570894977,11.669570894977,9600.0
1993-02-08,15.75,16.5,15.75,16.25,6900.0,0.0,1.0,11.487233849743,12.034244985445,11.487233849743,11.851907940211,6900.0
1993-02-09,15.75,16.5,15.75,16.0,4700.0,0.0,1.0,11.487233849743,12.034244985445,11.487233849743,11.669570894977,4700.0
1993-02-10,16.5,16.5,16.0,16.0,25600.0,0.0,1.0,12.034244985445,12.034244985445,11.669570894977,11.669570894977,25600.0
1993-02-11,16.0,16.25,15.5,15.75,86000.0,0.0,1.0,11.669570894977,11.851907940211,11.304896804509,11.487233849743,86000.0
1993-02-12,15.75,16.25,15.5,15.88,4200.0,0.0,1.0,11.487233849743,11.851907940211,11.304896804509,11.582049113265,4200.0
1993-02-16,16.25,16.25,15.25,15.25,11000.0,0.0,1.0,11.851907940211,11.851907940211,11.122559759275,11.122559759275,11000.0
1993-02-17,16.0,16.0,15.38,15.75,7100.0,0.0,1.0,11.669570894977,11.669570894977,11.217375022797,11.487233849743,7100.0
1993-02-18,16.0,16.0,13.75,14.75,119300.0,0.0,1.0,11.669570894977,11.669570894977,10.028537487871,10.757885668807,119300.0
1993-02-19,15.0,15.0,14.0,14.13,13300.0,0.0,1.0,10.940222714041,10.940222714041,10.210874533105,10.305689796627,13300.0
1993-02-22,14.75,15.0,14.25,15.0,107800.0,0.0,1.0,10.757885668807,10.940222714041,10.393211578339,10.940222714041,107800.0
1993-02-23,15.5,15.5,15.0,15.0,10500.0,0.0,1.0,11.304896804509,11.304896804509,10.940222714041,10.940222714041,10500.0
1993-02-24,15.25,15.5,14.75,15.5,10200.0,0.0,1.0,11.122559759275,11.304896804509,10.757885668807,11.304896804509,10200.0
1993-02-25,16.0,16.25,15.25,16.25,13500.0,0.0,1.0,11.669570894977,11.851907940211,11.122559759275,11.851907940211,13500.0
1993-02-26,16.25,16.25,16.25,16.25,7400.0,0.0,1.0,11.851907940211,11.851907940211,11.851907940211,11.851907940211,7400.0
1993-03-01,15.25,16.0,15.25,16.0,3400.0,0.0,1.0,11.122559759275,11.669570894977,11.122559759275,11.669570894977,3400.0
1993-03-02,15.25,16.25,15.25,16.25,5300.0,0.0,1.0,11.122559759275,11.851907940211,11.122559759275,11.851907940211,5300.0
1993-03-03,15.25,16.25,15.25,16.25,4900.0,0.0,1.0,11.122559759275,11.851907940211,11.122559759275,11.851907940211,4900.0
1993-03-04,16.13,16.25,14.75,15.5,104800.0,0.0,1.0,11.764386158499,11.851907940211,10.757885668807,11.304896804509,104800.0
1993-03-05,15.75,15.75,15.25,15.75,23000.0,0.0,1.0,11.487233849743,11.487233849743,11.122559759275,11.487233849743,23000.0
1993-03-08,15.75,15.75,15.25,15.63,104400.0,0.0,1.0,11.487233849743,11.487233849743,11.122559759275,11.399712068031,104400.0
1993-03-09,16.0,16.0,15.75,16.0,7100.0,0.0,1.0,11.669570894977,11.669570894977,11.487233849743,11.669570894977,7100.0
1993-03-10,16.0,16.0,15.25,15.38,2200.0,0.0,1.0,11.669570894977,11.669570894977,11.122559759275,11.217375022797,2200.0
1993-03-11,15.5,16.0,15.25,15.75,14300.0,0.0,1.0,11.304896804509,11.669570894977,11.122559759275,11.487233849743,14300.0
1993-03-12,15.75,15.75,15.75,15.75,700.0,0.0,1.0,11.487233849743,11.487233849743,11.487233849743,11.487233849743,700.0
1993-03-15,15.75,15.75,15.75,15.75,0.0,0.0,1.0,11.487233849743,11.487233849743,11.487233849743,11.487233849743,0.0
1993-03-16,15.75,15.75,15.63,15.63,6200.0,0.0,1.0,11.487233849743,11.487233849743,11.399712068031,11.399712068031,6200.0
1993-03-17,15.75,15.75,15.25,15.75,1500.0,0.0,1.0,11.487233849743,11.487233849743,11.122559759275,11.487233849743,1500.0
1993-03-18,16.0,16.0,15.0,15.88,1900.0,0.0,1.0,11.669570894977,11.669570894977,10.940222714041,11.582049113265,1900.0
1993-03-19,16.0,16.0,16.0,16.0,3100.0,0.0,1.0,11.669570894977,11.669570894977,11.669570894977,11.669570894977,3100.0
1993-03-22,15.25,16.0,15.25,15.75,5400.0,0.0,1.0,11.122559759275,11.669570894977,11.122559759275,11.487233849743,5400.0
1993-03-23,15.75,16.0,15.5,15.5,41600.0,0.0,1.0,11.487233849743,11.669570894977,11.304896804509,11.304896804509,41600.0
1993-03-24,15.5,16.0,15.5,16.0,5800.0,0.0,1.0,11.304896804509,11.669570894977,11.304896804509,11.669570894977,5800.0
1993-03-25,15.5,16.0,15.5,16.0,2400.0,0.0,1.0,11.304896804509,11.669570894977,11.304896804509,11.669570894977,2400.0
1993-03-26,16.0,16.0,15.25,15.25,10000.0,0.0,1.0,11.669570894977,11.669570894977,11.122559759275,11.122559759275,10000.0
1993-03-29,15.0,15.75,15.0,15.25,7500.0,0.0,1.0,10.940222714041,11.487233849743,10.940222714041,11.122559759275,7500.0
1993-03-30,15.0,15.75,15.0,15.75,17800.0,0.0,1.0,10.940222714041,11.487233849743,10.940222714041,11.487233849743,17800.0
1993-03-31,15.5,15.5,15.0,15.5,96100.0,0.0,1.0,11.304896804509,11.304896804509,10.940222714041,11.304896804509,96100.0
1993-04-01,15.0,15.5,15.0,15.0,12800.0,0.0,1.0,10.940222714041,11.304896804509,10.940222714041,10.940222714041,12800.0
1993-04-02,15.0,15.5,15.0,15.13,11500.0,0.0,1.0,10.940222714041,11.304896804509,10.940222714041,11.035037977563,11500.0
1993-04-05,15.5,15.5,14.0,14.0,48300.0,0.0,1.0,11.304896804509,11.304896804509,10.210874533105,10.210874533105,48300.0
1993-04-06,14.0,14.75,13.25,13.63,39100.0,0.0,1.0,10.210874533105,10.757885668807,9.6638633974028,9.9410157061585,39100.0
1993-04-07,13.75,14.0,13.25,13.75,11800.0,0.0,1.0,10.028537487871,10.210874533105,9.6638633974028,10.028537487871,11800.0
1993-04-08,13.5,14.0,13.5,14.0,16700.0,0.0,1.0,9.8462004426368,10.210874533105,9.8462004426368,10.210874533105,16700.0
1993-04-12,14.0,14.25,13.5,14.0,43500.0,0.0,1.0,10.210874533105,10.393211578339,9.8462004426368,10.210874533105,43500.0
1993-04-13,14.25,14.5,13.75,14.38,61800.0,0.0,1.0,10.393211578339,10.575548623573,10.028537487871,10.488026841861,61800.0
1993-04-14,14.5,15.0,14.5,14.75,31500.0,0.0,1.0,10.575548623573,10.940222714041,10.575548623573,10.757885668807,31500.0
1993-04-15,14.88,15.0,14.88,15.0,7800.0,0.0,1.0,10.852700932329,10.940222714041,10.852700932329,10.940222714041,7800.0
1993-04-16,15.0,15.0,15.0,15.0,0.0,0.0,1.0,10.940222714041,10.940222714041,10.940222714041,10.940222714041,0.0
1993-04-19,15.25,15.25,14.5,15.0,6600.0,0.0,1.0,11.122559759275,11.122559759275,10.575548623573,10.940222714041,6600.0
1993-04-20,15.5,15.5,15.5,15.5,700.0,0.0,1.0,11.304896804509,11.304896804509,11.304896804509,11.304896804509,700.0
1993-04-21,15.5,15.5,15.5,15.5,0.0,0.0,1.0,11.304896804509,11.304896804509,11.304896804509,11.304896804509,0.0
1993-04-22,14.75,15.0,14.75,15.0,23400.0,0.0,1.0,10.757885668807,10.940222714041,10.757885668807,10.940222714041,23400.0
1993-04-23,15.0,15.0,14.75,15.0,1400.0,0.0,1.0,10.940222714041,10.940222714041,10.757885668807,10.940222714041,1400.0
1993-04-26,14.25,14.5,14.25,14.38,10400.0,0.0,1.0,10.393211578339,10.575548623573,10.393211578339,10.488026841861,10400.0
1993-04-27,14.25,14.5,14.0,14.25,1131400.0,0.0,1.0,10.393211578339,10.575548623573,10.210874533105,10.393211578339,1131400.0
1993-04-28,14.25,14.75,14.25,14.75,202000.0,0.0,1.0,10.393211578339,10.757885668807,10.393211578339,10.757885668807,202000.0
1993-04-29,14.25,14.75,14.25,14.5,73800.0,0.0,1.0,10.393211578339,10.757885668807,10.393211578339,10.575548623573,73800.0
1993-04-30,14.25,14.5,14.25,14.5,71400.0,0.0,1.0,10.393211578339,10.575548623573,10.393211578339,10.575548623573,71400.0
1993-05-03,14.25,14.5,14.25,14.38,114500.0,0.0,1.0,10.393211578339,10.575548623573,10.393211578339,10.488026841861,114500.0
1993-05-04,14.25,14.5,14.25,14.25,26700.0,0.0,1.0,10.393211578339,10.575548623573,10.393211578339,10.393211578339,26700.0
1993-05-05,14.5,14.5,14.25,14.38,41200.0,0.0,1.0,10.575548623573,10.575548623573,10.393211578339,10.488026841861,41200.0
1993-05-06,14.25,14.5,14.25,14.5,41900.0,0.0,1.0,10.393211578339,10.575548623573,10.393211578339,10.575548623573,41900.0
1993-05-07,14.5,14.5,14.25,14.38,10400.0,0.0,1.0,10.575548623573,10.575548623573,10.393211578339,10.488026841861,10400.0
1993-05-10,14.5,14.75,14.25,14.5,63000.0,0.0,1.0,10.575548623573,10.757885668807,10.393211578339,10.575548623573,63000.0
1993-05-11,14.25,14.75,14.25,14.75,28700.0,0.0,1.0,10.393211578339,10.757885668807,10.393211578339,10.757885668807,28700.0
1993-05-12,14.25,14.75,14.25,14.5,28800.0,0.0,1.0,10.393211578339,10.757885668807,10.393211578339,10.575548623573,28800.0
1993-05-13,14.5,14.75,14.25,14.75,11000.0,0.0,1.0,10.575548623573,10.757885668807,10.393211578339,10.757885668807,11000.0
1993-05-14,14.5,14.75,14.25,14.75,6800.0,0.0,1.0,10.575548623573,10.757885668807,10.393211578339,10.757885668807,6800.0
1993-05-17,14.75,14.75,14.25,14.25,16200.0,0.0,1.0,10.757885668807,10.757885668807,10.393211578339,10.393211578339,16200.0
1993-05-18,14.5,14.75,14.25,14.75,93800.0,0.0,1.0,10.575548623573,10.757885668807,10.393211578339,10.757885668807,93800.0
1993-05-19,14.75,14.75,14.25,14.5,5400.0,0.0,1.0,10.757885668807,10.757885668807,10.393211578339,10.575548623573,5400.0
1993-05-20,14.75,14.75,14.25,14.5,18100.0,0.0,1.0,10.757885668807,10.757885668807,10.393211578339,10.575548623573,18100.0
1993-05-21,14.25,14.75,14.25,14.75,49000.0,0.0,1.0,10.393211578339,10.757885668807,10.393211578339,10.757885668807,49000.0
1993-05-24,14.75,14.75,14.25,14.25,6800.0,0.0,1.0,10.757885668807,10.757885668807,10.393211578339,10.393211578339,6800.0
1993-05-25,14.25,15.0,14.25,14.5,15000.0,0.0,1.0,10.393211578339,10.940222714041,10.393211578339,10.575548623573,15000.0
1993-05-26,14.25,15.0,14.25,14.25,10500.0,0.0,1.0,10.393211578339,10.940222714041,10.393211578339,10.393211578339,10500.0
1993-05-27,14.25,15.0,14.25,14.5,23100.0,0.0,1.0,10.393211578339,10.940222714041,10.393211578339,10.575548623573,23100.0
1993-05-28,14.5,15.25,14.5,15.0,76100.0,0.0,1.0,10.575548623573,11.122559759275,10.575548623573,10.940222714041,76100.0
1993-06-01,15.0,15.25,14.5,15.25,41100.0,0.0,1.0,10.940222714041,11.122559759275,10.575548623573,11.122559759275,41100.0
1993-06-02,15.25,15.25,14.75,15.25,51000.0,0.0,1.0,11.122559759275,11.122559759275,10.757885668807,11.122559759275,51000.0
1993-06-03,14.75,15.0,14.5,14.5,74300.0,0.0,1.0,10.757885668807,10.940222714041,10.575548623573,10.575548623573,74300.0
1993-06-04,15.0,15.0,14.5,15.0,92900.0,0.0,1.0,10.940222714041,10.940222714041,10.575548623573,10.940222714041,92900.0
1993-06-07,15.0,15.0,14.5,14.5,17400.0,0.0,1.0,10.940222714041,10.940222714041,10.575548623573,10.575548623573,17400.0
1993-06-08,14.75,15.0,14.0,14.5,24000.0,0.0,1.0,10.757885668807,10.940222714041,10.210874533105,10.575548623573,24000.0
1993-06-09,14.5,14.75,14.25,14.75,7700.0,0.0,1.0,10.575548623573,10.757885668807,10.393211578339,10.757885668807,7700.0
1993-06-10,14.75,14.75,14.25,14.75,1800.0,0.0,1.0,10.757885668807,10.757885668807,10.393211578339,10.757885668807,1800.0
1993-06-11,14.25,15.0,14.25,14.38,14300.0,0.0,1.0,10.393211578339,10.940222714041,10.393211578339,10.488026841861,14300.0
1993-06-14,14.25,14.75,14.25,14.38,30100.0,0.0,1.0,10.393211578339,10.757885668807,10.393211578339,10.488026841861,30100.0
1993-06-15,14.25,14.75,14.25,14.63,220500.0,0.0,1.0,10.393211578339,10.757885668807,10.393211578339,10.670363887095,220500.0
1993-06-16,14.75,14.75,14.25,14.75,42100.0,0.0,1.0,10.757885668807,10.757885668807,10.393211578339,10.757885668807,42100.0
1993-06-17,14.75,15.0,14.5,14.5,37300.0,0.0,1.0,10.757885668807,10.940222714041,10.575548623573,10.575548623573,37300.0
1993-06-18,15.0,15.25,14.5,14.75,48100.0,0.0,1.0,10.940222714041,11.122559759275,10.575548623573,10.757885668807,48100.0
1993-06-21,15.25,15.25,14.5,14.5,4100.0,0.0,1.0,11.122559759275,11.122559759275,10.575548623573,10.575548623573,4100.0
1993-06-22,15.25,15.25,14.5,14.63,52100.0,0.0,1.0,11.122559759275,11.122559759275,10.575548623573,10.670363887095,52100.0
1993-06-23,14.75,15.25,14.75,15.25,27200.0,0.0,1.0,10.757885668807,11.122559759275,10.757885668807,11.122559759275,27200.0
1993-06-24,15.25,15.5,14.75,15.5,31700.0,0.0,1.0,11.122559759275,11.304896804509,10.757885668807,11.304896804509,31700.0
1993-06-25,15.5,15.5,15.0,15.5,14700.0,0.0,1.0,11.304896804509,11.304896804509,10.940222714041,11.304896804509,14700.0
1993-06-28,15.0,15.5,14.75,14.75,37600.0,0.0,1.0,10.940222714041,11.304896804509,10.757885668807,10.757885668807,37600.0
1993-06-29,15.0,15.0,14.25,14.63,161900.0,0.0,1.0,10.940222714041,10.940222714041,10.393211578339,10.670363887095,161900.0
1993-06-30,14.5,15.0,14.5,14.5,82900.0,0.0,1.0,10.575548623573,10.940222714041,10.575548623573,10.575548623573,82900.0
1993-07-01,14.63,15.0,14.25,14.25,37400.0,0.0,1.0,10.670363887095,10.940222714041,10.393211578339,10.393211578339,37400.0
1993-07-02,14.38,14.75,14.0,14.13,10400.0,0.0,1.0,10.488026841861,10.757885668807,10.210874533105,10.305689796627,10400.0
1993-07-06,14.0,14.5,14.0,14.0,9900.0,0.0,1.0,10.210874533105,10.575548623573,10.210874533105,10.210874533105,9900.0
1993-07-07,14.75,14.75,14.0,14.0,10900.0,0.0,1.0,10.757885668807,10.757885668807,10.210874533105,10.210874533105,10900.0
1993-07-08,14.0,14.75,14.0,14.25,12700.0,0.0,1.0,10.210874533105,10.757885668807,10.210874533105,10.393211578339,12700.0
1993-07-09,14.0,14.75,14.0,14.0,11000.0,0.0,1.0,10.210874533105,10.757885668807,10.210874533105,10.210874533105,11000.0
1993-07-12,14.25,14.75,14.0,14.25,10600.0,0.0,1.0,10.393211578339,10.757885668807,10.210874533105,10.393211578339,10600.0
1993-07-13,14.0,14.5,13.75,13.75,18800.0,0.0,1.0,10.210874533105,10.575548623573,10.028537487871,10.028537487871,18800.0
1993-07-14,13.75,14.5,13.75,14.25,15600.0,0.0,1.0,10.028537487871,10.575548623573,10.028537487871,10.393211578339,15600.0
1993-07-15,14.25,14.25,13.5,14.0,7700.0,0.0,1.0,10.393211578339,10.393211578339,9.8462004426368,10.210874533105,7700.0
1993-07-16,13.75,14.25,13.5,13.75,18400.0,0.0,1.0,10.028537487871,10.393211578339,9.8462004426368,10.028537487871,18400.0
1993-07-19,14.25,14.25,13.5,14.0,9100.0,0.0,1.0,10.393211578339,10.393211578339,9.8462004426368,10.210874533105,9100.0
1993-07-20,14.25,14.5,14.0,14.0,14700.0,0.0,1.0,10.393211578339,10.575548623573,10.210874533105,10.210874533105,14700.0
1993-07-21,14.5,14.5,14.0,14.25,10800.0,0.0,1.0,10.575548623573,10.575548623573,10.210874533105,10.393211578339,10800.0
1993-07-22,14.25,14.75,14.25,14.25,5700.0,0.0,1.0,10.393211578339,10.757885668807,10.393211578339,10.393211578339,5700.0
1993-07-23,14.25,14.75,14.25,14.75,5500.0,0.0,1.0,10.393211578339,10.757885668807,10.393211578339,10.757885668807,5500.0
1993-07-26,14.25,14.75,14.25,14.63,38400.0,0.0,1.0,10.393211578339,10.757885668807,10.393211578339,10.670363887095,38400.0
1993-07-27,14.75,14.75,14.25,14.75,5300.0,0.0,1.0,10.757885668807,10.757885668807,10.393211578339,10.757885668807,5300.0
1993-07-28,14.25,14.63,14.0,14.63,37400.0,0.0,1.0,10.393211578339,10.670363887095,10.210874533105,10.670363887095,37400.0
1993-07-29,14.75,14.75,14.0,14.25,23500.0,0.0,1.0,10.757885668807,10.757885668807,10.210874533105,10.393211578339,23500.0
1993-07-30,14.0,14.75,14.0,14.0,2700.0,0.0,1.0,10.210874533105,10.757885668807,10.210874533105,10.210874533105,2700.0
1993-08-02,14.0,14.75,14.0,14.0,3300.0,0.0,1.0,10.210874533105,10.757885668807,10.210874533105,10.210874533105,3300.0
1993-08-03,14.5,14.5,14.0,14.0,5000.0,0.0,1.0,10.575548623573,10.575548623573,10.210874533105,10.210874533105,5000.0
1993-08-04,14.5,14.75,14.0,14.0,29300.0,0.0,1.0,10.575548623573,10.757885668807,10.210874533105,10.210874533105,29300.0
1993-08-05,14.0,14.5,13.75,14.5,30300.0,0.0,1.0,10.210874533105,10.575548623573,10.028537487871,10.575548623573,30300.0
1993-08-06,13.75,14.25,13.75,14.25,6300.0,0.0,1.0,10.028537487871,10.393211578339,10.028537487871,10.393211578339,6300.0
1993-08-09,14.5,14.5,13.75,13.75,14000.0,0.0,1.0,10.575548623573,10.575548623573,10.028537487871,10.028537487871,14000.0
1993-08-10,13.75,14.5,13.75,13.75,17800.0,0.0,1.0,10.028537487871,10.575548623573,10.028537487871,10.028537487871,17800.0
1993-08-11,14.0,14.5,13.75,13.75,8100.0,0.0,1.0,10.210874533105,10.575548623573,10.028537487871,10.028537487871,8100.0
1993-08-12,14.5,14.5,13.75,14.5,3700.0,0.0,1.0,10.575548623573,10.575548623573,10.028537487871,10.575548623573,3700.0
1993-08-13,13.75,14.5,13.75,13.75,4500.0,0.0,1.0,10.028537487871,10.575548623573,10.028537487871,10.028537487871,4500.0
1993-08-16,13.75,14.5,13.75,13.88,1300.0,0.0,1.0,10.028537487871,10.575548623573,10.028537487871,10.123352751393,1300.0
1993-08-17,14.0,14.5,13.75,13.75,18700.0,0.0,1.0,10.210874533105,10.575548623573,10.028537487871,10.028537487871,18700.0
1993-08-18,14.5,14.5,13.75,14.5,12100.0,0.0,1.0,10.575548623573,10.575548623573,10.028537487871,10.575548623573,12100.0
1993-08-19,14.13,14.13,13.75,13.75,43000.0,0.0,1.0,10.305689796627,10.305689796627,10.028537487871,10.028537487871,43000.0
1993-08-20,13.75,14.25,13.75,14.25,26300.0,0.0,1.0,10.028537487871,10.393211578339,10.028537487871,10.393211578339,26300.0
1993-08-23,14.0,15.0,14.0,15.0,100000.0,0.0,1.0,10.210874533105,10.940222714041,10.210874533105,10.940222714041,100000.0
1993-08-24,15.0,15.75,15.0,15.5,34400.0,0.0,1.0,10.940222714041,11.487233849743,10.940222714041,11.304896804509,34400.0
1993-08-25,15.0,15.75,15.0,15.25,32200.0,0.0,1.0,10.940222714041,11.487233849743,10.940222714041,11.122559759275,32200.0
1993-08-26,15.75,15.75,15.25,15.5,39700.0,0.0,1.0,11.487233849743,11.487233849743,11.122559759275,11.304896804509,39700.0
1993-08-27,15.75,16.0,15.25,16.0,90000.0,0.0,1.0,11.487233849743,11.669570894977,11.122559759275,11.669570894977,90000.0
1993-08-30,15.5,16.0,15.5,16.0,2600.0,0.0,1.0,11.304896804509,11.669570894977,11.304896804509,11.669570894977,2600.0
1993-08-31,16.0,16.0,15.5,15.75,31600.0,0.0,1.0,11.669570894977,11.669570894977,11.304896804509,11.487233849743,31600.0
1993-09-01,15.88,16.25,15.5,15.75,23800.0,0.0,1.0,11.582049113265,11.851907940211,11.304896804509,11.487233849743,23800.0
1993-09-02,16.5,16.5,15.75,16.5,1700.0,0.0,1.0,12.034244985445,12.034244985445,11.487233849743,12.034244985445,1700.0
1993-09-03,16.5,16.5,15.75,16.5,3500.0,0.0,1.0,12.034244985445,12.034244985445,11.487233849743,12.034244985445,3500.0
1993-09-07,15.75,16.5,15.75,15.75,34200.0,0.0,1.0,11.487233849743,12.034244985445,11.487233849743,11.487233849743,34200.0
1993-09-08,16.0,16.0,15.75,15.88,4000.0,0.0,1.0,11.669570894977,11.669570894977,11.487233849743,11.582049113265,4000.0
1993-09-09,16.5,16.5,15.75,15.75,53500.0,0.0,1.0,12.034244985445,12.034244985445,11.487233849743,11.487233849743,53500.0
1993-09-10,15.75,16.5,15.75,16.5,3400.0,0.0,1.0,11.487233849743,12.034244985445,11.487233849743,12.034244985445,3400.0
1993-09-13,16.5,16.5,15.75,15.75,3300.0,0.0,1.0,12.034244985445,12.034244985445,11.487233849743,11.487233849743,3300.0
1993-09-14,15.75,15.75,15.75,15.75,1300.0,0.0,1.0,11.487233849743,11.487233849743,11.487233849743,11.487233849743,1300.0
1993-09-15,16.5,16.5,15.75,16.25,14800.0,0.0,1.0,12.034244985445,12.034244985445,11.487233849743,11.851907940211,14800.0
1993-09-16,15.75,16.25,15.75,16.0,34800.0,0.0,1.0,11.487233849743,11.851907940211,11.487233849743,11.669570894977,34800.0
1993-09-17,16.25,16.25,15.75,16.13,2500.0,0.0,1.0,11.851907940211,11.851907940211,11.487233849743,11.764386158499,2500.0
1993-09-20,15.75,16.13,15.75,16.0,9700.0,0.0,1.0,11.487233849743,11.764386158499,11.487233849743,11.669570894977,9700.0
1993-09-21,16.25,16.25,15.75,15.75,4600.0,0.0,1.0,11.851907940211,11.851907940211,11.487233849743,11.487233849743,4600.0
1993-09-22,15.75,16.25,15.75,16.0,38100.0,0.0,1.0,11.487233849743,11.851907940211,11.487233849743,11.669570894977,38100.0
1993-09-23,16.0,16.25,15.75,15.75,13600.0,0.0,1.0,11.669570894977,11.851907940211,11.487233849743,11.487233849743,13600.0
1993-09-24,15.75,16.25,15.75,16.25,23600.0,0.0,1.0,11.487233849743,11.851907940211,11.487233849743,11.851907940211,23600.0
1993-09-27,15.75,16.5,15.75,15.75,2000.0,0.0,1.0,11.487233849743,12.034244985445,11.487233849743,11.487233849743,2000.0
1993-09-28,16.25,16.5,15.75,16.5,42700.0,0.0,1.0,11.851907940211,12.034244985445,11.487233849743,12.034244985445,42700.0
1993-09-29,16.0,16.5,16.0,16.0,6600.0,0.0,1.0,11.669570894977,12.034244985445,11.669570894977,11.669570894977,6600.0
1993-09-30,16.0,16.75,16.0,16.75,50600.0,0.0,1.0,11.669570894977,12.216582030679,11.669570894977,12.216582030679,50600.0
1993-10-01,16.0,16.75,16.0,16.75,10300.0,0.0,1.0,11.669570894977,12.216582030679,11.669570894977,12.216582030679,10300.0
1993-10-04,16.0,16.75,16.0,16.0,66200.0,0.0,1.0,11.669570894977,12.216582030679,11.669570894977,11.669570894977,66200.0
1993-10-05,16.0,16.75,16.0,16.5,4200.0,0.0,1.0,11.669570894977,12.216582030679,11.669570894977,12.034244985445,4200.0
1993-10-06,16.0,16.75,16.0,16.0,1200.0,0.0,1.0,11.669570894977,12.216582030679,11.669570894977,11.669570894977,1200.0
1993-10-07,16.0,16.38,16.0,16.0,201600.0,0.0,1.0,11.669570894977,11.946723203733,11.669570894977,11.669570894977,201600.0
1993-10-08,16.0,16.75,16.0,16.0,6600.0,0.0,1.0,11.669570894977,12.216582030679,11.669570894977,11.669570894977,6600.0
1993-10-11,16.0,16.75,16.0,16.5,191600.0,0.0,1.0,11.669570894977,12.216582030679,11.669570894977,12.034244985445,191600.0
1993-10-12,16.0,16.75,16.0,16.0,13200.0,0.0,1.0,11.669570894977,12.216582030679,11.669570894977,11.669570894977,13200.0
1993-10-13,16.75,16.75,16.25,16.75,8100.0,0.0,1.0,12.216582030679,12.216582030679,11.851907940211,12.216582030679,8100.0
1993-10-14,16.0,16.5,15.75,15.75,15000.0,0.0,1.0,11.669570894977,12.034244985445,11.487233849743,11.487233849743,15000.0
1993-10-15,15.75,16.25,15.75,15.75,13200.0,0.0,1.0,11.487233849743,11.851907940211,11.487233849743,11.487233849743,13200.0
1993-10-18,15.75,16.0,15.25,15.38,11000.0,0.0,1.0,11.487233849743,11.669570894977,11.122559759275,11.217375022797,11000.0
1993-10-19,15.25,15.75,15.0,15.0,31800.0,0.0,1.0,11.122559759275,11.487233849743,10.940222714041,10.940222714041,31800.0
1993-10-20,15.0,15.25,14.5,14.5,85200.0,0.0,1.0,10.940222714041,11.122559759275,10.575548623573,10.575548623573,85200.0
1993-10-21,14.5,15.25,14.5,15.0,78700.0,0.0,1.0,10.575548623573,11.122559759275,10.575548623573,10.940222714041,78700.0
1993-10-22,15.25,15.25,14.5,14.5,6000.0,0.0,1.0,11.122559759275,11.122559759275,10.575548623573,10.575548623573,6000.0
1993-10-25,15.25,15.25,14.5,15.25,9100.0,0.0,1.0,11.122559759275,11.122559759275,10.575548623573,11.122559759275,9100.0
1993-10-26,14.88,15.25,14.5,15.25,12100.0,0.0,1.0,10.852700932329,11.122559759275,10.575548623573,11.122559759275,12100.0
1993-10-27,14.75,15.0,14.25,14.75,60300.0,0.0,1.0,10.757885668807,10.940222714041,10.393211578339,10.757885668807,60300.0
1993-10-28,15.0,15.0,14.25,14.38,9700.0,0.0,1.0,10.940222714041,10.940222714041,10.393211578339,10.488026841861,9700.0
1993-10-29,15.0,15.0,14.5,14.75,40100.0,0.0,1.0,10.940222714041,10.940222714041,10.575548623573,10.757885668807,40100.0
1993-11-01,14.5,15.0,14.5,14.75,4100.0,0.0,1.0,10.575548623573,10.940222714041,10.575548623573,10.757885668807,4100.0
1993-11-02,14.25,14.5,14.0,14.25,46300.0,0.0,1.0,10.393211578339,10.575548623573,10.210874533105,10.393211578339,46300.0
1993-11-03,14.5,14.5,14.0,14.0,3100.0,0.0,1.0,10.575548623573,10.575548623573,10.210874533105,10.210874533105,3100.0
1993-11-04,14.25,14.5,14.0,14.0,7900.0,0.0,1.0,10.393211578339,10.575548623573,10.210874533105,10.210874533105,7900.0
1993-11-05,14.5,14.5,14.0,14.25,62900.0,0.0,1.0,10.575548623573,10.575548623573,10.210874533105,10.393211578339,62900.0
1993-11-08,14.75,15.0,14.25,15.0,17900.0,0.0,1.0,10.757885668807,10.940222714041,10.393211578339,10.940222714041,17900.0
1993-11-09,14.63,15.25,14.5,15.25,104100.0,0.0,1.0,10.670363887095,11.122559759275,10.575548623573,11.122559759275,104100.0
1993-11-10,15.25,15.25,14.5,15.25,8300.0,0.0,1.0,11.122559759275,11.122559759275,10.575548623573,11.122559759275,8300.0
1993-11-11,14.5,15.25,14.5,15.25,33000.0,0.0,1.0,10.575548623573,11.122559759275,10.575548623573,11.122559759275,33000.0
1993-11-12,15.5,15.5,15.5,15.5,2500.0,0.0,1.0,11.304896804509,11.304896804509,11.304896804509,11.304896804509,2500.0
1993-11-15,15.5,15.75,14.75,15.75,4300.0,0.0,1.0,11.304896804509,11.487233849743,10.757885668807,11.487233849743,4300.0
1993-11-16,15.75,15.75,14.75,14.75,13200.0,0.0,1.0,11.487233849743,11.487233849743,10.757885668807,10.757885668807,13200.0
1993-11-17,15.0,15.75,15.0,15.0,13300.0,0.0,1.0,10.940222714041,11.487233849743,10.940222714041,10.940222714041,13300.0
1993-11-18,15.38,15.75,15.0,15.38,45100.0,0.0,1.0,11.217375022797,11.487233849743,10.940222714041,11.217375022797,45100.0
1993-11-19,15.75,15.75,15.0,15.13,3100.0,0.05,1.0,11.525195627171,11.525195627171,10.976376787782,11.071505386609,3100.0
1993-11-22,15.0,15.75,15.0,15.25,15400.0,0.0,1.0,10.976376787782,11.525195627171,10.976376787782,11.159316400912,15400.0
1993-11-23,15.0,15.38,15.0,15.38,11300.0,0.0,1.0,10.976376787782,11.254444999739,10.976376787782,11.254444999739,11300.0
1993-11-24,15.0,15.63,15.0,15.5,23800.0,0.0,1.0,10.976376787782,11.437384612869,10.976376787782,11.342256014041,23800.0
1993-11-26,15.0,15.0,15.0,15.0,400.0,0.0,1.0,10.976376787782,10.976376787782,10.976376787782,10.976376787782,400.0
1993-11-29,15.13,15.5,15.0,15.5,9700.0,0.0,1.0,11.071505386609,11.342256014041,10.976376787782,11.342256014041,9700.0
1993-11-30,15.75,15.75,15.0,15.25,14500.0,0.0,1.0,11.525195627171,11.525195627171,10.976376787782,11.159316400912,14500.0
1993-12-01,15.75,16.5,15.25,16.13,26500.0,0.0,1.0,11.525195627171,12.07401446656,11.159316400912,11.803263839128,26500.0
1993-12-02,16.13,16.38,15.75,15.75,91500.0,0.0,1.0,11.803263839128,11.986203452258,11.525195627171,11.525195627171,91500.0
1993-12-03,15.75,16.13,15.75,15.75,6900.0,0.0,1.0,11.525195627171,11.803263839128,11.525195627171,11.525195627171,6900.0
1993-12-06,15.75,16.0,15.75,16.0,900.0,0.0,1.0,11.525195627171,11.708135240301,11.525195627171,11.708135240301,900.0
1993-12-07,15.75,16.0,15.75,15.75,8400.0,0.0,1.0,11.525195627171,11.708135240301,11.525195627171,11.525195627171,8400.0
1993-12-08,15.75,16.5,15.75,16.25,108500.0,0.0,1.0,11.525195627171,12.07401446656,11.525195627171,11.89107485343,108500.0
1993-12-09,15.75,16.5,15.75,16.0,6300.0,0.0,1.0,11.525195627171,12.07401446656,11.525195627171,11.708135240301,6300.0
1993-12-10,16.38,16.5,15.88,16.5,1800.0,0.0,1.0,11.986203452258,12.07401446656,11.620324225999,12.07401446656,1800.0
1993-12-13,16.0,16.0,15.75,15.75,400.0,0.0,1.0,11.708135240301,11.708135240301,11.525195627171,11.525195627171,400.0
1993-12-14,16.5,16.5,15.75,15.75,27600.0,0.0,1.0,12.07401446656,12.07401446656,11.525195627171,11.525195627171,27600.0
1993-12-15,15.75,15.88,15.5,15.5,24100.0,0.0,1.0,11.525195627171,11.620324225999,11.342256014041,11.342256014041,24100.0
1993-12-16,15.63,16.25,15.5,16.25,8300.0,0.0,1.0,11.437384612869,11.89107485343,11.342256014041,11.89107485343,8300.0
1993-12-17,15.63,16.0,15.5,15.5,5400.0,0.0,1.0,11.437384612869,11.708135240301,11.342256014041,11.342256014041,5400.0
1993-12-20,15.5,16.25,15.5,16.25,20800.0,0.0,1.0,11.342256014041,11.89107485343,11.342256014041,11.89107485343,20800.0
1993-12-21,15.88,16.25,15.5,15.5,19000.0,0.0,1.0,11.620324225999,11.89107485343,11.342256014041,11.342256014041,19000.0
1993-12-22,15.5,16.13,14.0,14.25,214300.0,0.0,1.0,11.342256014041,11.803263839128,10.244618335263,10.427557948393,214300.0
1993-12-23,14.25,14.75,14.25,14.25,12400.0,0.0,1.0,10.427557948393,10.793437174652,10.427557948393,10.427557948393,12400.0
1993-12-27,14.75,14.75,14.25,14.75,4000.0,0.0,1.0,10.793437174652,10.793437174652,10.427557948393,10.793437174652,4000.0
1993-12-28,14.25,14.5,14.25,14.25,7600.0,0.0,1.0,10.427557948393,10.610497561523,10.427557948393,10.427557948393,7600.0
1993-12-29,14.25,14.75,14.25,14.25,28400.0,0.0,1.0,10.427557948393,10.793437174652,10.427557948393,10.427557948393,28400.0
1993-12-30,14.0,14.5,14.0,14.5,10900.0,0.0,1.0,10.244618335263,10.610497561523,10.244618335263,10.610497561523,10900.0
1993-12-31,14.0,14.5,14.0,14.5,2900.0,0.0,1.0,10.244618335263,10.610497561523,10.244618335263,10.610497561523,2900.0
1994-01-03,14.5,14.5,14.0,14.25,48200.0,0.0,1.0,10.610497561523,10.610497561523,10.244618335263,10.427557948393,48200.0
1994-01-04,14.5,14.75,14.25,14.75,9000.0,0.0,1.0,10.610497561523,10.793437174652,10.427557948393,10.793437174652,9000.0
1994-01-05,14.75,14.75,14.25,14.5,3500.0,0.0,1.0,10.793437174652,10.793437174652,10.427557948393,10.610497561523,3500.0
1994-01-06,15.0,15.0,14.5,15.0,21100.0,0.0,1.0,10.976376787782,10.976376787782,10.610497561523,10.976376787782,21100.0
1994-01-07,15.0,15.0,14.5,14.5,4000.0,0.0,1.0,10.976376787782,10.976376787782,10.610497561523,10.610497561523,4000.0
1994-01-10,14.5,15.0,14.5,14.75,4500.0,0.0,1.0,10.610497561523,10.976376787782,10.610497561523,10.793437174652,4500.0
1994-01-11,14.75,15.0,14.75,14.75,16500.0,0.0,1.0,10.793437174652,10.976376787782,10.793437174652,10.793437174652,16500.0
1994-01-12,14.75,14.75,14.75,14.75,2900.0,0.0,1.0,10.793437174652,10.793437174652,10.793437174652,10.793437174652,2900.0
1994-01-13,15.0,15.0,14.75,14.88,28800.0,0.0,1.0,10.976376787782,10.976376787782,10.793437174652,10.88856577348,28800.0
1994-01-14,14.75,15.0,14.75,14.75,95800.0,0.0,1.0,10.793437174652,10.976376787782,10.793437174652,10.793437174652,95800.0
1994-01-17,14.5,15.0,14.25,14.5,26500.0,0.0,1.0,10.610497561523,10.976376787782,10.427557948393,10.610497561523,26500.0
1994-01-18,14.25,15.0,14.25,15.0,2200.0,0.0,1.0,10.427557948393,10.976376787782,10.427557948393,10.976376787782,2200.0
1994-01-19,15.0,15.0,14.5,14.5,11300.0,0.0,1.0,10.976376787782,10.976376787782,10.610497561523,10.610497561523,11300.0
1994-01-20,14.5,15.0,14.5,15.0,4100.0,0.0,1.0,10.610497561523,10.976376787782,10.610497561523,10.976376787782,4100.0
1994-01-21,15.0,15.0,14.5,14.5,2700.0,0.0,1.0,10.976376787782,10.976376787782,10.610497561523,10.610497561523,2700.0
1994-01-24,14.5,15.0,14.5,14.75,22400.0,0.0,1.0,10.610497561523,10.976376787782,10.610497561523,10.793437174652,22400.0
1994-01-25,14.88,14.88,14.88,14.88,2900.0,0.0,1.0,10.88856577348,10.88856577348,10.88856577348,10.88856577348,2900.0
1994-01-26,15.0,15.0,14.25,15.0,8300.0,0.0,1.0,10.976376787782,10.976376787782,10.427557948393,10.976376787782,8300.0
1994-01-27,14.25,14.38,14.25,14.25,5000.0,0.0,1.0,10.427557948393,10.52268654722,10.427557948393,10.427557948393,5000.0
1994-01-28,14.5,14.5,14.25,14.25,269600.0,0.0,1.0,10.610497561523,10.610497561523,10.427557948393,10.427557948393,269600.0
1994-01-31,15.0,15.0,14.25,14.25,800.0,0.0,1.0,10.976376787782,10.976376787782,10.427557948393,10.427557948393,800.0
1994-02-01,15.0,15.0,14.25,14.25,96500.0,0.0,1.0,10.976376787782,10.976376787782,10.427557948393,10.427557948393,96500.0
1994-02-02,14.75,14.75,14.0,14.5,4200.0,0.0,1.0,10.793437174652,10.793437174652,10.244618335263,10.610497561523,4200.0
1994-02-03,14.0,14.75,14.0,14.75,164100.0,0.0,1.0,10.244618335263,10.793437174652,10.244618335263,10.793437174652,164100.0
1994-02-04,14.5,14.75,14.0,14.25,21500.0,0.0,1.0,10.610497561523,10.793437174652,10.244618335263,10.427557948393,21500.0
1994-02-07,14.0,14.75,14.0,14.0,12900.0,0.0,1.0,10.244618335263,10.793437174652,10.244618335263,10.244618335263,12900.0
1994-02-08,14.5,14.5,13.75,14.25,32500.0,0.0,1.0,10.610497561523,10.610497561523,10.061678722133,10.427557948393,32500.0
1994-02-09,14.5,14.5,13.75,14.0,6600.0,0.0,1.0,10.610497561523,10.610497561523,10.061678722133,10.244618335263,6600.0
1994-02-10,14.5,14.75,14.25,14.5,25700.0,0.0,1.0,10.610497561523,10.793437174652,10.427557948393,10.610497561523,25700.0
1994-02-11,14.75,14.75,14.5,14.5,58800.0,0.0,1.0,10.793437174652,10.793437174652,10.610497561523,10.610497561523,58800.0
1994-02-14,14.5,14.75,14.5,14.75,24500.0,0.0,1.0,10.610497561523,10.793437174652,10.610497561523,10.793437174652,24500.0
1994-02-15,14.5,15.0,14.5,15.0,61300.0,0.0,1.0,10.610497561523,10.976376787782,10.610497561523,10.976376787782,61300.0
1994-02-16,14.75,15.25,14.75,15.0,12400.0,0.0,1.0,10.793437174652,11.159316400912,10.793437174652,10.976376787782,12400.0
1994-02-17,15.25,15.25,14.75,14.75,17700.0,0.0,1.0,11.159316400912,11.159316400912,10.793437174652,10.793437174652,17700.0
1994-02-18,15.5,15.5,14.75,14.75,8500.0,0.0,1.0,11.342256014041,11.342256014041,10.793437174652,10.793437174652,8500.0
1994-02-22,14.75,14.75,14.75,14.75,0.0,0.0,1.0,10.793437174652,10.793437174652,10.793437174652,10.793437174652,0.0
1994-02-23,14.5,14.5,11.5,12.0,92500.0,0.0,1.0,10.610497561523,10.610497561523,8.4152222039662,8.7811014302256,92500.0
1994-02-24,10.0,10.25,9.75,10.25,349600.0,0.0,1.0,7.317584525188,7.5005241383177,7.1346449120583,7.5005241383177,349600.0
1994-02-25,10.25,10.25,9.75,10.0,112000.0,0.0,1.0,7.5005241383177,7.5005241383177,7.1346449120583,7.317584525188,112000.0
1994-02-28,10.5,10.5,9.75,10.5,44300.0,0.0,1.0,7.6834637514474,7.6834637514474,7.1346449120583,7.6834637514474,44300.0
1994-03-01,10.5,11.0,10.0,11.0,155400.0,0.0,1.0,7.6834637514474,8.0493429777068,7.317584525188,8.0493429777068,155400.0
1994-03-02,10.75,11.0,10.25,10.5,14600.0,0.0,1.0,7.8664033645771,8.0493429777068,7.5005241383177,7.6834637514474,14600.0
1994-03-03,11.0,11.0,10.5,10.63,143300.0,0.0,1.0,8.0493429777068,8.0493429777068,7.6834637514474,7.7785923502748,143300.0
1994-03-04,10.75,11.0,10.5,10.5,61500.0,0.0,1.0,7.8664033645771,8.0493429777068,7.6834637514474,7.6834637514474,61500.0
1994-03-07,11.0,11.5,10.75,11.5,26200.0,0.0,1.0,8.0493429777068,8.4152222039662,7.8664033645771,8.4152222039662,26200.0
1994-03-08,11.75,12.5,11.25,12.0,84100.0,0.0,1.0,8.5981618170959,9.146980656485,8.2322825908365,8.7811014302256,84100.0
1994-03-09,12.5,12.5,11.75,12.13,27700.0,0.0,1.0,9.146980656485,9.146980656485,8.5981618170959,8.876230029053,27700.0
1994-03-10,11.75,12.5,11.75,11.75,35700.0,0.0,1.0,8.5981618170959,9.146980656485,8.5981618170959,8.5981618170959,35700.0
1994-03-11,11.75,12.13,11.75,11.75,7600.0,0.0,1.0,8.5981618170959,8.876230029053,8.5981618170959,8.5981618170959,7600.0
1994-03-14,12.5,12.5,11.75,12.0,700.0,0.0,1.0,9.146980656485,9.146980656485,8.5981618170959,8.7811014302256,700.0
1994-03-15,11.75,12.5,11.75,11.75,13900.0,0.0,1.0,8.5981618170959,9.146980656485,8.5981618170959,8.5981618170959,13900.0
1994-03-16,12.5,12.5,11.75,12.5,1800.0,0.0,1.0,9.146980656485,9.146980656485,8.5981618170959,9.146980656485,1800.0
1994-03-17,12.5,12.5,11.75,12.0,27700.0,0.0,1.0,9.146980656485,9.146980656485,8.5981618170959,8.7811014302256,27700.0
1994-03-18,11.75,12.25,11.75,12.0,228400.0,0.0,1.0,8.5981618170959,8.9640410433553,8.5981618170959,8.7811014302256,228400.0
1994-03-21,11.75,12.0,11.5,12.0,30200.0,0.0,1.0,8.5981618170959,8.7811014302256,8.4152222039662,8.7811014302256,30200.0
1994-03-22,11.5,11.63,11.5,11.63,7000.0,0.0,1.0,8.4152222039662,8.5103508027936,8.4152222039662,8.5103508027936,7000.0
1994-03-23,11.5,11.75,11.0,11.0,18700.0,0.0,1.0,8.4152222039662,8.5981618170959,8.0493429777068,8.0493429777068,18700.0
1994-03-24,11.5,11.5,11.0,11.0,10800.0,0.0,1.0,8.4152222039662,8.4152222039662,8.0493429777068,8.0493429777068,10800.0
1994-03-25,11.0,11.5,11.0,11.5,11900.0,0.0,1.0,8.0493429777068,8.4152222039662,8.0493429777068,8.4152222039662,11900.0
1994-03-28,11.0,11.5,11.0,11.0,9400.0,0.0,1.0,8.0493429777068,8.4152222039662,8.0493429777068,8.0493429777068,9400.0
1994-03-29,11.5,11.5,10.5,10.5,11000.0,0.0,1.0,8.4152222039662,8.4152222039662,7.6834637514474,7.6834637514474,11000.0
1994-03-30,11.0,11.0,10.25,11.0,8100.0,0.0,1.0,8.0493429777068,8.0493429777068,7.5005241383177,8.0493429777068,8100.0
1994-03-31,10.25,11.0,10.0,10.5,66600.0,0.0,1.0,7.5005241383177,8.0493429777068,7.317584525188,7.6834637514474,66600.0
1994-04-04,9.5,9.75,9.0,9.625,10600.0,0.0,1.0,6.9517052989286,7.1346449120583,6.5858260726692,7.0431751054934,10600.0
1994-04-05,10.25,10.5,9.75,10.0,33800.0,0.0,1.0,7.5005241383177,7.6834637514474,7.1346449120583,7.317584525188,33800.0
1994-04-06,10.25,10.5,9.5,9.625,129800.0,0.0,1.0,7.5005241383177,7.6834637514474,6.9517052989286,7.0431751054934,129800.0
1994-04-07,10.0,10.0,9.5,9.5,5800.0,0.0,1.0,7.317584525188,7.317584525188,6.9517052989286,6.9517052989286,5800.0
1994-04-08,10.0,10.0,9.75,10.0,4500.0,0.0,1.0,7.317584525188,7.317584525188,7.1346449120583,7.317584525188,4500.0
1994-04-11,10.0,10.0,9.5,9.5,10100.0,0.0,1.0,7.317584525188,7.317584525188,6.9517052989286,6.9517052989286,10100.0
1994-04-12,10.0,10.0,9.25,9.75,22900.0,0.0,1.0,7.317584525188,7.317584525188,6.7687656857989,7.1346449120583,22900.0
1994-04-13,9.25,9.75,9.25,9.5,14000.0,0.0,1.0,6.7687656857989,7.1346449120583,6.7687656857989,6.9517052989286,14000.0
1994-04-14,9.75,9.75,9.5,9.5,1400.0,0.0,1.0,7.1346449120583,7.1346449120583,6.9517052989286,6.9517052989286,1400.0
1994-04-15,10.0,10.0,9.625,10.0,105300.0,0.0,1.0,7.317584525188,7.317584525188,7.0431751054934,7.317584525188,105300.0
1994-04-18,9.5,10.0,9.5,10.0,47700.0,0.0,1.0,6.9517052989286,7.317584525188,6.9517052989286,7.317584525188,47700.0
1994-04-19,10.0,10.0,9.5,9.5,3900.0,0.0,1.0,7.317584525188,7.317584525188,6.9517052989286,6.9517052989286,3900.0
1994-04-20,9.5,10.0,9.5,10.0,3000.0,0.0,1.0,6.9517052989286,7.317584525188,6.9517052989286,7.317584525188,3000.0
1994-04-21,9.5,9.625,9.5,9.625,2500.0,0.0,1.0,6.9517052989286,7.0431751054934,6.9517052989286,7.0431751054934,2500.0
1994-04-22,10.0,10.0,9.5,9.5,8700.0,0.0,1.0,7.317584525188,7.317584525188,6.9517052989286,6.9517052989286,8700.0
1994-04-25,9.25,10.0,9.25,9.625,2400.0,0.0,1.0,6.7687656857989,7.317584525188,6.7687656857989,7.0431751054934,2400.0
1994-04-26,9.25,10.0,9.25,9.25,49000.0,0.0,1.0,6.7687656857989,7.317584525188,6.7687656857989,6.7687656857989,49000.0
1994-04-28,9.25,10.0,9.25,9.25,11000.0,0.0,1.0,6.7687656857989,7.317584525188,6.7687656857989,6.7687656857989,11000.0
1994-04-29,9.75,9.75,9.25,9.25,82500.0,0.0,1.0,7.1346449120583,7.1346449120583,6.7687656857989,6.7687656857989,82500.0
1994-05-02,9.5,9.5,9.5,9.5,100.0,0.0,1.0,6.9517052989286,6.9517052989286,6.9517052989286,6.9517052989286,100.0
1994-05-03,8.875,9.5,8.75,9.5,84200.0,0.0,1.0,6.4943562661043,6.9517052989286,6.4028864595395,6.9517052989286,84200.0
1994-05-04,8.75,9.5,8.75,9.5,8300.0,0.0,1.0,6.4028864595395,6.9517052989286,6.4028864595395,6.9517052989286,8300.0
1994-05-05,8.75,9.5,8.75,9.5,500.0,0.0,1.0,6.4028864595395,6.9517052989286,6.4028864595395,6.9517052989286,500.0
1994-05-06,8.75,9.5,8.75,8.75,34900.0,0.0,1.0,6.4028864595395,6.9517052989286,6.4028864595395,6.4028864595395,34900.0
1994-05-09,9.5,9.5,9.125,9.5,33600.0,0.0,1.0,6.9517052989286,6.9517052989286,6.677295879234,6.9517052989286,33600.0
1994-05-10,9.5,9.5,8.75,9.0,102700.0,0.0,1.0,6.9517052989286,6.9517052989286,6.4028864595395,6.5858260726692,102700.0
1994-05-11,9.5,9.5,9.0,9.25,15500.0,0.0,1.0,6.9517052989286,6.9517052989286,6.5858260726692,6.7687656857989,15500.0
1994-05-12,9.0,9.5,9.0,9.0,9300.0,0.0,1.0,6.5858260726692,6.9517052989286,6.5858260726692,6.5858260726692,9300.0
1994-05-13,9.5,9.5,9.0,9.0,14600.0,0.0,1.0,6.9517052989286,6.9517052989286,6.5858260726692,6.5858260726692,14600.0
1994-05-16,8.75,9.25,8.75,9.25,28300.0,0.0,1.0,6.4028864595395,6.7687656857989,6.4028864595395,6.7687656857989,28300.0
1994-05-17,9.5,9.5,8.75,8.75,8300.0,0.0,1.0,6.9517052989286,6.9517052989286,6.4028864595395,6.4028864595395,8300.0
1994-05-18,9.75,9.75,9.75,9.75,5700.0,0.0,1.0,7.1346449120583,7.1346449120583,7.1346449120583,7.1346449120583,5700.0
1994-05-19,9.75,10.25,9.5,10.25,40000.0,0.0,1.0,7.1346449120583,7.5005241383177,6.9517052989286,7.5005241383177,40000.0
1994-05-20,10.5,10.75,10.0,10.75,25200.0,0.0,1.0,7.6834637514474,7.8664033645771,7.317584525188,7.8664033645771,25200.0
1994-05-23,10.0,10.75,10.0,10.0,17000.0,0.0,1.0,7.317584525188,7.8664033645771,7.317584525188,7.317584525188,17000.0
1994-05-24,10.75,10.75,10.0,10.13,1800.0,0.0,1.0,7.8664033645771,7.8664033645771,7.317584525188,7.4127131240154,1800.0
1994-05-25,10.75,10.75,10.0,10.0,2400.0,0.0,1.0,7.8664033645771,7.8664033645771,7.317584525188,7.317584525188,2400.0
1994-05-26,10.75,10.75,10.0,10.0,23000.0,0.0,1.0,7.8664033645771,7.8664033645771,7.317584525188,7.317584525188,23000.0
1994-05-27,10.25,10.25,10.0,10.0,75900.0,0.0,1.0,7.5005241383177,7.5005241383177,7.317584525188,7.317584525188,75900.0
1994-05-31,10.0,10.5,10.0,10.5,8500.0,0.0,1.0,7.317584525188,7.6834637514474,7.317584525188,7.6834637514474,8500.0
1994-06-01,9.75,10.5,9.75,10.0,16200.0,0.0,1.0,7.1346449120583,7.6834637514474,7.1346449120583,7.317584525188,16200.0
1994-06-02,10.0,10.0,9.5,9.625,11600.0,0.0,1.0,7.317584525188,7.317584525188,6.9517052989286,7.0431751054934,11600.0
1994-06-03,10.0,10.0,9.5,9.5,4600.0,0.0,1.0,7.317584525188,7.317584525188,6.9517052989286,6.9517052989286,4600.0
1994-06-06,9.25,10.0,9.25,9.5,9500.0,0.0,1.0,6.7687656857989,7.317584525188,6.7687656857989,6.9517052989286,9500.0
1994-06-07,10.0,10.0,9.75,9.75,700.0,0.0,1.0,7.317584525188,7.317584525188,7.1346449120583,7.1346449120583,700.0
1994-06-08,9.25,9.75,9.25,9.5,900.0,0.0,1.0,6.7687656857989,7.1346449120583,6.7687656857989,6.9517052989286,900.0
1994-06-09,9.75,9.75,9.25,9.25,6400.0,0.0,1.0,7.1346449120583,7.1346449120583,6.7687656857989,6.7687656857989,6400.0
1994-06-10,9.75,9.75,9.25,9.25,94700.0,0.0,1.0,7.1346449120583,7.1346449120583,6.7687656857989,6.7687656857989,94700.0
1994-06-13,9.5,9.75,9.25,9.75,19300.0,0.0,1.0,6.9517052989286,7.1346449120583,6.7687656857989,7.1346449120583,19300.0
1994-06-14,9.75,9.75,9.375,9.375,3900.0,0.0,1.0,7.1346449120583,7.1346449120583,6.8602354923637,6.8602354923637,3900.0
1994-06-15,9.5,9.75,9.25,9.625,42800.0,0.0,1.0,6.9517052989286,7.1346449120583,6.7687656857989,7.0431751054934,42800.0
1994-06-16,9.5,9.75,9.5,9.75,37100.0,0.0,1.0,6.9517052989286,7.1346449120583,6.9517052989286,7.1346449120583,37100.0
1994-06-17,10.25,10.38,10.25,10.38,39500.0,0.0,1.0,7.5005241383177,7.5956527371451,7.5005241383177,7.5956527371451,39500.0
1994-06-20,10.38,10.38,10.38,10.38,100.0,0.0,1.0,7.5956527371451,7.5956527371451,7.5956527371451,7.5956527371451,100.0
1994-06-21,9.75,10.25,9.5,9.625,35800.0,0.0,1.0,7.1346449120583,7.5005241383177,6.9517052989286,7.0431751054934,35800.0
1994-06-22,10.0,10.25,9.875,10.25,62700.0,0.0,1.0,7.317584525188,7.5005241383177,7.2261147186231,7.5005241383177,62700.0
1994-06-23,9.5,10.0,9.5,10.0,14000.0,0.0,1.0,6.9517052989286,7.317584525188,6.9517052989286,7.317584525188,14000.0
1994-06-24,9.75,9.875,9.5,9.75,53000.0,0.0,1.0,7.1346449120583,7.2261147186231,6.9517052989286,7.1346449120583,53000.0
1994-06-27,9.75,9.875,9.75,9.875,32000.0,0.0,1.0,7.1346449120583,7.2261147186231,7.1346449120583,7.2261147186231,32000.0
1994-06-28,10.0,10.0,9.5,9.5,5900.0,0.0,1.0,7.317584525188,7.317584525188,6.9517052989286,6.9517052989286,5900.0
1994-06-29,9.5,9.5,9.5,9.5,1200.0,0.0,1.0,6.9517052989286,6.9517052989286,6.9517052989286,6.9517052989286,1200.0
1994-06-30,10.0,10.0,9.5,9.875,51000.0,0.0,1.0,7.317584525188,7.317584525188,6.9517052989286,7.2261147186231,51000.0
1994-07-01,9.5,10.0,9.5,9.875,65900.0,0.0,1.0,6.9517052989286,7.317584525188,6.9517052989286,7.2261147186231,65900.0
1994-07-05,9.5,9.813,9.5,9.5,10400.0,0.0,1.0,6.9517052989286,7.180745694567,6.9517052989286,6.9517052989286,10400.0
1994-07-06,9.75,9.875,9.5,9.875,38300.0,0.0,1.0,7.1346449120583,7.2261147186231,6.9517052989286,7.2261147186231,38300.0
1994-07-07,9.5,10.25,9.5,10.25,101100.0,0.0,1.0,6.9517052989286,7.5005241383177,6.9517052989286,7.5005241383177,101100.0
1994-07-08,9.75,10.38,9.75,10.0,19700.0,0.0,1.0,7.1346449120583,7.5956527371451,7.1346449120583,7.317584525188,19700.0
1994-07-11,10.0,10.38,10.0,10.38,25100.0,0.0,1.0,7.317584525188,7.5956527371451,7.317584525188,7.5956527371451,25100.0
1994-07-12,10.75,10.75,10.13,10.5,58300.0,0.0,1.0,7.8664033645771,7.8664033645771,7.4127131240154,7.6834637514474,58300.0
1994-07-13,10.5,10.75,10.5,10.5,8400.0,0.0,1.0,7.6834637514474,7.8664033645771,7.6834637514474,7.6834637514474,8400.0
1994-07-14,10.25,10.25,10.25,10.25,200.0,0.0,1.0,7.5005241383177,7.5005241383177,7.5005241383177,7.5005241383177,200.0
1994-07-15,10.5,10.63,10.25,10.5,17500.0,0.0,1.0,7.6834637514474,7.7785923502748,7.5005241383177,7.6834637514474,17500.0
1994-07-18,10.5,10.5,10.0,10.25,7800.0,0.0,1.0,7.6834637514474,7.6834637514474,7.317584525188,7.5005241383177,7800.0
1994-07-19,10.0,10.5,10.0,10.25,21700.0,0.0,1.0,7.317584525188,7.6834637514474,7.317584525188,7.5005241383177,21700.0
1994-07-20,10.25,10.25,10.25,10.25,16000.0,0.0,1.0,7.5005241383177,7.5005241383177,7.5005241383177,7.5005241383177,16000.0
1994-07-21,10.5,10.5,10.25,10.25,3000.0,0.0,1.0,7.6834637514474,7.6834637514474,7.5005241383177,7.5005241383177,3000.0
1994-07-22,10.25,10.5,10.25,10.25,103800.0,0.0,1.0,7.5005241383177,7.6834637514474,7.5005241383177,7.5005241383177,103800.0
1994-07-25,10.25,10.38,10.25,10.38,39400.0,0.0,1.0,7.5005241383177,7.5956527371451,7.5005241383177,7.5956527371451,39400.0
1994-07-26,10.25,10.5,10.25,10.5,26600.0,0.0,1.0,7.5005241383177,7.6834637514474,7.5005241383177,7.6834637514474,26600.0
1994-07-27,10.25,10.75,10.25,10.75,1400.0,0.0,1.0,7.5005241383177,7.8664033645771,7.5005241383177,7.8664033645771,1400.0
1994-07-28,10.75,10.75,10.25,10.25,7300.0,0.0,1.0,7.8664033645771,7.8664033645771,7.5005241383177,7.5005241383177,7300.0
1994-07-29,10.25,10.25,10.25,10.25,5600.0,0.0,1.0,7.5005241383177,7.5005241383177,7.5005241383177,7.5005241383177,5600.0
1994-08-01,10.25,10.75,10.0,10.0,11300.0,0.0,1.0,7.5005241383177,7.8664033645771,7.317584525188,7.317584525188,11300.0
1994-08-02,10.75,10.75,10.0,10.0,14300.0,0.0,1.0,7.8664033645771,7.8664033645771,7.317584525188,7.317584525188,14300.0
1994-08-03,10.25,10.38,10.0,10.0,24900.0,0.0,1.0,7.5005241383177,7.5956527371451,7.317584525188,7.317584525188,24900.0
1994-08-04,9.5,9.5,9.0,9.5,197400.0,0.0,1.0,6.9517052989286,6.9517052989286,6.5858260726692,6.9517052989286,197400.0
1994-08-05,9.0,9.563,9.0,9.25,14200.0,0.0,1.0,6.5858260726692,6.9978060814373,6.5858260726692,6.7687656857989,14200.0
1994-08-08,9.5,9.5,9.0,9.25,4700.0,0.0,1.0,6.9517052989286,6.9517052989286,6.5858260726692,6.7687656857989,4700.0
1994-08-09,9.25,9.5,9.25,9.5,5200.0,0.0,1.0,6.7687656857989,6.9517052989286,6.7687656857989,6.9517052989286,5200.0
1994-08-10,9.5,9.5,9.25,9.5,12700.0,0.0,1.0,6.9517052989286,6.9517052989286,6.7687656857989,6.9517052989286,12700.0
1994-08-11,9.25,10.0,9.25,10.0,19300.0,0.0,1.0,6.7687656857989,7.317584525188,6.7687656857989,7.317584525188,19300.0
1994-08-12,9.25,10.0,9.25,10.0,1700.0,0.0,1.0,6.7687656857989,7.317584525188,6.7687656857989,7.317584525188,1700.0
1994-08-15,9.25,9.5,9.25,9.25,20600.0,0.0,1.0,6.7687656857989,6.9517052989286,6.7687656857989,6.7687656857989,20600.0
1994-08-16,9.25,9.375,9.0,9.25,12400.0,0.0,1.0,6.7687656857989,6.8602354923637,6.5858260726692,6.7687656857989,12400.0
1994-08-17,9.0,9.75,9.0,9.75,15000.0,0.0,1.0,6.5858260726692,7.1346449120583,6.5858260726692,7.1346449120583,15000.0
1994-08-18,9.0,9.5,9.0,9.0,15500.0,0.0,1.0,6.5858260726692,6.9517052989286,6.5858260726692,6.5858260726692,15500.0
1994-08-19,9.75,9.75,9.0,9.375,24500.0,0.0,1.0,7.1346449120583,7.1346449120583,6.5858260726692,6.8602354923637,24500.0
1994-08-22,9.38,9.38,9.38,9.38,0.0,0.0,1.0,6.8638942846263,6.8638942846263,6.8638942846263,6.8638942846263,0.0
1994-08-23,9.125,9.5,9.0,9.0,19600.0,0.0,1.0,6.677295879234,6.9517052989286,6.5858260726692,6.5858260726692,19600.0
1994-08-24,9.0,9.25,9.0,9.125,45300.0,0.0,1.0,6.5858260726692,6.7687656857989,6.5858260726692,6.677295879234,45300.0
1994-08-25,9.25,9.25,9.0,9.0,29700.0,0.0,1.0,6.7687656857989,6.7687656857989,6.5858260726692,6.5858260726692,29700.0
1994-08-26,9.0,9.25,9.0,9.0,6600.0,0.0,1.0,6.5858260726692,6.7687656857989,6.5858260726692,6.5858260726692,6600.0
1994-08-29,9.25,9.25,9.0,9.0,8000.0,0.0,1.0,6.7687656857989,6.7687656857989,6.5858260726692,6.5858260726692,8000.0
1994-08-30,9.25,9.25,9.0,9.0,0.0,0.0,1.0,6.7687656857989,6.7687656857989,6.5858260726692,6.5858260726692,0.0
1994-08-31,9.0,9.5,9.0,9.5,3100.0,0.0,1.0,6.5858260726692,6.9517052989286,6.5858260726692,6.9517052989286,3100.0
1994-09-01,9.25,9.5,9.0,9.0,35900.0,0.0,1.0,6.7687656857989,6.9517052989286,6.5858260726692,6.5858260726692,35900.0
1994-09-02,9.25,9.25,9.0,9.25,17900.0,0.0,1.0,6.7687656857989,6.7687656857989,6.5858260726692,6.7687656857989,17900.0
1994-09-06,9.125,9.25,9.0,9.25,17500.0,0.0,1.0,6.677295879234,6.7687656857989,6.5858260726692,6.7687656857989,17500.0
1994-09-07,9.0,9.25,9.0,9.0,24900.0,0.0,1.0,6.5858260726692,6.7687656857989,6.5858260726692,6.5858260726692,24900.0
1994-09-08,9.125,9.25,9.0,9.25,50100.0,0.0,1.0,6.677295879234,6.7687656857989,6.5858260726692,6.7687656857989,50100.0
1994-09-09,9.0,9.25,9.0,9.0,13600.0,0.0,1.0,6.5858260726692,6.7687656857989,6.5858260726692,6.5858260726692,13600.0
1994-09-12,9.0,9.25,9.0,9.25,23300.0,0.0,1.0,6.5858260726692,6.7687656857989,6.5858260726692,6.7687656857989,23300.0
1994-09-13,9.5,9.5,9.5,9.5,300.0,0.0,1.0,6.9517052989286,6.9517052989286,6.9517052989286,6.9517052989286,300.0
1994-09-14,9.0,9.0,9.0,9.0,1300.0,0.0,1.0,6.5858260726692,6.5858260726692,6.5858260726692,6.5858260726692,1300.0
1994-09-15,9.5,9.5,9.0,9.0,4900.0,0.0,1.0,6.9517052989286,6.9517052989286,6.5858260726692,6.5858260726692,4900.0
1994-09-16,9.0,9.25,8.875,9.0,30700.0,0.0,1.0,6.5858260726692,6.7687656857989,6.4943562661043,6.5858260726692,30700.0
1994-09-19,8.75,9.25,8.75,8.875,3900.0,0.0,1.0,6.4028864595395,6.7687656857989,6.4028864595395,6.4943562661043,3900.0
1994-09-20,9.25,9.25,9.25,9.25,900.0,0.0,1.0,6.7687656857989,6.7687656857989,6.7687656857989,6.7687656857989,900.0
1994-09-21,8.75,9.125,8.75,8.875,5900.0,0.0,1.0,6.4028864595395,6.677295879234,6.4028864595395,6.4943562661043,5900.0
1994-09-22,9.25,9.25,8.75,9.25,6700.0,0.0,1.0,6.7687656857989,6.7687656857989,6.4028864595395,6.7687656857989,6700.0
1994-09-23,9.25,9.25,8.75,9.25,14600.0,0.0,1.0,6.7687656857989,6.7687656857989,6.4028864595395,6.7687656857989,14600.0
1994-09-26,9.0,9.0,9.0,9.0,9500.0,0.0,1.0,6.5858260726692,6.5858260726692,6.5858260726692,6.5858260726692,9500.0
1994-09-27,9.0,9.25,8.75,9.25,26900.0,0.0,1.0,6.5858260726692,6.7687656857989,6.4028864595395,6.7687656857989,26900.0
1994-09-28,9.0,9.125,8.25,8.75,54700.0,0.0,1.0,6.5858260726692,6.677295879234,6.0370072332801,6.4028864595395,54700.0
1994-09-29,8.75,9.25,8.5,9.25,17400.0,0.0,1.0,6.4028864595395,6.7687656857989,6.2199468464098,6.7687656857989,17400.0
1994-09-30,8.75,9.25,8.75,9.0,4800.0,0.0,1.0,6.4028864595395,6.7687656857989,6.4028864595395,6.5858260726692,4800.0
1994-10-03,9.0,9.25,8.75,8.75,3000.0,0.0,1.0,6.5858260726692,6.7687656857989,6.4028864595395,6.4028864595395,3000.0
1994-10-04,8.75,9.25,8.75,9.0,7400.0,0.0,1.0,6.4028864595395,6.7687656857989,6.4028864595395,6.5858260726692,7400.0
1994-10-05,8.5,9.25,8.5,9.25,3300.0,0.0,1.0,6.2199468464098,6.7687656857989,6.2199468464098,6.7687656857989,3300.0
1994-10-06,9.25,9.25,8.75,9.25,25000.0,0.0,1.0,6.7687656857989,6.7687656857989,6.4028864595395,6.7687656857989,25000.0
1994-10-07,9.25,9.25,8.75,9.25,1700.0,0.0,1.0,6.7687656857989,6.7687656857989,6.4028864595395,6.7687656857989,1700.0
1994-10-10,8.75,9.25,8.75,8.75,2700.0,0.0,1.0,6.4028864595395,6.7687656857989,6.4028864595395,6.4028864595395,2700.0
1994-10-11,9.25,9.25,8.75,8.75,500.0,0.0,1.0,6.7687656857989,6.7687656857989,6.4028864595395,6.4028864595395,500.0
1994-10-12,8.75,9.25,8.75,8.75,7000.0,0.0,1.0,6.4028864595395,6.7687656857989,6.4028864595395,6.4028864595395,7000.0
1994-10-13,8.75,9.25,8.25,8.375,60500.0,0.0,1.0,6.4028864595395,6.7687656857989,6.0370072332801,6.1284770398449,60500.0
1994-10-14,8.25,8.625,8.25,8.625,900.0,0.0,1.0,6.0370072332801,6.3114166529746,6.0370072332801,6.3114166529746,900.0
1994-10-17,8.5,9.25,8.5,9.25,500.0,0.0,1.0,6.2199468464098,6.7687656857989,6.2199468464098,6.7687656857989,500.0
1994-10-18,8.5,9.25,8.5,8.5,30500.0,0.0,1.0,6.2199468464098,6.7687656857989,6.2199468464098,6.2199468464098,30500.0
1994-10-19,8.5,8.5,8.5,8.5,800.0,0.0,1.0,6.2199468464098,6.2199468464098,6.2199468464098,6.2199468464098,800.0
1994-10-20,8.5,9.25,8.5,9.25,9100.0,0.0,1.0,6.2199468464098,6.7687656857989,6.2199468464098,6.7687656857989,9100.0
1994-10-21,9.25,9.25,8.5,9.25,2800.0,0.0,1.0,6.7687656857989,6.7687656857989,6.2199468464098,6.7687656857989,2800.0
1994-10-24,9.0,9.0,8.5,9.0,4600.0,0.0,1.0,6.5858260726692,6.5858260726692,6.2199468464098,6.5858260726692,4600.0
1994-10-25,8.75,8.75,8.375,8.75,5700.0,0.0,1.0,6.4028864595395,6.4028864595395,6.1284770398449,6.4028864595395,5700.0
1994-10-26,8.5,8.5,8.5,8.5,2000.0,0.0,1.0,6.2199468464098,6.2199468464098,6.2199468464098,6.2199468464098,2000.0
1994-10-27,8.25,8.75,8.25,8.375,40300.0,0.0,1.0,6.0370072332801,6.4028864595395,6.0370072332801,6.1284770398449,40300.0
1994-10-28,8.375,8.75,8.25,8.75,11600.0,0.0,1.0,6.1284770398449,6.4028864595395,6.0370072332801,6.4028864595395,11600.0
1994-10-31,8.25,8.75,8.25,8.75,12300.0,0.0,1.0,6.0370072332801,6.4028864595395,6.0370072332801,6.4028864595395,12300.0
1994-11-01,8.25,8.5,8.0,8.0,25700.0,0.0,1.0,6.0370072332801,6.2199468464098,5.8540676201504,5.8540676201504,25700.0
1994-11-02,8.25,8.25,8.0,8.25,9700.0,0.0,1.0,6.0370072332801,6.0370072332801,5.8540676201504,6.0370072332801,9700.0
1994-11-03,8.25,8.25,7.75,7.75,6800.0,0.0,1.0,6.0370072332801,6.0370072332801,5.6711280070207,5.6711280070207,6800.0
1994-11-04,7.0,7.0,6.5,7.0,100000.0,0.0,1.0,5.1223091676316,5.1223091676316,4.7564299413722,5.1223091676316,100000.0
1994-11-07,6.75,7.0,6.5,7.0,79300.0,0.0,1.0,4.9393695545019,5.1223091676316,4.7564299413722,5.1223091676316,79300.0
1994-11-08,7.0,7.25,6.5,7.0,46100.0,0.0,1.0,5.1223091676316,5.3052487807613,4.7564299413722,5.1223091676316,46100.0
1994-11-09,7.25,7.5,7.0,7.375,56200.0,0.0,1.0,5.3052487807613,5.488188393891,5.1223091676316,5.3967185873261,56200.0
1994-11-10,7.5,7.5,7.0,7.0,23100.0,0.0,1.0,5.488188393891,5.488188393891,5.1223091676316,5.1223091676316,23100.0
1994-11-11,7.5,7.5,7.0,7.25,27600.0,0.0,1.0,5.488188393891,5.488188393891,5.1223091676316,5.3052487807613,27600.0
1994-11-14,7.5,7.5,7.0,7.25,14000.0,0.0,1.0,5.488188393891,5.488188393891,5.1223091676316,5.3052487807613,14000.0
1994-11-15,7.5,7.5,7.5,7.5,12300.0,0.0,1.0,5.488188393891,5.488188393891,5.488188393891,5.488188393891,12300.0
1994-11-16,7.25,7.5,7.25,7.375,19200.0,0.0,1.0,5.3052487807613,5.488188393891,5.3052487807613,5.3967185873261,19200.0
1994-11-17,7.5,7.5,7.0,7.0,6300.0,0.0,1.0,5.488188393891,5.488188393891,5.1223091676316,5.1223091676316,6300.0
1994-11-18,7.5,7.5,7.0,7.0,5900.0,0.0,1.0,5.488188393891,5.488188393891,5.1223091676316,5.1223091676316,5900.0
1994-11-21,7.0,7.5,7.0,7.0,5000.0,0.0,1.0,5.1223091676316,5.488188393891,5.1223091676316,5.1223091676316,5000.0
1994-11-22,7.25,7.25,6.75,6.75,3900.0,0.0,1.0,5.3052487807613,5.3052487807613,4.9393695545019,4.9393695545019,3900.0
1994-11-23,7.0,7.375,6.75,7.375,15600.0,0.0,1.0,5.1223091676316,5.3967185873261,4.9393695545019,5.3967185873261,15600.0
1994-11-25,7.375,7.375,6.75,6.75,2600.0,0.0,1.0,5.3967185873261,5.3967185873261,4.9393695545019,4.9393695545019,2600.0
1994-11-28,7.5,7.5,6.75,7.5,40100.0,0.0,1.0,5.488188393891,5.488188393891,4.9393695545019,5.488188393891,40100.0
1994-11-29,7.0,7.0,6.75,7.0,9500.0,0.0,1.0,5.1223091676316,5.1223091676316,4.9393695545019,5.1223091676316,9500.0
1994-11-30,7.5,7.5,6.75,6.75,108100.0,0.0,1.0,5.488188393891,5.488188393891,4.9393695545019,4.9393695545019,108100.0
1994-12-01,6.5,7.0,6.5,6.5,12100.0,0.0,1.0,4.7564299413722,5.1223091676316,4.7564299413722,4.7564299413722,12100.0
1994-12-02,6.5,7.0,6.0,6.5,12700.0,0.0,1.0,4.7564299413722,5.1223091676316,4.3905507151128,4.7564299413722,12700.0
1994-12-05,6.0,6.625,6.0,6.5,14000.0,0.0,1.0,4.3905507151128,4.847899747937,4.3905507151128,4.7564299413722,14000.0
1994-12-06,6.5,6.5,6.375,6.375,20700.0,0.0,1.0,4.7564299413722,4.7564299413722,4.6649601348073,4.6649601348073,20700.0
1994-12-07,6.5,6.5,5.875,6.375,249200.0,0.0,1.0,4.7564299413722,4.7564299413722,4.2990809085479,4.6649601348073,249200.0
1994-12-08,6.0,6.25,6.0,6.125,39400.0,0.0,1.0,4.3905507151128,4.5734903282425,4.3905507151128,4.4820205216776,39400.0
1994-12-09,6.0,6.5,5.5,5.5,74000.0,0.0,1.0,4.3905507151128,4.7564299413722,4.0246714888534,4.0246714888534,74000.0
1994-12-12,5.5,5.75,5.25,5.25,54000.0,0.0,1.0,4.0246714888534,4.2076111019831,3.8417318757237,3.8417318757237,54000.0
1994-12-13,6.0,6.0,5.25,5.875,20600.0,0.0,1.0,4.3905507151128,4.3905507151128,3.8417318757237,4.2990809085479,20600.0
1994-12-14,6.0,6.0,5.625,5.625,89800.0,0.0,1.0,4.3905507151128,4.3905507151128,4.1161412954182,4.1161412954182,89800.0
1994-12-15,5.25,5.75,5.25,5.375,74700.0,0.0,1.0,3.8417318757237,4.2076111019831,3.8417318757237,3.9332016822885,74700.0
1994-12-16,5.5,5.75,5.25,5.25,47300.0,0.0,1.0,4.0246714888534,4.2076111019831,3.8417318757237,3.8417318757237,47300.0
1994-12-19,5.25,5.25,5.25,5.25,6900.0,0.0,1.0,3.8417318757237,3.8417318757237,3.8417318757237,3.8417318757237,6900.0
1994-12-20,5.25,5.75,5.25,5.25,72000.0,0.0,1.0,3.8417318757237,4.2076111019831,3.8417318757237,3.8417318757237,72000.0
1994-12-21,5.25,5.5,4.75,4.875,215700.0,0.0,1.0,3.8417318757237,4.0246714888534,3.4758526494643,3.5673224560291,215700.0
1994-12-22,5.25,5.25,4.75,5.0,213000.0,0.0,1.0,3.8417318757237,3.8417318757237,3.4758526494643,3.658792262594,213000.0
1994-12-23,4.75,5.0,4.5,4.625,82700.0,0.0,1.0,3.4758526494643,3.658792262594,3.2929130363346,3.3843828428994,82700.0
1994-12-27,4.5,5.0,4.5,4.875,23700.0,0.0,1.0,3.2929130363346,3.658792262594,3.2929130363346,3.5673224560291,23700.0
1994-12-28,5.0,5.5,4.5,4.75,53600.0,0.0,1.0,3.658792262594,4.0246714888534,3.2929130363346,3.4758526494643,53600.0
1994-12-29,5.5,5.5,4.75,5.0,145100.0,0.0,1.0,4.0246714888534,4.0246714888534,3.4758526494643,3.658792262594,145100.0
1994-12-30,4.75,5.5,4.75,5.5,95300.0,0.0,1.0,3.4758526494643,4.0246714888534,3.4758526494643,4.0246714888534,95300.0
1995-01-03,5.5,5.5,5.0,5.5,50800.0,0.0,1.0,4.0246714888534,4.0246714888534,3.658792262594,4.0246714888534,50800.0
1995-01-04,5.75,6.0,5.5,6.0,32400.0,0.0,1.0,4.2076111019831,4.3905507151128,4.0246714888534,4.3905507151128,32400.0
1995-01-05,6.25,6.25,6.0,6.125,97900.0,0.0,1.0,4.5734903282425,4.5734903282425,4.3905507151128,4.4820205216776,97900.0
1995-01-06,6.25,6.5,6.0,6.5,64500.0,0.0,1.0,4.5734903282425,4.7564299413722,4.3905507151128,4.7564299413722,64500.0
1995-01-09,6.125,6.5,6.125,6.125,22200.0,0.0,1.0,4.4820205216776,4.7564299413722,4.4820205216776,4.4820205216776,22200.0
1995-01-10,6.5,6.5,5.75,6.0,6800.0,0.0,1.0,4.7564299413722,4.7564299413722,4.2076111019831,4.3905507151128,6800.0
1995-01-11,6.5,6.75,6.0,6.75,238700.0,0.0,1.0,4.7564299413722,4.9393695545019,4.3905507151128,4.9393695545019,238700.0
1995-01-12,6.75,6.75,6.25,6.75,63200.0,0.0,1.0,4.9393695545019,4.9393695545019,4.5734903282425,4.9393695545019,63200.0
1995-01-13,6.75,6.75,6.25,6.75,58200.0,0.0,1.0,4.9393695545019,4.9393695545019,4.5734903282425,4.9393695545019,58200.0
1995-01-16,6.75,6.75,6.25,6.75,31400.0,0.0,1.0,4.9393695545019,4.9393695545019,4.5734903282425,4.9393695545019,31400.0
1995-01-17,6.75,6.75,6.75,6.75,8100.0,0.0,1.0,4.9393695545019,4.9393695545019,4.9393695545019,4.9393695545019,8100.0
1995-01-18,6.25,6.75,6.25,6.75,137700.0,0.0,1.0,4.5734903282425,4.9393695545019,4.5734903282425,4.9393695545019,137700.0
1995-01-19,6.75,6.75,6.25,6.75,1100.0,0.0,1.0,4.9393695545019,4.9393695545019,4.5734903282425,4.9393695545019,1100.0
1995-01-20,6.5,7.0,6.25,6.313,119500.0,0.0,1.0,4.7564299413722,5.1223091676316,4.5734903282425,4.6195911107512,119500.0
1995-01-23,6.75,6.75,6.625,6.75,8000.0,0.0,1.0,4.9393695545019,4.9393695545019,4.847899747937,4.9393695545019,8000.0
1995-01-24,6.5,6.5,6.375,6.5,44900.0,0.0,1.0,4.7564299413722,4.7564299413722,4.6649601348073,4.7564299413722,44900.0
1995-01-25,6.75,6.75,6.25,6.25,2800.0,0.0,1.0,4.9393695545019,4.9393695545019,4.5734903282425,4.5734903282425,2800.0
1995-01-26,6.75,6.75,6.25,6.5,55000.0,0.0,1.0,4.9393695545019,4.9393695545019,4.5734903282425,4.7564299413722,55000.0
1995-01-27,6.75,7.0,6.75,7.0,35500.0,0.0,1.0,4.9393695545019,5.1223091676316,4.9393695545019,5.1223091676316,35500.0
1995-01-30,7.0,7.5,6.875,7.5,61600.0,0.0,1.0,5.1223091676316,5.488188393891,5.0308393610667,5.488188393891,61600.0
1995-01-31,7.75,8.0,7.25,7.5,82500.0,0.0,1.0,5.6711280070207,5.8540676201504,5.3052487807613,5.488188393891,82500.0
1995-02-01,7.5,7.5,7.0,7.5,10100.0,0.0,1.0,5.488188393891,5.488188393891,5.1223091676316,5.488188393891,10100.0
1995-02-02,7.5,7.5,7.0,7.5,7200.0,0.0,1.0,5.488188393891,5.488188393891,5.1223091676316,5.488188393891,7200.0
1995-02-03,7.5,7.5,7.25,7.25,27500.0,0.0,1.0,5.488188393891,5.488188393891,5.3052487807613,5.3052487807613,27500.0
1995-02-06,7.5,7.75,7.375,7.75,14200.0,0.0,1.0,5.488188393891,5.6711280070207,5.3967185873261,5.6711280070207,14200.0
1995-02-07,7.75,7.75,7.375,7.375,20700.0,0.0,1.0,5.6711280070207,5.6711280070207,5.3967185873261,5.3967185873261,20700.0
1995-02-08,7.75,8.0,7.625,7.625,70500.0,0.0,1.0,5.6711280070207,5.8540676201504,5.5796582004558,5.5796582004558,70500.0
1995-02-09,7.875,8.25,7.75,8.0,51400.0,0.0,1.0,5.7625978135855,6.0370072332801,5.6711280070207,5.8540676201504,51400.0
1995-02-10,8.25,8.25,7.75,8.25,40200.0,0.0,1.0,6.0370072332801,6.0370072332801,5.6711280070207,6.0370072332801,40200.0
1995-02-13,8.25,8.25,7.75,8.0,17600.0,0.0,1.0,6.0370072332801,6.0370072332801,5.6711280070207,5.8540676201504,17600.0
1995-02-14,8.25,8.25,7.75,8.125,93900.0,0.0,1.0,6.0370072332801,6.0370072332801,5.6711280070207,5.9455374267152,93900.0
1995-02-15,8.25,8.375,8.0,8.0,76300.0,0.0,1.0,6.0370072332801,6.1284770398449,5.8540676201504,5.8540676201504,76300.0
1995-02-16,8.5,8.5,8.0,8.5,28300.0,0.0,1.0,6.2199468464098,6.2199468464098,5.8540676201504,6.2199468464098,28300.0
1995-02-17,8.0,8.5,8.0,8.125,20000.0,0.0,1.0,5.8540676201504,6.2199468464098,5.8540676201504,5.9455374267152,20000.0
1995-02-21,8.0,8.5,8.0,8.25,85800.0,0.0,1.0,5.8540676201504,6.2199468464098,5.8540676201504,6.0370072332801,85800.0
1995-02-22,8.75,8.75,8.25,8.25,29900.0,0.0,1.0,6.4028864595395,6.4028864595395,6.0370072332801,6.0370072332801,29900.0
1995-02-23,8.25,8.5,8.25,8.25,30900.0,0.0,1.0,6.0370072332801,6.2199468464098,6.0370072332801,6.0370072332801,30900.0
1995-02-24,8.375,8.75,8.25,8.5,40900.0,0.0,1.0,6.1284770398449,6.4028864595395,6.0370072332801,6.2199468464098,40900.0
1995-02-27,8.563,9.0,8.25,9.0,115200.0,0.0,1.0,6.2660476289185,6.5858260726692,6.0370072332801,6.5858260726692,115200.0
1995-02-28,9.25,9.25,8.5,9.0,53500.0,0.0,1.0,6.7687656857989,6.7687656857989,6.2199468464098,6.5858260726692,53500.0
1995-03-01,9.25,9.25,8.688,8.688,80700.0,0.0,1.0,6.7687656857989,6.7687656857989,6.3575174354833,6.3575174354833,80700.0
1995-03-02,8.5,9.25,8.25,8.75,26500.0,0.0,1.0,6.2199468464098,6.7687656857989,6.0370072332801,6.4028864595395,26500.0
1995-03-03,8.25,8.75,8.25,8.75,7500.0,0.0,1.0,6.0370072332801,6.4028864595395,6.0370072332801,6.4028864595395,7500.0
1995-03-06,8.75,8.75,8.0,8.125,28600.0,0.0,1.0,6.4028864595395,6.4028864595395,5.8540676201504,5.9455374267152,28600.0
1995-03-07,7.75,8.0,7.5,7.75,13200.0,0.0,1.0,5.6711280070207,5.8540676201504,5.488188393891,5.6711280070207,13200.0
1995-03-08,7.5,8.0,7.5,7.625,14400.0,0.0,1.0,5.488188393891,5.8540676201504,5.488188393891,5.5796582004558,14400.0
1995-03-09,8.0,8.0,7.5,8.0,19500.0,0.0,1.0,5.8540676201504,5.8540676201504,5.488188393891,5.8540676201504,19500.0
1995-03-10,7.75,7.75,7.75,7.75,1200.0,0.0,1.0,5.6711280070207,5.6711280070207,5.6711280070207,5.6711280070207,1200.0
1995-03-13,8.25,8.5,7.75,8.5,8100.0,0.0,1.0,6.0370072332801,6.2199468464098,5.6711280070207,6.2199468464098,8100.0
1995-03-14,8.625,8.75,8.0,8.0,37800.0,0.0,1.0,6.3114166529746,6.4028864595395,5.8540676201504,5.8540676201504,37800.0
1995-03-15,8.125,8.125,8.0,8.0,16700.0,0.0,1.0,5.9455374267152,5.9455374267152,5.8540676201504,5.8540676201504,16700.0
1995-03-16,8.5,8.5,8.0,8.0,2900.0,0.0,1.0,6.2199468464098,6.2199468464098,5.8540676201504,5.8540676201504,2900.0
1995-03-17,8.5,8.5,8.125,8.25,21500.0,0.0,1.0,6.2199468464098,6.2199468464098,5.9455374267152,6.0370072332801,21500.0
1995-03-20,8.5,8.5,8.0,8.0,12300.0,0.0,1.0,6.2199468464098,6.2199468464098,5.8540676201504,5.8540676201504,12300.0
1995-03-21,8.0,8.0,8.0,8.0,1600.0,0.0,1.0,5.8540676201504,5.8540676201504,5.8540676201504,5.8540676201504,1600.0
1995-03-22,8.0,8.0,8.0,8.0,13600.0,0.0,1.0,5.8540676201504,5.8540676201504,5.8540676201504,5.8540676201504,13600.0
1995-03-23,7.75,8.0,7.5,7.5,18300.0,0.0,1.0,5.6711280070207,5.8540676201504,5.488188393891,5.488188393891,18300.0
1995-03-24,8.0,8.0,7.5,7.625,11000.0,0.0,1.0,5.8540676201504,5.8540676201504,5.488188393891,5.5796582004558,11000.0
1995-03-27,7.75,7.75,7.75,7.75,800.0,0.0,1.0,5.6711280070207,5.6711280070207,5.6711280070207,5.6711280070207,800.0
1995-03-28,7.5,7.75,7.0,7.0,34800.0,0.0,1.0,5.488188393891,5.6711280070207,5.1223091676316,5.1223091676316,34800.0
1995-03-29,7.0,7.5,7.0,7.5,2500.0,0.0,1.0,5.1223091676316,5.488188393891,5.1223091676316,5.488188393891,2500.0
1995-03-30,7.5,7.5,7.375,7.375,7300.0,0.0,1.0,5.488188393891,5.488188393891,5.3967185873261,5.3967185873261,7300.0
1995-03-31,7.5,7.688,7.0,7.688,23300.0,0.0,1.0,5.488188393891,5.6257589829645,5.1223091676316,5.6257589829645,23300.0
1995-04-03,7.75,7.75,7.5,7.5,1100.0,0.0,1.0,5.6711280070207,5.6711280070207,5.488188393891,5.488188393891,1100.0
1995-04-04,7.5,7.5,7.5,7.5,0.0,0.0,1.0,5.488188393891,5.488188393891,5.488188393891,5.488188393891,0.0
1995-04-05,7.0,7.25,6.875,6.875,12500.0,0.0,1.0,5.1223091676316,5.3052487807613,5.0308393610667,5.0308393610667,12500.0
1995-04-06,6.75,7.0,6.5,6.75,112900.0,0.0,1.0,4.9393695545019,5.1223091676316,4.7564299413722,4.9393695545019,112900.0
1995-04-07,7.0,7.0,6.5,6.75,8900.0,0.0,1.0,5.1223091676316,5.1223091676316,4.7564299413722,4.9393695545019,8900.0
1995-04-10,6.5,7.25,6.5,7.0,10600.0,0.0,1.0,4.7564299413722,5.3052487807613,4.7564299413722,5.1223091676316,10600.0
1995-04-11,7.25,7.25,6.75,7.0,36900.0,0.0,1.0,5.3052487807613,5.3052487807613,4.9393695545019,5.1223091676316,36900.0
1995-04-12,7.0,7.25,6.75,7.0,18100.0,0.0,1.0,5.1223091676316,5.3052487807613,4.9393695545019,5.1223091676316,18100.0
1995-04-13,6.75,7.25,6.75,7.125,3900.0,0.0,1.0,4.9393695545019,5.3052487807613,4.9393695545019,5.2137789741964,3900.0
1995-04-17,6.75,7.25,6.75,6.875,16500.0,0.0,1.0,4.9393695545019,5.3052487807613,4.9393695545019,5.0308393610667,16500.0
1995-04-18,6.75,7.25,6.75,6.75,3400.0,0.0,1.0,4.9393695545019,5.3052487807613,4.9393695545019,4.9393695545019,3400.0
1995-04-19,6.75,7.25,6.75,7.0,35800.0,0.0,1.0,4.9393695545019,5.3052487807613,4.9393695545019,5.1223091676316,35800.0
1995-04-20,7.25,7.25,7.0,7.25,39000.0,0.0,1.0,5.3052487807613,5.3052487807613,5.1223091676316,5.3052487807613,39000.0
1995-04-21,6.75,7.25,6.75,6.875,11200.0,0.0,1.0,4.9393695545019,5.3052487807613,4.9393695545019,5.0308393610667,11200.0
1995-04-24,7.25,7.25,6.75,7.0,7400.0,0.0,1.0,5.3052487807613,5.3052487807613,4.9393695545019,5.1223091676316,7400.0
1995-04-25,7.0,7.5,7.0,7.5,95200.0,0.0,1.0,5.1223091676316,5.488188393891,5.1223091676316,5.488188393891,95200.0
1995-04-26,7.75,8.5,7.5,8.5,181000.0,0.0,1.0,5.6711280070207,6.2199468464098,5.488188393891,6.2199468464098,181000.0
1995-04-27,8.0,9.25,8.0,9.0,49300.0,0.0,1.0,5.8540676201504,6.7687656857989,5.8540676201504,6.5858260726692,49300.0
1995-04-28,8.875,10.25,8.875,9.625,236900.0,0.0,1.0,6.4943562661043,7.5005241383177,6.4943562661043,7.0431751054934,236900.0
1995-05-01,9.563,9.75,9.25,9.625,171500.0,0.0,1.0,6.9978060814373,7.1346449120583,6.7687656857989,7.0431751054934,171500.0
1995-05-02,9.25,10.5,9.25,10.5,115500.0,0.0,1.0,6.7687656857989,7.6834637514474,6.7687656857989,7.6834637514474,115500.0
1995-05-03,10.25,10.75,9.75,10.0,112400.0,0.0,1.0,7.5005241383177,7.8664033645771,7.1346449120583,7.317584525188,112400.0
1995-05-04,9.75,10.25,9.75,9.875,53800.0,0.0,1.0,7.1346449120583,7.5005241383177,7.1346449120583,7.2261147186231,53800.0
1995-05-05,10.25,10.25,9.75,9.875,60300.0,0.0,1.0,7.5005241383177,7.5005241383177,7.1346449120583,7.2261147186231,60300.0
1995-05-08,9.875,10.25,9.75,10.25,9200.0,0.0,1.0,7.2261147186231,7.5005241383177,7.1346449120583,7.5005241383177,9200.0
1995-05-09,10.25,10.25,9.75,10.0,33900.0,0.0,1.0,7.5005241383177,7.5005241383177,7.1346449120583,7.317584525188,33900.0
1995-05-10,9.5,10.25,9.5,9.625,8600.0,0.0,1.0,6.9517052989286,7.5005241383177,6.9517052989286,7.0431751054934,8600.0
1995-05-11,10.25,10.25,10.25,10.25,6000.0,0.0,1.0,7.5005241383177,7.5005241383177,7.5005241383177,7.5005241383177,6000.0
1995-05-12,10.25,10.25,9.5,9.5,10200.0,0.0,1.0,7.5005241383177,7.5005241383177,6.9517052989286,6.9517052989286,10200.0
1995-05-15,9.5,10.25,9.5,9.5,7600.0,0.0,1.0,6.9517052989286,7.5005241383177,6.9517052989286,6.9517052989286,7600.0
1995-05-16,10.25,10.25,9.5,10.0,8900.0,0.0,1.0,7.5005241383177,7.5005241383177,6.9517052989286,7.317584525188,8900.0
1995-05-17,10.25,10.25,9.5,9.5,7200.0,0.0,1.0,7.5005241383177,7.5005241383177,6.9517052989286,6.9517052989286,7200.0
1995-05-18,9.5,10.25,9.5,10.25,12800.0,0.0,1.0,6.9517052989286,7.5005241383177,6.9517052989286,7.5005241383177,12800.0
1995-05-19,9.5,9.75,9.5,9.625,23500.0,0.0,1.0,6.9517052989286,7.1346449120583,6.9517052989286,7.0431751054934,23500.0
1995-05-22,9.5,10.0,9.5,9.625,2200.0,0.0,1.0,6.9517052989286,7.317584525188,6.9517052989286,7.0431751054934,2200.0
1995-05-23,9.5,10.0,9.5,9.5,7600.0,0.0,1.0,6.9517052989286,7.317584525188,6.9517052989286,6.9517052989286,7600.0
1995-05-24,9.5,10.0,9.5,9.75,10100.0,0.0,1.0,6.9517052989286,7.317584525188,6.9517052989286,7.1346449120583,10100.0
1995-05-25,9.5,10.0,9.5,10.0,800.0,0.0,1.0,6.9517052989286,7.317584525188,6.9517052989286,7.317584525188,800.0
1995-05-26,9.5,10.0,9.5,9.5,4700.0,0.0,1.0,6.9517052989286,7.317584525188,6.9517052989286,6.9517052989286,4700.0
1995-05-30,9.75,9.75,9.25,9.25,16400.0,0.0,1.0,7.1346449120583,7.1346449120583,6.7687656857989,6.7687656857989,16400.0
1995-05-31,9.25,9.5,9.0,9.25,19300.0,0.0,1.0,6.7687656857989,6.9517052989286,6.5858260726692,6.7687656857989,19300.0
1995-06-01,9.125,9.5,9.0,9.0,11000.0,0.0,1.0,6.677295879234,6.9517052989286,6.5858260726692,6.5858260726692,11000.0
1995-06-02,9.0,9.5,9.0,9.125,7700.0,0.0,1.0,6.5858260726692,6.9517052989286,6.5858260726692,6.677295879234,7700.0
1995-06-05,9.5,9.5,9.0,9.313,2700.0,0.0,1.0,6.9517052989286,6.9517052989286,6.5858260726692,6.8148664683076,2700.0
1995-06-06,9.5,9.5,9.25,9.375,13000.0,0.0,1.0,6.9517052989286,6.9517052989286,6.7687656857989,6.8602354923637,13000.0
1995-06-07,9.5,9.5,9.25,9.5,21300.0,0.0,1.0,6.9517052989286,6.9517052989286,6.7687656857989,6.9517052989286,21300.0
1995-06-08,9.5,9.5,9.25,9.5,3800.0,0.0,1.0,6.9517052989286,6.9517052989286,6.7687656857989,6.9517052989286,3800.0
1995-06-09,9.5,9.5,9.5,9.5,9600.0,0.0,1.0,6.9517052989286,6.9517052989286,6.9517052989286,6.9517052989286,9600.0
1995-06-12,9.5,9.5,9.5,9.5,700.0,0.0,1.0,6.9517052989286,6.9517052989286,6.9517052989286,6.9517052989286,700.0
1995-06-13,9.0,9.25,9.0,9.25,64900.0,0.0,1.0,6.5858260726692,6.7687656857989,6.5858260726692,6.7687656857989,64900.0
1995-06-14,9.125,9.5,9.125,9.5,7300.0,0.0,1.0,6.677295879234,6.9517052989286,6.677295879234,6.9517052989286,7300.0
1995-06-15,9.0,9.25,9.0,9.0,16000.0,0.0,1.0,6.5858260726692,6.7687656857989,6.5858260726692,6.5858260726692,16000.0
1995-06-16,9.0,9.5,9.0,9.5,4600.0,0.0,1.0,6.5858260726692,6.9517052989286,6.5858260726692,6.9517052989286,4600.0
1995-06-19,9.0,9.5,9.0,9.0,7000.0,0.0,1.0,6.5858260726692,6.9517052989286,6.5858260726692,6.5858260726692,7000.0
1995-06-20,9.0,9.25,9.0,9.25,2800.0,0.0,1.0,6.5858260726692,6.7687656857989,6.5858260726692,6.7687656857989,2800.0
1995-06-21,9.0,9.063,9.0,9.0,20200.0,0.0,1.0,6.5858260726692,6.6319268551779,6.5858260726692,6.5858260726692,20200.0
1995-06-22,9.0,9.5,9.0,9.313,77300.0,0.0,1.0,6.5858260726692,6.9517052989286,6.5858260726692,6.8148664683076,77300.0
1995-06-23,9.0,9.5,9.0,9.188,10700.0,0.0,1.0,6.5858260726692,6.9517052989286,6.5858260726692,6.7233966617427,10700.0
1995-06-26,9.5,9.5,9.0,9.375,52600.0,0.0,1.0,6.9517052989286,6.9517052989286,6.5858260726692,6.8602354923637,52600.0
1995-06-27,9.5,9.5,9.0,9.25,13100.0,0.0,1.0,6.9517052989286,6.9517052989286,6.5858260726692,6.7687656857989,13100.0
1995-06-28,9.5,10.25,9.25,10.25,55100.0,0.0,1.0,6.9517052989286,7.5005241383177,6.7687656857989,7.5005241383177,55100.0
1995-06-29,10.0,10.25,9.75,9.75,38400.0,0.0,1.0,7.317584525188,7.5005241383177,7.1346449120583,7.1346449120583,38400.0
1995-06-30,9.75,10.25,9.75,10.25,22600.0,0.0,1.0,7.1346449120583,7.5005241383177,7.1346449120583,7.5005241383177,22600.0
1995-07-03,10.0,10.13,10.0,10.13,2000.0,0.0,1.0,7.317584525188,7.4127131240154,7.317584525188,7.4127131240154,2000.0
1995-07-05,10.0,10.5,10.0,10.0,35000.0,0.0,1.0,7.317584525188,7.6834637514474,7.317584525188,7.317584525188,35000.0
1995-07-06,10.0,10.5,10.0,10.5,10500.0,0.0,1.0,7.317584525188,7.6834637514474,7.317584525188,7.6834637514474,10500.0
1995-07-07,10.5,10.5,10.0,10.0,6800.0,0.0,1.0,7.6834637514474,7.6834637514474,7.317584525188,7.317584525188,6800.0
1995-07-10,10.0,10.5,10.0,10.0,7000.0,0.0,1.0,7.317584525188,7.6834637514474,7.317584525188,7.317584525188,7000.0
1995-07-11,10.0,10.5,10.0,10.25,48100.0,0.0,1.0,7.317584525188,7.6834637514474,7.317584525188,7.5005241383177,48100.0
1995-07-12,10.0,10.5,10.0,10.25,16800.0,0.0,1.0,7.317584525188,7.6834637514474,7.317584525188,7.5005241383177,16800.0
1995-07-13,10.5,10.5,10.0,10.0,9200.0,0.0,1.0,7.6834637514474,7.6834637514474,7.317584525188,7.317584525188,9200.0
1995-07-14,10.0,10.25,9.75,9.75,7800.0,0.0,1.0,7.317584525188,7.5005241383177,7.1346449120583,7.1346449120583,7800.0
1995-07-17,10.25,10.25,9.5,9.5,11300.0,0.0,1.0,7.5005241383177,7.5005241383177,6.9517052989286,6.9517052989286,11300.0
1995-07-18,9.75,9.75,9.25,9.25,6700.0,0.0,1.0,7.1346449120583,7.1346449120583,6.7687656857989,6.7687656857989,6700.0
1995-07-19,9.5,9.5,8.875,8.875,2100.0,0.0,1.0,6.9517052989286,6.9517052989286,6.4943562661043,6.4943562661043,2100.0
1995-07-20,9.5,9.5,8.75,9.5,3000.0,0.0,1.0,6.9517052989286,6.9517052989286,6.4028864595395,6.9517052989286,3000.0
1995-07-21,9.5,9.5,9.375,9.375,1900.0,0.0,1.0,6.9517052989286,6.9517052989286,6.8602354923637,6.8602354923637,1900.0
1995-07-24,8.75,9.5,8.75,9.5,1200.0,0.0,1.0,6.4028864595395,6.9517052989286,6.4028864595395,6.9517052989286,1200.0
1995-07-25,9.5,9.5,9.0,9.5,8700.0,0.0,1.0,6.9517052989286,6.9517052989286,6.5858260726692,6.9517052989286,8700.0
1995-07-26,9.125,9.5,9.0,9.0,6300.0,0.0,1.0,6.677295879234,6.9517052989286,6.5858260726692,6.5858260726692,6300.0
1995-07-27,9.375,9.375,9.125,9.25,3600.0,0.0,1.0,6.8602354923637,6.8602354923637,6.677295879234,6.7687656857989,3600.0
1995-07-28,9.25,9.25,9.0,9.0,3100.0,0.0,1.0,6.7687656857989,6.7687656857989,6.5858260726692,6.5858260726692,3100.0
1995-07-31,9.0,9.0,9.0,9.0,600.0,0.0,1.0,6.5858260726692,6.5858260726692,6.5858260726692,6.5858260726692,600.0
1995-08-01,9.0,9.0,8.75,8.75,21700.0,0.0,1.0,6.5858260726692,6.5858260726692,6.4028864595395,6.4028864595395,21700.0
1995-08-02,8.5,8.75,8.25,8.25,13500.0,0.0,1.0,6.2199468464098,6.4028864595395,6.0370072332801,6.0370072332801,13500.0
1995-08-03,8.5,8.5,8.25,8.25,3900.0,0.0,1.0,6.2199468464098,6.2199468464098,6.0370072332801,6.0370072332801,3900.0
1995-08-04,8.75,8.75,8.25,8.25,1200.0,0.0,1.0,6.4028864595395,6.4028864595395,6.0370072332801,6.0370072332801,1200.0
1995-08-07,8.25,8.25,8.25,8.25,1000.0,0.0,1.0,6.0370072332801,6.0370072332801,6.0370072332801,6.0370072332801,1000.0
1995-08-08,8.25,8.75,8.25,8.25,300.0,0.0,1.0,6.0370072332801,6.4028864595395,6.0370072332801,6.0370072332801,300.0
1995-08-09,8.25,8.25,8.25,8.25,0.0,0.0,1.0,6.0370072332801,6.0370072332801,6.0370072332801,6.0370072332801,0.0
1995-08-10,8.625,8.625,8.25,8.5,5600.0,0.0,1.0,6.3114166529746,6.3114166529746,6.0370072332801,6.2199468464098,5600.0
1995-08-11,8.75,8.75,8.75,8.75,800.0,0.0,1.0,6.4028864595395,6.4028864595395,6.4028864595395,6.4028864595395,800.0
1995-08-14,8.75,8.75,8.438,8.5,13600.0,0.0,1.0,6.4028864595395,6.4028864595395,6.1745778223536,6.2199468464098,13600.0
1995-08-15,8.375,8.75,8.375,8.75,600.0,0.0,1.0,6.1284770398449,6.4028864595395,6.1284770398449,6.4028864595395,600.0
1995-08-16,8.75,8.75,8.75,8.75,400.0,0.0,1.0,6.4028864595395,6.4028864595395,6.4028864595395,6.4028864595395,400.0
1995-08-17,9.0,9.125,8.5,9.125,18400.0,0.0,1.0,6.5858260726692,6.677295879234,6.2199468464098,6.677295879234,18400.0
1995-08-18,9.125,9.25,9.0,9.125,10500.0,0.0,1.0,6.677295879234,6.7687656857989,6.5858260726692,6.677295879234,10500.0
1995-08-21,9.0,9.0,9.0,9.0,200.0,0.0,1.0,6.5858260726692,6.5858260726692,6.5858260726692,6.5858260726692,200.0
1995-08-22,9.0,9.25,8.75,8.75,14600.0,0.0,1.0,6.5858260726692,6.7687656857989,6.4028864595395,6.4028864595395,14600.0
1995-08-23,8.75,9.0,8.75,9.0,1100.0,0.0,1.0,6.4028864595395,6.5858260726692,6.4028864595395,6.5858260726692,1100.0
1995-08-24,9.25,9.375,9.0,9.0,18200.0,0.0,1.0,6.7687656857989,6.8602354923637,6.5858260726692,6.5858260726692,18200.0
1995-08-25,9.5,9.5,9.0,9.5,10000.0,0.0,1.0,6.9517052989286,6.9517052989286,6.5858260726692,6.9517052989286,10000.0
1995-08-28,9.75,9.75,9.375,9.75,13400.0,0.0,1.0,7.1346449120583,7.1346449120583,6.8602354923637,7.1346449120583,13400.0
1995-08-29,9.25,9.5,9.25,9.375,2900.0,0.0,1.0,6.7687656857989,6.9517052989286,6.7687656857989,6.8602354923637,2900.0
1995-08-30,9.0,9.75,9.0,9.0,9700.0,0.0,1.0,6.5858260726692,7.1346449120583,6.5858260726692,6.5858260726692,9700.0
1995-08-31,9.0,9.375,9.0,9.375,1800.0,0.0,1.0,6.5858260726692,6.8602354923637,6.5858260726692,6.8602354923637,1800.0
1995-09-01,9.38,9.38,9.38,9.38,0.0,0.0,1.0,6.8638942846263,6.8638942846263,6.8638942846263,6.8638942846263,0.0
1995-09-05,9.0,9.0,9.0,9.0,1700.0,0.0,1.0,6.5858260726692,6.5858260726692,6.5858260726692,6.5858260726692,1700.0
1995-09-06,9.5,9.5,9.0,9.0,1000.0,0.0,1.0,6.9517052989286,6.9517052989286,6.5858260726692,6.5858260726692,1000.0
1995-09-07,9.0,9.25,9.0,9.0,1800.0,0.0,1.0,6.5858260726692,6.7687656857989,6.5858260726692,6.5858260726692,1800.0
1995-09-08,9.0,9.5,9.0,9.0,3300.0,0.0,1.0,6.5858260726692,6.9517052989286,6.5858260726692,6.5858260726692,3300.0
1995-09-11,9.0,9.75,9.0,9.75,9300.0,0.0,1.0,6.5858260726692,7.1346449120583,6.5858260726692,7.1346449120583,9300.0
1995-09-12,9.75,10.25,9.75,10.25,41300.0,0.0,1.0,7.1346449120583,7.5005241383177,7.1346449120583,7.5005241383177,41300.0
1995-09-13,9.75,10.25,9.75,9.75,41200.0,0.0,1.0,7.1346449120583,7.5005241383177,7.1346449120583,7.1346449120583,41200.0
1995-09-14,9.875,10.0,9.75,10.0,12700.0,0.0,1.0,7.2261147186231,7.317584525188,7.1346449120583,7.317584525188,12700.0
1995-09-15,10.0,10.0,10.0,10.0,2700.0,0.0,1.0,7.317584525188,7.317584525188,7.317584525188,7.317584525188,2700.0
1995-09-18,10.0,10.0,9.75,10.0,32800.0,0.0,1.0,7.317584525188,7.317584525188,7.1346449120583,7.317584525188,32800.0
1995-09-19,9.75,10.0,9.75,9.75,5800.0,0.0,1.0,7.1346449120583,7.317584525188,7.1346449120583,7.1346449120583,5800.0
1995-09-20,10.0,10.0,9.75,10.0,20000.0,0.0,1.0,7.317584525188,7.317584525188,7.1346449120583,7.317584525188,20000.0
1995-09-21,9.875,10.0,9.75,9.75,15500.0,0.0,1.0,7.2261147186231,7.317584525188,7.1346449120583,7.1346449120583,15500.0
1995-09-22,9.5,10.0,9.5,10.0,4400.0,0.0,1.0,6.9517052989286,7.317584525188,6.9517052989286,7.317584525188,4400.0
1995-09-25,10.0,10.0,10.0,10.0,100.0,0.0,1.0,7.317584525188,7.317584525188,7.317584525188,7.317584525188,100.0
1995-09-26,9.5,10.0,9.25,9.375,10700.0,0.0,1.0,6.9517052989286,7.317584525188,6.7687656857989,6.8602354923637,10700.0
1995-09-27,9.75,9.75,9.75,9.75,1800.0,0.0,1.0,7.1346449120583,7.1346449120583,7.1346449120583,7.1346449120583,1800.0
1995-09-28,9.75,9.75,9.0,9.25,10100.0,0.0,1.0,7.1346449120583,7.1346449120583,6.5858260726692,6.7687656857989,10100.0
1995-09-29,9.0,9.5,9.0,9.0,12300.0,0.0,1.0,6.5858260726692,6.9517052989286,6.5858260726692,6.5858260726692,12300.0
1995-10-02,9.25,9.5,9.25,9.375,78000.0,0.0,1.0,6.7687656857989,6.9517052989286,6.7687656857989,6.8602354923637,78000.0
1995-10-03,9.5,9.5,9.0,9.5,9800.0,0.0,1.0,6.9517052989286,6.9517052989286,6.5858260726692,6.9517052989286,9800.0
1995-10-04,9.0,9.0,9.0,9.0,53400.0,0.0,1.0,6.5858260726692,6.5858260726692,6.5858260726692,6.5858260726692,53400.0
1995-10-05,9.0,9.5,8.75,8.75,3700.0,0.0,1.0,6.5858260726692,6.9517052989286,6.4028864595395,6.4028864595395,3700.0
1995-10-06,9.125,9.5,8.75,9.0,2600.0,0.0,1.0,6.677295879234,6.9517052989286,6.4028864595395,6.5858260726692,2600.0
1995-10-09,9.25,9.25,9.25,9.25,900.0,0.0,1.0,6.7687656857989,6.7687656857989,6.7687656857989,6.7687656857989,900.0
1995-10-10,8.75,9.0,8.75,9.0,11400.0,0.0,1.0,6.4028864595395,6.5858260726692,6.4028864595395,6.5858260726692,11400.0
1995-10-11,9.0,9.5,8.75,9.5,90900.0,0.0,1.0,6.5858260726692,6.9517052989286,6.4028864595395,6.9517052989286,90900.0
1995-10-12,9.5,10.25,9.25,10.0,81500.0,0.0,1.0,6.9517052989286,7.5005241383177,6.7687656857989,7.317584525188,81500.0
1995-10-13,10.25,10.25,9.75,10.25,27600.0,0.0,1.0,7.5005241383177,7.5005241383177,7.1346449120583,7.5005241383177,27600.0
1995-10-16,10.25,10.75,10.0,10.75,56100.0,0.0,1.0,7.5005241383177,7.8664033645771,7.317584525188,7.8664033645771,56100.0
1995-10-17,10.38,10.75,10.0,10.38,23700.0,0.0,1.0,7.5956527371451,7.8664033645771,7.317584525188,7.5956527371451,23700.0
1995-10-18,10.0,10.5,10.0,10.5,12400.0,0.0,1.0,7.317584525188,7.6834637514474,7.317584525188,7.6834637514474,12400.0
1995-10-19,10.25,10.5,10.25,10.25,32200.0,0.0,1.0,7.5005241383177,7.6834637514474,7.5005241383177,7.5005241383177,32200.0
1995-10-20,10.5,10.5,10.38,10.38,700.0,0.0,1.0,7.6834637514474,7.6834637514474,7.5956527371451,7.5956527371451,700.0
1995-10-23,10.25,10.75,10.25,10.25,4400.0,0.0,1.0,7.5005241383177,7.8664033645771,7.5005241383177,7.5005241383177,4400.0
1995-10-24,10.5,11.13,10.5,11.0,56700.0,0.0,1.0,7.6834637514474,8.1444715765342,7.6834637514474,8.0493429777068,56700.0
1995-10-25,11.0,11.0,10.5,10.75,9200.0,0.0,1.0,8.0493429777068,8.0493429777068,7.6834637514474,7.8664033645771,9200.0
1995-10-26,10.75,11.0,10.5,10.5,35100.0,0.0,1.0,7.8664033645771,8.0493429777068,7.6834637514474,7.6834637514474,35100.0
1995-10-27,10.25,10.75,10.25,10.25,2600.0,0.0,1.0,7.5005241383177,7.8664033645771,7.5005241383177,7.5005241383177,2600.0
1995-10-30,10.25,10.75,10.0,10.75,17400.0,0.0,1.0,7.5005241383177,7.8664033645771,7.317584525188,7.8664033645771,17400.0
1995-10-31,10.75,10.75,10.0,10.5,1700.0,0.0,1.0,7.8664033645771,7.8664033645771,7.317584525188,7.6834637514474,1700.0
1995-11-01,10.25,10.25,10.0,10.0,1600.0,0.0,1.0,7.5005241383177,7.5005241383177,7.317584525188,7.317584525188,1600.0
1995-11-02,10.0,10.75,10.0,10.13,9600.0,0.0,1.0,7.317584525188,7.8664033645771,7.317584525188,7.4127131240154,9600.0
1995-11-03,10.5,10.75,10.0,10.75,4200.0,0.0,1.0,7.6834637514474,7.8664033645771,7.317584525188,7.8664033645771,4200.0
1995-11-06,10.0,10.13,10.0,10.0,8100.0,0.0,1.0,7.317584525188,7.4127131240154,7.317584525188,7.317584525188,8100.0
1995-11-07,10.0,10.38,9.75,9.75,15400.0,0.0,1.0,7.317584525188,7.5956527371451,7.1346449120583,7.1346449120583,15400.0
1995-11-08,10.25,10.25,9.813,10.13,46400.0,0.0,1.0,7.5005241383177,7.5005241383177,7.180745694567,7.4127131240154,46400.0
1995-11-09,9.75,9.75,9.75,9.75,3800.0,0.0,1.0,7.1346449120583,7.1346449120583,7.1346449120583,7.1346449120583,3800.0
1995-11-10,10.0,10.0,9.5,9.688,12900.0,0.0,1.0,7.317584525188,7.317584525188,6.9517052989286,7.0892758880021,12900.0
1995-11-13,10.0,10.0,10.0,10.0,100.0,0.0,1.0,7.317584525188,7.317584525188,7.317584525188,7.317584525188,100.0
1995-11-14,9.625,9.625,9.25,9.25,9500.0,0.0,1.0,7.0431751054934,7.0431751054934,6.7687656857989,6.7687656857989,9500.0
1995-11-15,9.25,9.75,9.25,9.75,16400.0,0.0,1.0,6.7687656857989,7.1346449120583,6.7687656857989,7.1346449120583,16400.0
1995-11-16,9.5,9.75,9.25,9.75,13400.0,0.0,1.0,6.9517052989286,7.1346449120583,6.7687656857989,7.1346449120583,13400.0
1995-11-17,9.25,9.5,9.0,9.0,15100.0,0.0,1.0,6.7687656857989,6.9517052989286,6.5858260726692,6.5858260726692,15100.0
1995-11-20,9.25,9.25,9.0,9.0,15100.0,0.0,1.0,6.7687656857989,6.7687656857989,6.5858260726692,6.5858260726692,15100.0
1995-11-21,9.0,9.5,9.0,9.0,52000.0,0.0,1.0,6.5858260726692,6.9517052989286,6.5858260726692,6.5858260726692,52000.0
1995-11-22,9.5,9.5,9.0,9.125,11300.0,0.0,1.0,6.9517052989286,6.9517052989286,6.5858260726692,6.677295879234,11300.0
1995-11-24,9.0,9.0,9.0,9.0,300.0,0.0,1.0,6.5858260726692,6.5858260726692,6.5858260726692,6.5858260726692,300.0
1995-11-27,9.375,9.375,9.375,9.375,500.0,0.0,1.0,6.8602354923637,6.8602354923637,6.8602354923637,6.8602354923637,500.0
1995-11-28,9.0,9.375,9.0,9.0,1600.0,0.0,1.0,6.5858260726692,6.8602354923637,6.5858260726692,6.5858260726692,1600.0
1995-11-29,9.0,9.375,9.0,9.0,30200.0,0.0,1.0,6.5858260726692,6.8602354923637,6.5858260726692,6.5858260726692,30200.0
1995-11-30,9.0,9.25,8.75,8.75,47300.0,0.0,1.0,6.5858260726692,6.7687656857989,6.4028864595395,6.4028864595395,47300.0
1995-12-01,9.25,9.25,8.75,8.75,1000.0,0.0,1.0,6.7687656857989,6.7687656857989,6.4028864595395,6.4028864595395,1000.0
1995-12-04,8.875,9.25,8.75,8.75,6300.0,0.0,1.0,6.4943562661043,6.7687656857989,6.4028864595395,6.4028864595395,6300.0
1995-12-05,8.75,9.25,8.75,9.0,12000.0,0.0,1.0,6.4028864595395,6.7687656857989,6.4028864595395,6.5858260726692,12000.0
1995-12-06,8.75,9.25,8.75,8.75,10500.0,0.0,1.0,6.4028864595395,6.7687656857989,6.4028864595395,6.4028864595395,10500.0
1995-12-07,9.25,9.25,8.75,9.0,41900.0,0.0,1.0,6.7687656857989,6.7687656857989,6.4028864595395,6.5858260726692,41900.0
1995-12-08,8.75,9.25,8.75,9.25,9300.0,0.0,1.0,6.4028864595395,6.7687656857989,6.4028864595395,6.7687656857989,9300.0
1995-12-11,8.75,9.25,8.75,8.75,15600.0,0.0,1.0,6.4028864595395,6.7687656857989,6.4028864595395,6.4028864595395,15600.0
1995-12-12,8.75,9.25,8.75,9.25,7300.0,0.0,1.0,6.4028864595395,6.7687656857989,6.4028864595395,6.7687656857989,7300.0
1995-12-13,8.75,9.25,8.75,9.25,11000.0,0.0,1.0,6.4028864595395,6.7687656857989,6.4028864595395,6.7687656857989,11000.0
1995-12-14,9.25,9.25,8.75,8.75,8900.0,0.0,1.0,6.7687656857989,6.7687656857989,6.4028864595395,6.4028864595395,8900.0
1995-12-15,8.75,9.25,8.75,8.75,33900.0,0.0,1.0,6.4028864595395,6.7687656857989,6.4028864595395,6.4028864595395,33900.0
1995-12-18,8.75,9.25,8.75,8.75,7300.0,0.0,1.0,6.4028864595395,6.7687656857989,6.4028864595395,6.4028864595395,7300.0
1995-12-19,9.25,9.25,9.0,9.0,14200.0,0.0,1.0,6.7687656857989,6.7687656857989,6.5858260726692,6.5858260726692,14200.0
1995-12-20,8.75,9.25,8.75,8.75,6600.0,0.0,1.0,6.4028864595395,6.7687656857989,6.4028864595395,6.4028864595395,6600.0
1995-12-21,8.75,9.25,8.75,9.125,4200.0,0.0,1.0,6.4028864595395,6.7687656857989,6.4028864595395,6.677295879234,4200.0
1995-12-22,8.75,9.0,8.75,9.0,3700.0,0.0,1.0,6.4028864595395,6.5858260726692,6.4028864595395,6.5858260726692,3700.0
1995-12-26,9.25,9.25,9.0,9.0,18900.0,0.0,1.0,6.7687656857989,6.7687656857989,6.5858260726692,6.5858260726692,18900.0
1995-12-27,9.0,9.25,8.75,9.0,15900.0,0.0,1.0,6.5858260726692,6.7687656857989,6.4028864595395,6.5858260726692,15900.0
1995-12-28,9.0,9.25,8.75,8.75,101000.0,0.0,1.0,6.5858260726692,6.7687656857989,6.4028864595395,6.4028864595395,101000.0
1995-12-29,9.25,9.5,9.0,9.25,25100.0,0.0,1.0,6.7687656857989,6.9517052989286,6.5858260726692,6.7687656857989,25100.0
1996-01-02,9.5,9.75,9.25,9.25,7300.0,0.0,1.0,6.9517052989286,7.1346449120583,6.7687656857989,6.7687656857989,7300.0
1996-01-03,9.75,9.75,9.25,9.75,3200.0,0.0,1.0,7.1346449120583,7.1346449120583,6.7687656857989,7.1346449120583,3200.0
1996-01-04,9.5,9.75,9.25,9.25,12100.0,0.0,1.0,6.9517052989286,7.1346449120583,6.7687656857989,6.7687656857989,12100.0
1996-01-05,9.75,9.75,9.25,9.75,2700.0,0.0,1.0,7.1346449120583,7.1346449120583,6.7687656857989,7.1346449120583,2700.0
1996-01-08,9.75,9.75,9.25,9.75,4100.0,0.0,1.0,7.1346449120583,7.1346449120583,6.7687656857989,7.1346449120583,4100.0
1996-01-09,9.75,9.75,9.75,9.75,4000.0,0.0,1.0,7.1346449120583,7.1346449120583,7.1346449120583,7.1346449120583,4000.0
1996-01-10,9.75,9.75,9.25,9.75,2300.0,0.0,1.0,7.1346449120583,7.1346449120583,6.7687656857989,7.1346449120583,2300.0
1996-01-11,9.75,9.75,9.75,9.75,4200.0,0.0,1.0,7.1346449120583,7.1346449120583,7.1346449120583,7.1346449120583,4200.0
1996-01-12,9.75,9.75,9.25,9.25,10200.0,0.0,1.0,7.1346449120583,7.1346449120583,6.7687656857989,6.7687656857989,10200.0
1996-01-15,9.25,9.25,9.25,9.25,200.0,0.0,1.0,6.7687656857989,6.7687656857989,6.7687656857989,6.7687656857989,200.0
1996-01-16,9.25,9.25,9.25,9.25,3200.0,0.0,1.0,6.7687656857989,6.7687656857989,6.7687656857989,6.7687656857989,3200.0
1996-01-17,9.25,9.25,9.25,9.25,2800.0,0.0,1.0,6.7687656857989,6.7687656857989,6.7687656857989,6.7687656857989,2800.0
1996-01-18,9.25,9.25,9.25,9.25,5400.0,0.0,1.0,6.7687656857989,6.7687656857989,6.7687656857989,6.7687656857989,5400.0
1996-01-19,9.25,9.25,9.25,9.25,3200.0,0.0,1.0,6.7687656857989,6.7687656857989,6.7687656857989,6.7687656857989,3200.0
1996-01-22,9.25,9.75,9.25,9.5,2400.0,0.0,1.0,6.7687656857989,7.1346449120583,6.7687656857989,6.9517052989286,2400.0
1996-01-23,9.0,9.0,8.75,8.75,18200.0,0.0,1.0,6.5858260726692,6.5858260726692,6.4028864595395,6.4028864595395,18200.0
1996-01-24,9.25,9.75,9.25,9.5,9000.0,0.0,1.0,6.7687656857989,7.1346449120583,6.7687656857989,6.9517052989286,9000.0
1996-01-25,9.0,9.0,8.75,8.75,7000.0,0.0,1.0,6.5858260726692,6.5858260726692,6.4028864595395,6.4028864595395,7000.0
1996-01-26,8.75,8.75,8.75,8.75,9300.0,0.0,1.0,6.4028864595395,6.4028864595395,6.4028864595395,6.4028864595395,9300.0
1996-01-29,8.5,8.75,8.5,8.5,7100.0,0.0,1.0,6.2199468464098,6.4028864595395,6.2199468464098,6.2199468464098,7100.0
1996-01-30,8.5,9.0,8.5,8.5,11300.0,0.0,1.0,6.2199468464098,6.5858260726692,6.2199468464098,6.2199468464098,11300.0
1996-01-31,8.5,8.75,8.5,8.5,1800.0,0.0,1.0,6.2199468464098,6.4028864595395,6.2199468464098,6.2199468464098,1800.0
1996-02-01,8.5,9.0,8.5,8.5,0.0,0.0,1.0,6.2199468464098,6.5858260726692,6.2199468464098,6.2199468464098,0.0
1996-02-02,8.5,8.625,8.5,8.625,5300.0,0.0,1.0,6.2199468464098,6.3114166529746,6.2199468464098,6.3114166529746,5300.0
1996-02-05,8.5,9.0,8.5,9.0,4900.0,0.0,1.0,6.2199468464098,6.5858260726692,6.2199468464098,6.5858260726692,4900.0
1996-02-06,8.75,8.75,8.75,8.75,4000.0,0.0,1.0,6.4028864595395,6.4028864595395,6.4028864595395,6.4028864595395,4000.0
1996-02-07,8.875,9.0,8.75,8.75,2600.0,0.0,1.0,6.4943562661043,6.5858260726692,6.4028864595395,6.4028864595395,2600.0
1996-02-08,8.75,9.0,8.25,8.75,155000.0,0.0,1.0,6.4028864595395,6.5858260726692,6.0370072332801,6.4028864595395,155000.0
1996-02-09,8.5,8.5,8.0,8.5,24300.0,0.0,1.0,6.2199468464098,6.2199468464098,5.8540676201504,6.2199468464098,24300.0
1996-02-12,8.75,8.75,8.0,8.125,31800.0,0.0,1.0,6.4028864595395,6.4028864595395,5.8540676201504,5.9455374267152,31800.0
1996-02-13,8.0,8.25,7.5,8.25,22500.0,0.0,1.0,5.8540676201504,6.0370072332801,5.488188393891,6.0370072332801,22500.0
1996-02-14,7.5,8.25,7.5,7.8125,36000.0,0.0,1.0,5.488188393891,6.0370072332801,5.488188393891,5.7168629103031,36000.0
1996-02-15,7.5,7.75,7.0,7.5,43200.0,0.0,1.0,5.488188393891,5.6711280070207,5.1223091676316,5.488188393891,43200.0
1996-02-16,7.25,7.75,7.25,7.75,4600.0,0.0,1.0,5.3052487807613,5.6711280070207,5.3052487807613,5.6711280070207,4600.0
1996-02-20,7.25,7.625,7.0,7.5,89000.0,0.0,1.0,5.3052487807613,5.5796582004558,5.1223091676316,5.488188393891,89000.0
1996-02-21,7.5,7.75,7.0,7.0,134900.0,0.0,1.0,5.488188393891,5.6711280070207,5.1223091676316,5.1223091676316,134900.0
1996-02-22,7.5,7.5,7.0,7.25,2900.0,0.0,1.0,5.488188393891,5.488188393891,5.1223091676316,5.3052487807613,2900.0
1996-02-23,7.5,7.75,7.25,7.5,23000.0,0.0,1.0,5.488188393891,5.6711280070207,5.3052487807613,5.488188393891,23000.0
1996-02-26,7.5,7.5,7.25,7.5,7700.0,0.0,1.0,5.488188393891,5.488188393891,5.3052487807613,5.488188393891,7700.0
1996-02-27,8.0,8.0,7.375,7.5,5500.0,0.0,1.0,5.8540676201504,5.8540676201504,5.3967185873261,5.488188393891,5500.0
1996-02-28,7.375,8.0,7.375,7.5,7800.0,0.0,1.0,5.3967185873261,5.8540676201504,5.3967185873261,5.488188393891,7800.0
1996-02-29,8.0,8.0,7.5,7.5,20300.0,0.0,1.0,5.8540676201504,5.8540676201504,5.488188393891,5.488188393891,20300.0
1996-03-01,8.0,8.5,7.88,8.5,47600.0,0.0,1.0,5.8540676201504,6.2199468464098,5.7662566058481,6.2199468464098,47600.0
1996-03-04,8.5,8.5,8.0,8.5,12700.0,0.0,1.0,6.2199468464098,6.2199468464098,5.8540676201504,6.2199468464098,12700.0
1996-03-05,8.5,8.5,8.0,8.5,19800.0,0.0,1.0,6.2199468464098,6.2199468464098,5.8540676201504,6.2199468464098,19800.0
1996-03-06,8.5,8.5,8.0,8.5,12000.0,0.0,1.0,6.2199468464098,6.2199468464098,5.8540676201504,6.2199468464098,12000.0
1996-03-07,8.5,8.5,8.0,8.5,500.0,0.0,1.0,6.2199468464098,6.2199468464098,5.8540676201504,6.2199468464098,500.0
1996-03-08,8.0,8.5,8.0,8.125,39500.0,0.0,1.0,5.8540676201504,6.2199468464098,5.8540676201504,5.9455374267152,39500.0
1996-03-11,8.5,8.75,8.25,8.25,14000.0,0.0,1.0,6.2199468464098,6.4028864595395,6.0370072332801,6.0370072332801,14000.0
1996-03-12,8.25,9.0,8.25,8.62,18500.0,0.0,1.0,6.0370072332801,6.5858260726692,6.0370072332801,6.307757860712,18500.0
1996-03-13,8.5,8.75,8.25,8.25,14000.0,0.0,1.0,6.2199468464098,6.4028864595395,6.0370072332801,6.0370072332801,14000.0
1996-03-14,8.25,9.0,8.25,8.625,5700.0,0.0,1.0,6.0370072332801,6.5858260726692,6.0370072332801,6.3114166529746,5700.0
1996-03-15,8.25,9.0,8.25,9.0,3600.0,0.0,1.0,6.0370072332801,6.5858260726692,6.0370072332801,6.5858260726692,3600.0
1996-03-18,8.62,8.62,8.62,8.62,2500.0,0.0,1.0,6.307757860712,6.307757860712,6.307757860712,6.307757860712,2500.0
1996-03-19,7.94,7.94,7.94,7.94,73700.0,0.0,1.0,5.8101621129993,5.8101621129993,5.8101621129993,5.8101621129993,73700.0
1996-03-20,8.625,8.625,8.625,8.625,0.0,0.0,1.0,6.3114166529746,6.3114166529746,6.3114166529746,6.3114166529746,0.0
1996-03-21,7.9375,7.9375,7.9375,7.9375,2500.0,0.0,1.0,5.808332716868,5.808332716868,5.808332716868,5.808332716868,2500.0
1996-03-22,8.75,8.75,8.25,8.25,1000.0,0.0,1.0,6.4028864595395,6.4028864595395,6.0370072332801,6.0370072332801,1000.0
1996-03-25,8.25,9.0,8.25,8.38,1400.0,0.0,1.0,6.0370072332801,6.5858260726692,6.0370072332801,6.1321358321075,1400.0
1996-03-26,8.5,9.0,8.25,8.38,4200.0,0.0,1.0,6.2199468464098,6.5858260726692,6.0370072332801,6.1321358321075,4200.0
1996-03-27,8.25,9.0,8.25,8.375,1600.0,0.0,1.0,6.0370072332801,6.5858260726692,6.0370072332801,6.1284770398449,1600.0
1996-03-28,8.5,9.0,8.25,8.375,10100.0,0.0,1.0,6.2199468464098,6.5858260726692,6.0370072332801,6.1284770398449,10100.0
1996-03-29,8.25,8.625,8.25,8.625,27300.0,0.0,1.0,6.0370072332801,6.3114166529746,6.0370072332801,6.3114166529746,27300.0
1996-04-01,8.0,8.0,7.25,7.38,44400.0,0.0,1.0,5.8540676201504,5.8540676201504,5.3052487807613,5.4003773795887,44400.0
1996-04-02,8.0,8.0,7.25,7.375,47300.0,0.0,1.0,5.8540676201504,5.8540676201504,5.3052487807613,5.3967185873261,47300.0
1996-04-03,7.25,7.5,6.5,6.5,35600.0,0.0,1.0,5.3052487807613,5.488188393891,4.7564299413722,4.7564299413722,35600.0
1996-04-04,6.75,6.75,6.5,6.75,61300.0,0.0,1.0,4.9393695545019,4.9393695545019,4.7564299413722,4.9393695545019,61300.0
1996-04-08,6.75,6.75,6.25,6.5,92100.0,0.0,1.0,4.9393695545019,4.9393695545019,4.5734903282425,4.7564299413722,92100.0
1996-04-09,6.75,6.75,6.25,6.5,63900.0,0.0,1.0,4.9393695545019,4.9393695545019,4.5734903282425,4.7564299413722,63900.0
1996-04-10,6.25,6.75,6.0,6.5,35100.0,0.0,1.0,4.5734903282425,4.9393695545019,4.3905507151128,4.7564299413722,35100.0
1996-04-11,6.25,7.125,6.0,6.75,27500.0,0.0,1.0,4.5734903282425,5.2137789741964,4.3905507151128,4.9393695545019,27500.0
1996-04-12,7.375,7.5,6.75,7.125,600.0,0.0,1.0,5.3967185873261,5.488188393891,4.9393695545019,5.2137789741964,600.0
1996-04-15,6.75,7.5,6.75,7.12,10400.0,0.0,1.0,4.9393695545019,5.488188393891,4.9393695545019,5.2101201819339,10400.0
1996-04-16,7.5,7.5,6.75,7.125,400.0,0.0,1.0,5.488188393891,5.488188393891,4.9393695545019,5.2137789741964,400.0
1996-04-17,6.75,7.5,6.75,7.5,3600.0,0.0,1.0,4.9393695545019,5.488188393891,4.9393695545019,5.488188393891,3600.0
1996-04-18,6.75,7.5,6.75,6.75,12000.0,0.0,1.0,4.9393695545019,5.488188393891,4.9393695545019,4.9393695545019,12000.0
1996-04-19,6.75,7.5,6.75,7.0,18700.0,0.0,1.0,4.9393695545019,5.488188393891,4.9393695545019,5.1223091676316,18700.0
1996-04-22,7.5,7.5,7.5,7.5,0.0,0.0,1.0,5.488188393891,5.488188393891,5.488188393891,5.488188393891,0.0
1996-04-23,7.0,7.0,7.0,7.0,4600.0,0.0,1.0,5.1223091676316,5.1223091676316,5.1223091676316,5.1223091676316,4600.0
1996-04-24,7.0,7.0,7.0,7.0,2600.0,0.0,1.0,5.1223091676316,5.1223091676316,5.1223091676316,5.1223091676316,2600.0
1996-04-25,7.0,7.5,7.0,7.5,13600.0,0.0,1.0,5.1223091676316,5.488188393891,5.1223091676316,5.488188393891,13600.0
1996-04-26,7.0,7.375,7.0,7.375,18900.0,0.0,1.0,5.1223091676316,5.3967185873261,5.1223091676316,5.3967185873261,18900.0
1996-04-29,6.75,7.0,6.75,6.75,33100.0,0.0,1.0,4.9393695545019,5.1223091676316,4.9393695545019,4.9393695545019,33100.0
1996-04-30,6.75,7.0,6.75,6.75,7500.0,0.0,1.0,4.9393695545019,5.1223091676316,4.9393695545019,4.9393695545019,7500.0
1996-05-01,6.875,6.875,6.625,6.625,45800.0,0.0,1.0,5.0308393610667,5.0308393610667,4.847899747937,4.847899747937,45800.0
1996-05-02,6.88,6.88,6.5,6.5,19100.0,0.0,1.0,5.0344981533293,5.0344981533293,4.7564299413722,4.7564299413722,19100.0
1996-05-03,6.625,6.875,6.5,6.875,27300.0,0.0,1.0,4.847899747937,5.0308393610667,4.7564299413722,5.0308393610667,27300.0
1996-05-06,6.88,6.88,6.62,6.75,12300.0,0.0,1.0,5.0344981533293,5.0344981533293,4.8442409556745,4.9393695545019,12300.0
1996-05-07,6.5,6.88,6.5,6.88,6400.0,0.0,1.0,4.7564299413722,5.0344981533293,4.7564299413722,5.0344981533293,6400.0
1996-05-08,6.875,6.875,6.625,6.75,26700.0,0.0,1.0,5.0308393610667,5.0308393610667,4.847899747937,4.9393695545019,26700.0
1996-05-09,6.5,6.875,6.5,6.875,151200.0,0.0,1.0,4.7564299413722,5.0308393610667,4.7564299413722,5.0308393610667,151200.0
1996-05-10,6.5,7.0,6.5,7.0,37600.0,0.0,1.0,4.7564299413722,5.1223091676316,4.7564299413722,5.1223091676316,37600.0
1996-05-13,7.0,7.38,7.0,7.25,72500.0,0.0,1.0,5.1223091676316,5.4003773795887,5.1223091676316,5.3052487807613,72500.0
1996-05-14,7.25,7.25,6.75,7.12,35100.0,0.0,1.0,5.3052487807613,5.3052487807613,4.9393695545019,5.2101201819339,35100.0
1996-05-15,7.0,7.375,7.0,7.25,14800.0,0.0,1.0,5.1223091676316,5.3967185873261,5.1223091676316,5.3052487807613,14800.0
1996-05-16,7.25,7.25,6.75,7.125,15400.0,0.0,1.0,5.3052487807613,5.3052487807613,4.9393695545019,5.2137789741964,15400.0
1996-05-17,7.0,7.0938,6.5,7.0,16800.0,0.0,1.0,5.1223091676316,5.1909481104779,4.7564299413722,5.1223091676316,16800.0
1996-05-20,7.0,7.12,6.75,7.12,1800.0,0.0,1.0,5.1223091676316,5.2101201819339,4.9393695545019,5.2101201819339,1800.0
1996-05-21,6.75,7.12,6.75,7.12,4600.0,0.0,1.0,4.9393695545019,5.2101201819339,4.9393695545019,5.2101201819339,4600.0
1996-05-22,7.0,7.125,6.75,7.125,4000.0,0.0,1.0,5.1223091676316,5.2137789741964,4.9393695545019,5.2137789741964,4000.0
1996-05-23,6.75,7.125,6.75,7.125,11800.0,0.0,1.0,4.9393695545019,5.2137789741964,4.9393695545019,5.2137789741964,11800.0
1996-05-24,7.125,7.125,7.0,7.125,2000.0,0.0,1.0,5.2137789741964,5.2137789741964,5.1223091676316,5.2137789741964,2000.0
1996-05-28,6.88,7.0,6.88,6.88,4100.0,0.0,1.0,5.0344981533293,5.1223091676316,5.0344981533293,5.0344981533293,4100.0
1996-05-29,6.88,6.88,6.88,6.88,4200.0,0.0,1.0,5.0344981533293,5.0344981533293,5.0344981533293,5.0344981533293,4200.0
1996-05-30,6.875,7.0,6.875,6.875,14700.0,0.0,1.0,5.0308393610667,5.1223091676316,5.0308393610667,5.0308393610667,14700.0
1996-05-31,6.875,6.875,6.875,6.875,10400.0,0.0,1.0,5.0308393610667,5.0308393610667,5.0308393610667,5.0308393610667,10400.0
1996-06-03,6.88,7.12,6.88,7.12,7000.0,0.0,1.0,5.0344981533293,5.2101201819339,5.0344981533293,5.2101201819339,7000.0
1996-06-04,6.875,7.125,6.875,7.125,22200.0,0.0,1.0,5.0308393610667,5.2137789741964,5.0308393610667,5.2137789741964,22200.0
1996-06-05,6.875,7.375,6.875,7.125,1100.0,0.0,1.0,5.0308393610667,5.3967185873261,5.0308393610667,5.2137789741964,1100.0
1996-06-06,6.875,6.875,6.875,6.875,2400.0,0.0,1.0,5.0308393610667,5.0308393610667,5.0308393610667,5.0308393610667,2400.0
1996-06-07,6.875,7.125,6.875,7.125,0.0,0.0,1.0,5.0308393610667,5.2137789741964,5.0308393610667,5.2137789741964,0.0
1996-06-10,7.06,7.38,6.75,6.75,4400.0,0.0,1.0,5.1662146747827,5.4003773795887,4.9393695545019,4.9393695545019,4400.0
1996-06-11,6.75,7.38,6.75,6.75,3200.0,0.0,1.0,4.9393695545019,5.4003773795887,4.9393695545019,4.9393695545019,3200.0
1996-06-12,6.75,7.375,6.75,6.75,5900.0,0.0,1.0,4.9393695545019,5.3967185873261,4.9393695545019,4.9393695545019,5900.0
1996-06-13,6.75,7.125,6.75,7.0,3500.0,0.0,1.0,4.9393695545019,5.2137789741964,4.9393695545019,5.1223091676316,3500.0
1996-06-14,6.75,7.125,6.75,6.75,20100.0,0.0,1.0,4.9393695545019,5.2137789741964,4.9393695545019,4.9393695545019,20100.0
1996-06-17,7.38,7.38,6.75,6.75,4000.0,0.0,1.0,5.4003773795887,5.4003773795887,4.9393695545019,4.9393695545019,4000.0
1996-06-18,6.75,7.375,6.75,6.75,19000.0,0.0,1.0,4.9393695545019,5.3967185873261,4.9393695545019,4.9393695545019,19000.0
1996-06-19,6.75,6.75,6.5,6.5,3800.0,0.0,1.0,4.9393695545019,4.9393695545019,4.7564299413722,4.7564299413722,3800.0
1996-06-20,6.375,6.875,6.375,6.875,1300.0,0.0,1.0,4.6649601348073,5.0308393610667,4.6649601348073,5.0308393610667,1300.0
1996-06-21,6.375,6.625,6.375,6.625,45600.0,0.0,1.0,4.6649601348073,4.847899747937,4.6649601348073,4.847899747937,45600.0
1996-06-24,6.25,6.75,6.25,6.75,6500.0,0.0,1.0,4.5734903282425,4.9393695545019,4.5734903282425,4.9393695545019,6500.0
1996-06-25,6.25,6.75,6.25,6.75,1800.0,0.0,1.0,4.5734903282425,4.9393695545019,4.5734903282425,4.9393695545019,1800.0
1996-06-26,6.375,6.875,6.375,6.875,12400.0,0.0,1.0,4.6649601348073,5.0308393610667,4.6649601348073,5.0308393610667,12400.0
1996-06-27,6.875,6.875,6.125,6.5,2200.0,0.0,1.0,5.0308393610667,5.0308393610667,4.4820205216776,4.7564299413722,2200.0
1996-06-28,6.125,6.5,6.125,6.5,1900.0,0.0,1.0,4.4820205216776,4.7564299413722,4.4820205216776,4.7564299413722,1900.0
1996-07-01,6.5,6.5,6.12,6.12,2000.0,0.0,1.0,4.7564299413722,4.7564299413722,4.4783617294151,4.4783617294151,2000.0
1996-07-02,6.12,6.5,6.12,6.38,6500.0,0.0,1.0,4.4783617294151,4.7564299413722,4.4783617294151,4.6686189270699,6500.0
1996-07-03,6.5,6.5,6.125,6.125,10700.0,0.0,1.0,4.7564299413722,4.7564299413722,4.4820205216776,4.4820205216776,10700.0
1996-07-05,6.5,6.5,6.125,6.25,600.0,0.0,1.0,4.7564299413722,4.7564299413722,4.4820205216776,4.5734903282425,600.0
1996-07-08,6.25,6.25,6.0,6.12,13800.0,0.0,1.0,4.5734903282425,4.5734903282425,4.3905507151128,4.4783617294151,13800.0
1996-07-09,5.88,6.25,5.88,6.25,2100.0,0.0,1.0,4.3027397008105,4.5734903282425,4.3027397008105,4.5734903282425,2100.0
1996-07-10,6.25,6.25,6.0,6.125,13000.0,0.0,1.0,4.5734903282425,4.5734903282425,4.3905507151128,4.4820205216776,13000.0
1996-07-11,5.875,6.25,5.875,6.25,12700.0,0.0,1.0,4.2990809085479,4.5734903282425,4.2990809085479,4.5734903282425,12700.0
1996-07-12,6.25,6.25,6.0,6.25,3300.0,0.0,1.0,4.5734903282425,4.5734903282425,4.3905507151128,4.5734903282425,3300.0
1996-07-15,6.0,6.12,5.75,5.75,21500.0,0.0,1.0,4.3905507151128,4.4783617294151,4.2076111019831,4.2076111019831,21500.0
1996-07-16,5.75,6.25,5.75,5.75,1600.0,0.0,1.0,4.2076111019831,4.5734903282425,4.2076111019831,4.2076111019831,1600.0
1996-07-17,6.0,6.125,5.75,5.75,2700.0,0.0,1.0,4.3905507151128,4.4820205216776,4.2076111019831,4.2076111019831,2700.0
1996-07-18,5.75,6.25,5.75,5.75,10000.0,0.0,1.0,4.2076111019831,4.5734903282425,4.2076111019831,4.2076111019831,10000.0
1996-07-19,5.75,6.25,5.75,5.75,300.0,0.0,1.0,4.2076111019831,4.5734903282425,4.2076111019831,4.2076111019831,300.0
1996-07-22,6.25,6.25,6.25,6.25,2500.0,0.0,1.0,4.5734903282425,4.5734903282425,4.5734903282425,4.5734903282425,2500.0
1996-07-23,5.75,6.25,5.75,5.75,7500.0,0.0,1.0,4.2076111019831,4.5734903282425,4.2076111019831,4.2076111019831,7500.0
1996-07-24,6.25,6.25,6.25,6.25,9800.0,0.0,1.0,4.5734903282425,4.5734903282425,4.5734903282425,4.5734903282425,9800.0
1996-07-25,5.75,6.25,5.75,5.75,8400.0,0.0,1.0,4.2076111019831,4.5734903282425,4.2076111019831,4.2076111019831,8400.0
1996-07-26,6.0,6.0,5.5,5.8125,14300.0,0.0,1.0,4.3905507151128,4.3905507151128,4.0246714888534,4.2533460052655,14300.0
1996-07-29,5.5,5.5,5.5,5.5,7200.0,0.0,1.0,4.0246714888534,4.0246714888534,4.0246714888534,4.0246714888534,7200.0
1996-07-30,5.75,5.75,5.5,5.5,7300.0,0.0,1.0,4.2076111019831,4.2076111019831,4.0246714888534,4.0246714888534,7300.0
1996-07-31,5.5,5.5,5.5,5.5,3700.0,0.0,1.0,4.0246714888534,4.0246714888534,4.0246714888534,4.0246714888534,3700.0
1996-08-01,5.75,5.75,5.5,5.5,6300.0,0.0,1.0,4.2076111019831,4.2076111019831,4.0246714888534,4.0246714888534,6300.0
1996-08-02,5.25,5.75,5.25,5.38,9100.0,0.0,1.0,3.8417318757237,4.2076111019831,3.8417318757237,3.9368604745511,9100.0
1996-08-05,5.5,5.5,5.25,5.25,25500.0,0.0,1.0,4.0246714888534,4.0246714888534,3.8417318757237,3.8417318757237,25500.0
1996-08-06,5.25,5.25,4.75,5.25,13300.0,0.0,1.0,3.8417318757237,3.8417318757237,3.4758526494643,3.8417318757237,13300.0
1996-08-07,5.5,5.5,5.25,5.25,13100.0,0.0,1.0,4.0246714888534,4.0246714888534,3.8417318757237,3.8417318757237,13100.0
1996-08-08,5.25,5.25,4.75,5.25,700.0,0.0,1.0,3.8417318757237,3.8417318757237,3.4758526494643,3.8417318757237,700.0
1996-08-09,4.75,5.0,4.75,5.0,4700.0,0.0,1.0,3.4758526494643,3.658792262594,3.4758526494643,3.658792262594,4700.0
1996-08-12,4.75,4.75,4.75,4.75,2100.0,0.0,1.0,3.4758526494643,3.4758526494643,3.4758526494643,3.4758526494643,2100.0
1996-08-13,4.75,4.75,4.75,4.75,0.0,0.0,1.0,3.4758526494643,3.4758526494643,3.4758526494643,3.4758526494643,0.0
1996-08-14,4.75,4.75,4.75,4.75,3100.0,0.0,1.0,3.4758526494643,3.4758526494643,3.4758526494643,3.4758526494643,3100.0
1996-08-15,4.88,5.12,4.88,5.0,16500.0,0.0,1.0,3.5709812482917,3.7466032768963,3.5709812482917,3.658792262594,16500.0
1996-08-16,4.75,5.125,4.75,4.875,4200.0,0.0,1.0,3.4758526494643,3.7502620691588,3.4758526494643,3.5673224560291,4200.0
1996-08-19,5.5,5.5,5.12,5.25,3000.0,0.0,1.0,4.0246714888534,4.0246714888534,3.7466032768963,3.8417318757237,3000.0
1996-08-20,5.5,5.5,5.0,5.38,16800.0,0.0,1.0,4.0246714888534,4.0246714888534,3.658792262594,3.9368604745511,16800.0
1996-08-21,5.5,5.5,5.125,5.25,11600.0,0.0,1.0,4.0246714888534,4.0246714888534,3.7502620691588,3.8417318757237,11600.0
1996-08-22,5.5,5.5,5.0,5.375,1200.0,0.0,1.0,4.0246714888534,4.0246714888534,3.658792262594,3.9332016822885,1200.0
1996-08-23,5.5,5.5,4.875,4.875,1700.0,0.0,1.0,4.0246714888534,4.0246714888534,3.5673224560291,3.5673224560291,1700.0
1996-08-26,4.88,5.5,4.88,5.0,10200.0,0.0,1.0,3.5709812482917,4.0246714888534,3.5709812482917,3.658792262594,10200.0
1996-08-27,5.5,6.25,5.25,6.0,101100.0,0.0,1.0,4.0246714888534,4.5734903282425,3.8417318757237,4.3905507151128,101100.0
1996-08-28,4.875,5.5,4.875,5.0,31000.0,0.0,1.0,3.5673224560291,4.0246714888534,3.5673224560291,3.658792262594,31000.0
1996-08-29,5.5,6.25,5.25,6.0,6800.0,0.0,1.0,4.0246714888534,4.5734903282425,3.8417318757237,4.3905507151128,6800.0
1996-08-30,6.25,7.125,6.0,7.125,28200.0,0.0,1.0,4.5734903282425,5.2137789741964,4.3905507151128,5.2137789741964,28200.0
1996-09-03,7.0,7.5,6.75,7.0,18900.0,0.0,1.0,5.1223091676316,5.488188393891,4.9393695545019,5.1223091676316,18900.0
1996-09-04,7.0,7.5,6.75,7.0,15600.0,0.0,1.0,5.1223091676316,5.488188393891,4.9393695545019,5.1223091676316,15600.0
1996-09-05,6.5,7.0,6.5,6.5,6500.0,0.0,1.0,4.7564299413722,5.1223091676316,4.7564299413722,4.7564299413722,6500.0
1996-09-06,6.75,6.75,6.25,6.75,30100.0,0.0,1.0,4.9393695545019,4.9393695545019,4.5734903282425,4.9393695545019,30100.0
1996-09-09,6.25,6.5,6.0,6.5,66000.0,0.0,1.0,4.5734903282425,4.7564299413722,4.3905507151128,4.7564299413722,66000.0
1996-09-10,6.25,6.5,6.0,6.5,13500.0,0.0,1.0,4.5734903282425,4.7564299413722,4.3905507151128,4.7564299413722,13500.0
1996-09-11,6.0,6.75,6.0,6.0,9100.0,0.0,1.0,4.3905507151128,4.9393695545019,4.3905507151128,4.3905507151128,9100.0
1996-09-12,6.125,6.75,6.0,6.5,5600.0,0.0,1.0,4.4820205216776,4.9393695545019,4.3905507151128,4.7564299413722,5600.0
1996-09-13,6.0,6.5,6.0,6.5,4700.0,0.0,1.0,4.3905507151128,4.7564299413722,4.3905507151128,4.7564299413722,4700.0
1996-09-16,6.0,6.5,6.0,6.12,6100.0,0.0,1.0,4.3905507151128,4.7564299413722,4.3905507151128,4.4783617294151,6100.0
1996-09-17,6.0,6.5,6.0,6.125,13000.0,0.0,1.0,4.3905507151128,4.7564299413722,4.3905507151128,4.4820205216776,13000.0
1996-09-18,6.0,6.25,6.0,6.0,10800.0,0.0,1.0,4.3905507151128,4.5734903282425,4.3905507151128,4.3905507151128,10800.0
1996-09-19,5.875,6.125,5.5,5.625,4100.0,0.0,1.0,4.2990809085479,4.4820205216776,4.0246714888534,4.1161412954182,4100.0
1996-09-20,5.5,6.0,5.5,5.75,33600.0,0.0,1.0,4.0246714888534,4.3905507151128,4.0246714888534,4.2076111019831,33600.0
1996-09-23,5.5,5.75,5.5,5.75,37200.0,0.0,1.0,4.0246714888534,4.2076111019831,4.0246714888534,4.2076111019831,37200.0
1996-09-24,5.5,5.75,5.5,5.75,42500.0,0.0,1.0,4.0246714888534,4.2076111019831,4.0246714888534,4.2076111019831,42500.0
1996-09-25,5.5,5.75,5.5,5.625,15000.0,0.0,1.0,4.0246714888534,4.2076111019831,4.0246714888534,4.1161412954182,15000.0
1996-09-26,5.5,5.75,5.5,5.75,6000.0,0.0,1.0,4.0246714888534,4.2076111019831,4.0246714888534,4.2076111019831,6000.0
1996-09-27,5.5,5.75,5.5,5.5,50100.0,0.0,1.0,4.0246714888534,4.2076111019831,4.0246714888534,4.0246714888534,50100.0
1996-09-30,6.0,6.5,5.75,6.25,52200.0,0.0,1.0,4.3905507151128,4.7564299413722,4.2076111019831,4.5734903282425,52200.0
1996-10-01,6.0,6.5,5.75,6.25,21700.0,0.0,1.0,4.3905507151128,4.7564299413722,4.2076111019831,4.5734903282425,21700.0
1996-10-02,6.5,7.0,6.5,7.0,38000.0,0.0,1.0,4.7564299413722,5.1223091676316,4.7564299413722,5.1223091676316,38000.0
1996-10-03,6.5,6.75,6.5,6.5,36000.0,0.0,1.0,4.7564299413722,4.9393695545019,4.7564299413722,4.7564299413722,36000.0
1996-10-04,6.5,7.0,6.5,7.0,14400.0,0.0,1.0,4.7564299413722,5.1223091676316,4.7564299413722,5.1223091676316,14400.0
1996-10-07,7.0,7.0,6.62,6.69,16500.0,0.0,1.0,5.1223091676316,5.1223091676316,4.8442409556745,4.8954640473508,16500.0
1996-10-08,6.75,7.0,6.5,6.75,5300.0,0.0,1.0,4.9393695545019,5.1223091676316,4.7564299413722,4.9393695545019,5300.0
1996-10-09,7.0,7.0,6.625,6.6875,8800.0,0.0,1.0,5.1223091676316,5.1223091676316,4.847899747937,4.8936346512195,8800.0
1996-10-10,6.75,7.0,6.5,6.75,4900.0,0.0,1.0,4.9393695545019,5.1223091676316,4.7564299413722,4.9393695545019,4900.0
1996-10-11,6.875,6.875,6.5,6.875,15800.0,0.0,1.0,5.0308393610667,5.0308393610667,4.7564299413722,5.0308393610667,15800.0
1996-10-14,6.25,6.5,6.25,6.5,1900.0,0.0,1.0,4.5734903282425,4.7564299413722,4.5734903282425,4.7564299413722,1900.0
1996-10-15,6.5,6.5,6.0,6.0,4100.0,0.0,1.0,4.7564299413722,4.7564299413722,4.3905507151128,4.3905507151128,4100.0
1996-10-16,6.25,6.5,6.25,6.5,5200.0,0.0,1.0,4.5734903282425,4.7564299413722,4.5734903282425,4.7564299413722,5200.0
1996-10-17,6.5,6.5,6.0,6.0,6900.0,0.0,1.0,4.7564299413722,4.7564299413722,4.3905507151128,4.3905507151128,6900.0
1996-10-18,6.25,6.25,5.75,5.75,6700.0,0.0,1.0,4.5734903282425,4.5734903282425,4.2076111019831,4.2076111019831,6700.0
1996-10-21,6.0,6.0,5.5,5.75,15600.0,0.0,1.0,4.3905507151128,4.3905507151128,4.0246714888534,4.2076111019831,15600.0
1996-10-22,5.5,6.0,5.5,6.0,3600.0,0.0,1.0,4.0246714888534,4.3905507151128,4.0246714888534,4.3905507151128,3600.0
1996-10-23,6.0,6.0,5.5,5.75,35200.0,0.0,1.0,4.3905507151128,4.3905507151128,4.0246714888534,4.2076111019831,35200.0
1996-10-24,5.5,6.0,5.5,6.0,3400.0,0.0,1.0,4.0246714888534,4.3905507151128,4.0246714888534,4.3905507151128,3400.0
1996-10-25,5.75,5.875,5.5,5.875,15400.0,0.0,1.0,4.2076111019831,4.2990809085479,4.0246714888534,4.2990809085479,15400.0
1996-10-28,5.5,5.75,5.5,5.5,2300.0,0.0,1.0,4.0246714888534,4.2076111019831,4.0246714888534,4.0246714888534,2300.0
1996-10-29,5.5,6.25,5.5,6.25,14700.0,0.0,1.0,4.0246714888534,4.5734903282425,4.0246714888534,4.5734903282425,14700.0
1996-10-30,5.5,5.75,5.5,5.5,28500.0,0.0,1.0,4.0246714888534,4.2076111019831,4.0246714888534,4.0246714888534,28500.0
1996-10-31,5.5,6.25,5.5,6.25,5400.0,0.0,1.0,4.0246714888534,4.5734903282425,4.0246714888534,4.5734903282425,5400.0
1996-11-01,6.0,6.0,5.75,5.75,82700.0,0.0,1.0,4.3905507151128,4.3905507151128,4.2076111019831,4.2076111019831,82700.0
1996-11-04,5.5,5.62,5.5,5.5,17800.0,0.0,1.0,4.0246714888534,4.1124825031557,4.0246714888534,4.0246714888534,17800.0
1996-11-05,5.5,5.625,5.5,5.5,26700.0,0.0,1.0,4.0246714888534,4.1161412954182,4.0246714888534,4.0246714888534,26700.0
1996-11-06,5.75,5.75,5.375,5.625,4800.0,0.0,1.0,4.2076111019831,4.2076111019831,3.9332016822885,4.1161412954182,4800.0
1996-11-07,5.5,5.625,5.375,5.5,15600.0,0.0,1.0,4.0246714888534,4.1161412954182,3.9332016822885,4.0246714888534,15600.0
1996-11-08,5.375,5.625,5.375,5.625,14800.0,0.0,1.0,3.9332016822885,4.1161412954182,3.9332016822885,4.1161412954182,14800.0
1996-11-11,5.38,5.5,5.38,5.38,42700.0,0.0,1.0,3.9368604745511,4.0246714888534,3.9368604745511,3.9368604745511,42700.0
1996-11-12,5.375,5.5,5.375,5.375,6400.0,0.0,1.0,3.9332016822885,4.0246714888534,3.9332016822885,3.9332016822885,6400.0
1996-11-13,5.5,5.5,5.25,5.25,26000.0,0.0,1.0,4.0246714888534,4.0246714888534,3.8417318757237,3.8417318757237,26000.0
1996-11-14,5.25,5.5,5.0,5.125,28300.0,0.0,1.0,3.8417318757237,4.0246714888534,3.658792262594,3.7502620691588,28300.0
1996-11-15,5.25,5.25,4.9375,5.0,11500.0,0.0,1.0,3.8417318757237,3.8417318757237,3.6130573593116,3.658792262594,11500.0
1996-11-18,4.88,5.25,4.88,4.88,10600.0,0.0,1.0,3.5709812482917,3.8417318757237,3.5709812482917,3.5709812482917,10600.0
1996-11-19,4.875,5.25,4.875,4.875,20900.0,0.0,1.0,3.5673224560291,3.8417318757237,3.5673224560291,3.5673224560291,20900.0
1996-11-20,4.875,5.25,4.875,5.0625,22100.0,0.0,1.0,3.5673224560291,3.8417318757237,3.5673224560291,3.7045271658764,22100.0
1996-11-21,4.875,5.25,4.875,4.875,12900.0,0.0,1.0,3.5673224560291,3.8417318757237,3.5673224560291,3.5673224560291,12900.0
1996-11-22,5.0,5.5,5.0,5.25,11600.0,0.0,1.0,3.658792262594,4.0246714888534,3.658792262594,3.8417318757237,11600.0
1996-11-25,5.5,5.5,4.88,5.06,8900.0,0.0,1.0,4.0246714888534,4.0246714888534,3.5709812482917,3.7026977697451,8900.0
1996-11-26,5.5,5.5,4.875,5.0625,2500.0,0.0,1.0,4.0246714888534,4.0246714888534,3.5673224560291,3.7045271658764,2500.0
1996-11-27,4.875,5.5,4.875,4.875,10900.0,0.0,1.0,3.5673224560291,4.0246714888534,3.5673224560291,3.5673224560291,10900.0
1996-11-29,5.12,5.5,5.0,5.5,3200.0,0.0,1.0,3.7466032768963,4.0246714888534,3.658792262594,4.0246714888534,3200.0
1996-12-02,4.88,5.5,4.88,5.38,2600.0,0.0,1.0,3.5709812482917,4.0246714888534,3.5709812482917,3.9368604745511,2600.0
1996-12-03,4.88,5.38,4.88,5.0,17000.0,0.0,1.0,3.5709812482917,3.9368604745511,3.5709812482917,3.658792262594,17000.0
1996-12-04,5.38,5.38,4.88,5.12,35900.0,0.0,1.0,3.9368604745511,3.9368604745511,3.5709812482917,3.7466032768963,35900.0
1996-12-05,5.0,5.38,5.0,5.38,111300.0,0.0,1.0,3.658792262594,3.9368604745511,3.658792262594,3.9368604745511,111300.0
1996-12-06,5.0,5.25,5.0,5.25,9400.0,0.0,1.0,3.658792262594,3.8417318757237,3.658792262594,3.8417318757237,9400.0
1996-12-09,5.12,5.25,5.0,5.25,38800.0,0.0,1.0,3.7466032768963,3.8417318757237,3.658792262594,3.8417318757237,38800.0
1996-12-10,5.0,5.0,5.0,5.0,1700.0,0.0,1.0,3.658792262594,3.658792262594,3.658792262594,3.658792262594,1700.0
1996-12-11,5.12,5.12,5.12,5.12,400.0,0.0,1.0,3.7466032768963,3.7466032768963,3.7466032768963,3.7466032768963,400.0
1996-12-12,5.0,5.0,5.0,5.0,13300.0,0.0,1.0,3.658792262594,3.658792262594,3.658792262594,3.658792262594,13300.0
1996-12-13,4.88,5.25,4.88,5.0,5900.0,0.0,1.0,3.5709812482917,3.8417318757237,3.5709812482917,3.658792262594,5900.0
1996-12-16,5.0,5.12,5.0,5.0,4800.0,0.0,1.0,3.658792262594,3.7466032768963,3.658792262594,3.658792262594,4800.0
1996-12-17,5.12,5.12,4.88,5.0,49600.0,0.0,1.0,3.7466032768963,3.7466032768963,3.5709812482917,3.658792262594,49600.0
1996-12-18,4.89,5.0,4.88,5.0,14400.0,0.0,1.0,3.5782988328169,3.658792262594,3.5709812482917,3.658792262594,14400.0
1996-12-19,5.12,5.12,4.88,5.0,37400.0,0.0,1.0,3.7466032768963,3.7466032768963,3.5709812482917,3.658792262594,37400.0
1996-12-20,5.0,5.12,4.88,5.0,24100.0,0.0,1.0,3.658792262594,3.7466032768963,3.5709812482917,3.658792262594,24100.0
1996-12-23,4.88,5.12,4.88,4.88,29500.0,0.0,1.0,3.5709812482917,3.7466032768963,3.5709812482917,3.5709812482917,29500.0
1996-12-24,4.88,5.12,4.88,5.0,6300.0,0.0,1.0,3.5709812482917,3.7466032768963,3.5709812482917,3.658792262594,6300.0
1996-12-26,4.88,5.0,4.88,4.88,6400.0,0.0,1.0,3.5709812482917,3.658792262594,3.5709812482917,3.5709812482917,6400.0
1996-12-27,4.88,5.12,4.88,5.0,20800.0,0.0,1.0,3.5709812482917,3.7466032768963,3.5709812482917,3.658792262594,20800.0
1996-12-30,4.88,5.12,4.88,4.88,67600.0,0.0,1.0,3.5709812482917,3.7466032768963,3.5709812482917,3.5709812482917,67600.0
1996-12-31,4.88,5.0,4.75,5.0,64200.0,0.0,1.0,3.5709812482917,3.658792262594,3.4758526494643,3.658792262594,64200.0
1997-01-02,5.125,5.125,4.813,4.875,6400.0,0.0,1.0,3.7502620691588,3.7502620691588,3.521953431973,3.5673224560291,6400.0
1997-01-03,5.0,5.0,4.75,5.0,4300.0,0.0,1.0,3.658792262594,3.658792262594,3.4758526494643,3.658792262594,4300.0
1997-01-06,5.0,5.125,4.75,5.125,4100.0,0.0,1.0,3.658792262594,3.7502620691588,3.4758526494643,3.7502620691588,4100.0
1997-01-07,5.0,5.125,4.75,5.0,10700.0,0.0,1.0,3.658792262594,3.7502620691588,3.4758526494643,3.658792262594,10700.0
1997-01-08,4.875,5.125,4.75,4.75,8100.0,0.0,1.0,3.5673224560291,3.7502620691588,3.4758526494643,3.4758526494643,8100.0
1997-01-09,5.125,5.125,4.875,5.125,3400.0,0.0,1.0,3.7502620691588,3.7502620691588,3.5673224560291,3.7502620691588,3400.0
1997-01-10,4.875,5.125,4.875,5.0,19800.0,0.0,1.0,3.5673224560291,3.7502620691588,3.5673224560291,3.658792262594,19800.0
1997-01-13,4.875,5.125,4.875,4.875,12700.0,0.0,1.0,3.5673224560291,3.7502620691588,3.5673224560291,3.5673224560291,12700.0
1997-01-14,4.938,5.0,4.625,4.625,75400.0,0.0,1.0,3.6134232385378,3.658792262594,3.3843828428994,3.3843828428994,75400.0
1997-01-15,4.75,4.875,4.5,4.75,16000.0,0.0,1.0,3.4758526494643,3.5673224560291,3.2929130363346,3.4758526494643,16000.0
1997-01-16,4.875,4.875,4.625,4.875,3300.0,0.0,1.0,3.5673224560291,3.5673224560291,3.3843828428994,3.5673224560291,3300.0
1997-01-17,4.875,4.875,4.875,4.875,1500.0,0.0,1.0,3.5673224560291,3.5673224560291,3.5673224560291,3.5673224560291,1500.0
1997-01-20,4.625,4.75,4.625,4.75,2900.0,0.0,1.0,3.3843828428994,3.4758526494643,3.3843828428994,3.4758526494643,2900.0
1997-01-21,4.5,4.875,4.5,4.875,4400.0,0.0,1.0,3.2929130363346,3.5673224560291,3.2929130363346,3.5673224560291,4400.0
1997-01-22,4.625,4.875,4.625,4.875,7600.0,0.0,1.0,3.3843828428994,3.5673224560291,3.3843828428994,3.5673224560291,7600.0
1997-01-23,4.875,4.875,4.625,4.75,10300.0,0.0,1.0,3.5673224560291,3.5673224560291,3.3843828428994,3.4758526494643,10300.0
1997-01-24,5.0,5.0,4.75,4.75,4800.0,0.0,1.0,3.658792262594,3.658792262594,3.4758526494643,3.4758526494643,4800.0
1997-01-27,5.0,5.0,4.75,4.75,3800.0,0.0,1.0,3.658792262594,3.658792262594,3.4758526494643,3.4758526494643,3800.0
1997-01-28,5.0,5.0,4.75,5.0,6400.0,0.0,1.0,3.658792262594,3.658792262594,3.4758526494643,3.658792262594,6400.0
1997-01-29,5.0,5.0,4.875,4.875,29600.0,0.0,1.0,3.658792262594,3.658792262594,3.5673224560291,3.5673224560291,29600.0
1997-01-30,4.875,4.875,4.875,4.875,3000.0,0.0,1.0,3.5673224560291,3.5673224560291,3.5673224560291,3.5673224560291,3000.0
1997-01-31,4.75,5.125,4.75,4.938,85200.0,0.0,1.0,3.4758526494643,3.7502620691588,3.4758526494643,3.6134232385378,85200.0
1997-02-03,4.875,5.125,4.75,4.75,3300.0,0.0,1.0,3.5673224560291,3.7502620691588,3.4758526494643,3.4758526494643,3300.0
1997-02-04,4.75,5.125,4.75,4.984,15800.0,0.0,1.0,3.4758526494643,3.7502620691588,3.4758526494643,3.6470841273537,15800.0
1997-02-05,4.875,5.125,4.875,5.0,68500.0,0.0,1.0,3.5673224560291,3.7502620691588,3.5673224560291,3.658792262594,68500.0
1997-02-06,4.75,5.0,4.75,5.0,3400.0,0.0,1.0,3.4758526494643,3.658792262594,3.4758526494643,3.658792262594,3400.0
1997-02-07,4.75,4.75,4.75,4.75,3000.0,0.0,1.0,3.4758526494643,3.4758526494643,3.4758526494643,3.4758526494643,3000.0
1997-02-10,5.0,5.0,4.75,4.875,102900.0,0.0,1.0,3.658792262594,3.658792262594,3.4758526494643,3.5673224560291,102900.0
1997-02-11,5.0,5.0,4.75,5.0,2700.0,0.0,1.0,3.658792262594,3.658792262594,3.4758526494643,3.658792262594,2700.0
1997-02-12,5.0,5.0,4.75,5.0,81600.0,0.0,1.0,3.658792262594,3.658792262594,3.4758526494643,3.658792262594,81600.0
1997-02-13,4.875,5.125,4.875,5.125,5200.0,0.0,1.0,3.5673224560291,3.7502620691588,3.5673224560291,3.7502620691588,5200.0
1997-02-14,5.125,5.125,4.875,4.875,1800.0,0.0,1.0,3.7502620691588,3.7502620691588,3.5673224560291,3.5673224560291,1800.0
1997-02-18,4.938,4.938,4.875,4.938,4000.0,0.0,1.0,3.6134232385378,3.6134232385378,3.5673224560291,3.6134232385378,4000.0
1997-02-19,5.0,5.5,4.875,5.5,71800.0,0.0,1.0,3.658792262594,4.0246714888534,3.5673224560291,4.0246714888534,71800.0
1997-02-20,5.5,5.5,5.25,5.375,8100.0,0.0,1.0,4.0246714888534,4.0246714888534,3.8417318757237,3.9332016822885,8100.0
1997-02-21,5.625,5.625,5.25,5.625,4000.0,0.0,1.0,4.1161412954182,4.1161412954182,3.8417318757237,4.1161412954182,4000.0
1997-02-24,5.75,5.75,5.375,5.75,1800.0,0.0,1.0,4.2076111019831,4.2076111019831,3.9332016822885,4.2076111019831,1800.0
1997-02-25,5.625,5.75,5.5,5.5,20700.0,0.0,1.0,4.1161412954182,4.2076111019831,4.0246714888534,4.0246714888534,20700.0
1997-02-26,5.625,5.625,5.5,5.625,6400.0,0.0,1.0,4.1161412954182,4.1161412954182,4.0246714888534,4.1161412954182,6400.0
1997-02-27,5.625,5.625,5.375,5.625,3500.0,0.0,1.0,4.1161412954182,4.1161412954182,3.9332016822885,4.1161412954182,3500.0
1997-02-28,5.75,5.75,5.75,5.75,12500.0,0.0,1.0,4.2076111019831,4.2076111019831,4.2076111019831,4.2076111019831,12500.0
1997-03-03,5.375,5.75,5.375,5.625,2300.0,0.0,1.0,3.9332016822885,4.2076111019831,3.9332016822885,4.1161412954182,2300.0
1997-03-04,5.75,5.75,5.75,5.75,4200.0,0.0,1.0,4.2076111019831,4.2076111019831,4.2076111019831,4.2076111019831,4200.0
1997-03-05,5.75,6.25,5.75,6.125,33300.0,0.0,1.0,4.2076111019831,4.5734903282425,4.2076111019831,4.4820205216776,33300.0
1997-03-06,6.0,6.25,5.875,6.0,61900.0,0.0,1.0,4.3905507151128,4.5734903282425,4.2990809085479,4.3905507151128,61900.0
1997-03-07,6.0,6.0,6.0,6.0,0.0,0.0,1.0,4.3905507151128,4.3905507151128,4.3905507151128,4.3905507151128,0.0
1997-03-10,6.0,6.0,5.875,6.0,3800.0,0.0,1.0,4.3905507151128,4.3905507151128,4.2990809085479,4.3905507151128,3800.0
1997-03-11,6.0,6.0,6.0,6.0,2600.0,0.0,1.0,4.3905507151128,4.3905507151128,4.3905507151128,4.3905507151128,2600.0
1997-03-12,6.25,6.25,6.0,6.25,19400.0,0.0,1.0,4.5734903282425,4.5734903282425,4.3905507151128,4.5734903282425,19400.0
1997-03-13,6.0,6.25,6.0,6.125,26000.0,0.0,1.0,4.3905507151128,4.5734903282425,4.3905507151128,4.4820205216776,26000.0
1997-03-14,5.875,6.0,5.875,6.0,7400.0,0.0,1.0,4.2990809085479,4.3905507151128,4.2990809085479,4.3905507151128,7400.0
1997-03-17,5.875,6.25,5.875,6.25,11400.0,0.0,1.0,4.2990809085479,4.5734903282425,4.2990809085479,4.5734903282425,11400.0
1997-03-18,5.875,6.25,5.875,5.875,89300.0,0.0,1.0,4.2990809085479,4.5734903282425,4.2990809085479,4.2990809085479,89300.0
1997-03-19,6.25,6.25,5.875,5.875,4300.0,0.0,1.0,4.5734903282425,4.5734903282425,4.2990809085479,4.2990809085479,4300.0
1997-03-20,5.88,5.88,5.88,5.88,0.0,0.0,1.0,4.3027397008105,4.3027397008105,4.3027397008105,4.3027397008105,0.0
1997-03-21,6.125,6.125,5.875,6.0,1700.0,0.0,1.0,4.4820205216776,4.4820205216776,4.2990809085479,4.3905507151128,1700.0
1997-03-24,6.0,6.0,6.0,6.0,0.0,0.0,1.0,4.3905507151128,4.3905507151128,4.3905507151128,4.3905507151128,0.0
1997-03-25,6.0,6.25,6.0,6.0,14200.0,0.0,1.0,4.3905507151128,4.5734903282425,4.3905507151128,4.3905507151128,14200.0
1997-03-26,6.0,6.125,6.0,6.125,12900.0,0.0,1.0,4.3905507151128,4.4820205216776,4.3905507151128,4.4820205216776,12900.0
1997-03-27,6.125,6.125,6.0,6.125,1700.0,0.0,1.0,4.4820205216776,4.4820205216776,4.3905507151128,4.4820205216776,1700.0
1997-03-31,6.0,6.25,5.875,5.875,44700.0,0.0,1.0,4.3905507151128,4.5734903282425,4.2990809085479,4.2990809085479,44700.0
1997-04-01,5.875,5.875,5.875,5.875,1000.0,0.0,1.0,4.2990809085479,4.2990809085479,4.2990809085479,4.2990809085479,1000.0
1997-04-02,5.75,5.875,5.75,5.75,14800.0,0.0,1.0,4.2076111019831,4.2990809085479,4.2076111019831,4.2076111019831,14800.0
1997-04-03,5.75,5.75,5.75,5.75,1200.0,0.0,1.0,4.2076111019831,4.2076111019831,4.2076111019831,4.2076111019831,1200.0
1997-04-04,5.75,5.875,5.75,5.875,8500.0,0.0,1.0,4.2076111019831,4.2990809085479,4.2076111019831,4.2990809085479,8500.0
1997-04-07,6.0,6.0,5.75,5.75,1100.0,0.0,1.0,4.3905507151128,4.3905507151128,4.2076111019831,4.2076111019831,1100.0
1997-04-08,5.75,5.875,5.75,5.875,4100.0,0.0,1.0,4.2076111019831,4.2990809085479,4.2076111019831,4.2990809085479,4100.0
1997-04-09,6.0,6.0,5.75,6.0,1800.0,0.0,1.0,4.3905507151128,4.3905507151128,4.2076111019831,4.3905507151128,1800.0
1997-04-10,6.0,6.0,6.0,6.0,0.0,0.0,1.0,4.3905507151128,4.3905507151128,4.3905507151128,4.3905507151128,0.0
1997-04-11,5.875,5.875,5.75,5.875,2000.0,0.0,1.0,4.2990809085479,4.2990809085479,4.2076111019831,4.2990809085479,2000.0
1997-04-14,6.0,6.0,5.75,5.875,1100.0,0.0,1.0,4.3905507151128,4.3905507151128,4.2076111019831,4.2990809085479,1100.0
1997-04-15,6.0,6.375,6.0,6.25,138700.0,0.0,1.0,4.3905507151128,4.6649601348073,4.3905507151128,4.5734903282425,138700.0
1997-04-16,6.0,6.0,6.0,6.0,500.0,0.0,1.0,4.3905507151128,4.3905507151128,4.3905507151128,4.3905507151128,500.0
1997-04-17,6.0,6.0,6.0,6.0,800.0,0.0,1.0,4.3905507151128,4.3905507151128,4.3905507151128,4.3905507151128,800.0
1997-04-18,6.25,6.25,6.0,6.25,10200.0,0.0,1.0,4.5734903282425,4.5734903282425,4.3905507151128,4.5734903282425,10200.0
1997-04-21,6.125,6.25,6.125,6.25,7500.0,0.0,1.0,4.4820205216776,4.5734903282425,4.4820205216776,4.5734903282425,7500.0
1997-04-22,6.125,6.25,6.125,6.25,41700.0,0.0,1.0,4.4820205216776,4.5734903282425,4.4820205216776,4.5734903282425,41700.0
1997-04-23,6.125,6.25,6.125,6.25,23100.0,0.0,1.0,4.4820205216776,4.5734903282425,4.4820205216776,4.5734903282425,23100.0
1997-04-24,6.125,6.125,6.125,6.125,1000.0,0.0,1.0,4.4820205216776,4.4820205216776,4.4820205216776,4.4820205216776,1000.0
1997-04-25,6.375,6.375,6.375,6.375,200.0,0.0,1.0,4.6649601348073,4.6649601348073,4.6649601348073,4.6649601348073,200.0
1997-04-28,6.25,6.25,6.125,6.219,1900.0,0.0,1.0,4.5734903282425,4.5734903282425,4.4820205216776,4.5508058162144,1900.0
1997-04-29,6.375,6.375,6.125,6.375,87100.0,0.0,1.0,4.6649601348073,4.6649601348073,4.4820205216776,4.6649601348073,87100.0
1997-04-30,6.0,6.25,6.0,6.0,2100.0,0.0,1.0,4.3905507151128,4.5734903282425,4.3905507151128,4.3905507151128,2100.0
1997-05-01,6.25,6.375,6.0,6.0,4900.0,0.0,1.0,4.5734903282425,4.6649601348073,4.3905507151128,4.3905507151128,4900.0
1997-05-02,6.0,6.0,6.0,6.0,200.0,0.0,1.0,4.3905507151128,4.3905507151128,4.3905507151128,4.3905507151128,200.0
1997-05-05,6.0,6.188,6.0,6.0,4000.0,0.0,1.0,4.3905507151128,4.5281213041863,4.3905507151128,4.3905507151128,4000.0
1997-05-06,6.0,6.125,6.0,6.125,29100.0,0.0,1.0,4.3905507151128,4.4820205216776,4.3905507151128,4.4820205216776,29100.0
1997-05-07,6.0,6.125,6.0,6.063,12000.0,0.0,1.0,4.3905507151128,4.4820205216776,4.3905507151128,4.4366514976215,12000.0
1997-05-08,6.125,6.125,6.125,6.125,1500.0,0.0,1.0,4.4820205216776,4.4820205216776,4.4820205216776,4.4820205216776,1500.0
1997-05-09,6.25,6.25,6.0,6.188,3000.0,0.0,1.0,4.5734903282425,4.5734903282425,4.3905507151128,4.5281213041863,3000.0
1997-05-12,6.19,6.19,6.19,6.19,0.0,0.0,1.0,4.5295848210914,4.5295848210914,4.5295848210914,4.5295848210914,0.0
1997-05-13,6.19,6.19,6.19,6.19,0.0,0.0,1.0,4.5295848210914,4.5295848210914,4.5295848210914,4.5295848210914,0.0
1997-05-14,6.125,6.125,6.125,6.125,600.0,0.0,1.0,4.4820205216776,4.4820205216776,4.4820205216776,4.4820205216776,600.0
1997-05-15,6.125,6.25,6.125,6.125,14200.0,0.0,1.0,4.4820205216776,4.5734903282425,4.4820205216776,4.4820205216776,14200.0
1997-05-16,6.125,6.125,6.016,6.016,4000.0,0.0,1.0,4.4820205216776,4.4820205216776,4.4022588503531,4.4022588503531,4000.0
1997-05-19,6.125,6.25,6.125,6.25,5500.0,0.0,1.0,4.4820205216776,4.5734903282425,4.4820205216776,4.5734903282425,5500.0
1997-05-20,6.25,6.25,6.0,6.0,12000.0,0.0,1.0,4.5734903282425,4.5734903282425,4.3905507151128,4.3905507151128,12000.0
1997-05-21,6.0,6.25,6.0,6.25,18500.0,0.0,1.0,4.3905507151128,4.5734903282425,4.3905507151128,4.5734903282425,18500.0
1997-05-22,6.0,6.25,6.0,6.25,13500.0,0.0,1.0,4.3905507151128,4.5734903282425,4.3905507151128,4.5734903282425,13500.0
1997-05-23,6.0,6.125,6.0,6.125,3500.0,0.0,1.0,4.3905507151128,4.4820205216776,4.3905507151128,4.4820205216776,3500.0
1997-05-27,6.0,6.125,6.0,6.125,3300.0,0.0,1.0,4.3905507151128,4.4820205216776,4.3905507151128,4.4820205216776,3300.0
1997-05-28,6.25,6.25,6.25,6.25,5000.0,0.0,1.0,4.5734903282425,4.5734903282425,4.5734903282425,4.5734903282425,5000.0
1997-05-29,6.0,6.0,6.0,6.0,3500.0,0.0,1.0,4.3905507151128,4.3905507151128,4.3905507151128,4.3905507151128,3500.0
1997-05-30,6.0,6.0,6.0,6.0,8700.0,0.0,1.0,4.3905507151128,4.3905507151128,4.3905507151128,4.3905507151128,8700.0
1997-06-02,6.125,6.25,6.0,6.25,7200.0,0.0,1.0,4.4820205216776,4.5734903282425,4.3905507151128,4.5734903282425,7200.0
1997-06-03,6.0,6.016,6.0,6.016,4500.0,0.0,1.0,4.3905507151128,4.4022588503531,4.3905507151128,4.4022588503531,4500.0
1997-06-04,6.0,6.234,6.0,6.234,600.0,0.0,1.0,4.3905507151128,4.5617821930022,4.3905507151128,4.5617821930022,600.0
1997-06-05,6.25,6.25,6.25,6.25,2800.0,0.0,1.0,4.5734903282425,4.5734903282425,4.5734903282425,4.5734903282425,2800.0
1997-06-06,6.0,6.25,6.0,6.25,7700.0,0.0,1.0,4.3905507151128,4.5734903282425,4.3905507151128,4.5734903282425,7700.0
1997-06-09,6.25,6.25,6.0,6.25,5200.0,0.0,1.0,4.5734903282425,4.5734903282425,4.3905507151128,4.5734903282425,5200.0
1997-06-10,6.0,6.25,6.0,6.25,5100.0,0.0,1.0,4.3905507151128,4.5734903282425,4.3905507151128,4.5734903282425,5100.0
1997-06-11,6.125,6.375,6.125,6.125,5400.0,0.0,1.0,4.4820205216776,4.6649601348073,4.4820205216776,4.4820205216776,5400.0
1997-06-12,6.375,7.0,6.25,6.875,65500.0,0.0,1.0,4.6649601348073,5.1223091676316,4.5734903282425,5.0308393610667,65500.0
1997-06-13,7.0,7.5,7.0,7.375,28200.0,0.0,1.0,5.1223091676316,5.488188393891,5.1223091676316,5.3967185873261,28200.0
1997-06-16,7.25,7.625,7.25,7.625,11500.0,0.0,1.0,5.3052487807613,5.5796582004558,5.3052487807613,5.5796582004558,11500.0
1997-06-17,7.375,7.375,6.875,6.875,23100.0,0.0,1.0,5.3967185873261,5.3967185873261,5.0308393610667,5.0308393610667,23100.0
1997-06-18,7.0,7.0,6.938,6.938,6200.0,0.0,1.0,5.1223091676316,5.1223091676316,5.0769401435754,5.0769401435754,6200.0
1997-06-19,6.875,7.0,6.75,6.813,15000.0,0.0,1.0,5.0308393610667,5.1223091676316,4.9393695545019,4.9854703370106,15000.0
1997-06-20,6.75,6.75,6.75,6.75,2600.0,0.0,1.0,4.9393695545019,4.9393695545019,4.9393695545019,4.9393695545019,2600.0
1997-06-23,7.0,7.0,7.0,7.0,600.0,0.0,1.0,5.1223091676316,5.1223091676316,5.1223091676316,5.1223091676316,600.0
1997-06-24,6.75,6.75,6.75,6.75,2500.0,0.0,1.0,4.9393695545019,4.9393695545019,4.9393695545019,4.9393695545019,2500.0
1997-06-25,6.563,6.688,6.5,6.5,17800.0,0.0,1.0,4.8025307238809,4.8940005304457,4.7564299413722,4.7564299413722,17800.0
1997-06-26,6.75,6.75,6.5,6.5,700.0,0.0,1.0,4.9393695545019,4.9393695545019,4.7564299413722,4.7564299413722,700.0
1997-06-27,6.5,7.0,6.5,6.875,17800.0,0.0,1.0,4.7564299413722,5.1223091676316,4.7564299413722,5.0308393610667,17800.0
1997-06-30,7.0,7.125,6.875,6.875,4000.0,0.0,1.0,5.1223091676316,5.2137789741964,5.0308393610667,5.0308393610667,4000.0
1997-07-01,7.125,7.25,7.0,7.25,8600.0,0.0,1.0,5.2137789741964,5.3052487807613,5.1223091676316,5.3052487807613,8600.0
1997-07-02,7.25,7.25,6.875,7.25,5700.0,0.0,1.0,5.3052487807613,5.3052487807613,5.0308393610667,5.3052487807613,5700.0
1997-07-03,7.25,7.25,7.25,7.25,0.0,0.0,1.0,5.3052487807613,5.3052487807613,5.3052487807613,5.3052487807613,0.0
1997-07-07,6.75,6.75,6.75,6.75,100.0,0.0,1.0,4.9393695545019,4.9393695545019,4.9393695545019,4.9393695545019,100.0
1997-07-08,6.75,6.75,6.75,6.75,500.0,0.0,1.0,4.9393695545019,4.9393695545019,4.9393695545019,4.9393695545019,500.0
1997-07-09,6.75,7.25,6.75,6.75,6200.0,0.0,1.0,4.9393695545019,5.3052487807613,4.9393695545019,4.9393695545019,6200.0
1997-07-10,6.75,7.25,6.75,6.75,0.0,0.0,1.0,4.9393695545019,5.3052487807613,4.9393695545019,4.9393695545019,0.0
1997-07-11,6.75,6.75,6.75,6.75,4900.0,0.0,1.0,4.9393695545019,4.9393695545019,4.9393695545019,4.9393695545019,4900.0
1997-07-14,6.75,6.75,6.75,6.75,0.0,0.0,1.0,4.9393695545019,4.9393695545019,4.9393695545019,4.9393695545019,0.0
1997-07-15,6.75,6.88,6.75,6.75,7000.0,0.0,1.0,4.9393695545019,5.0344981533293,4.9393695545019,4.9393695545019,7000.0
1997-07-16,6.75,6.875,6.75,6.75,26000.0,0.0,1.0,4.9393695545019,5.0308393610667,4.9393695545019,4.9393695545019,26000.0
1997-07-17,6.75,6.75,6.75,6.75,6600.0,0.0,1.0,4.9393695545019,4.9393695545019,4.9393695545019,4.9393695545019,6600.0
1997-07-18,6.75,6.75,6.5,6.75,6000.0,0.0,1.0,4.9393695545019,4.9393695545019,4.7564299413722,4.9393695545019,6000.0
1997-07-21,6.5,6.5,6.5,6.5,1000.0,0.0,1.0,4.7564299413722,4.7564299413722,4.7564299413722,4.7564299413722,1000.0
1997-07-22,6.5,6.5,6.5,6.5,0.0,0.0,1.0,4.7564299413722,4.7564299413722,4.7564299413722,4.7564299413722,0.0
1997-07-23,6.62,6.75,6.5,6.62,2300.0,0.0,1.0,4.8442409556745,4.9393695545019,4.7564299413722,4.8442409556745,2300.0
1997-07-24,7.0,7.0,6.75,7.0,29200.0,0.0,1.0,5.1223091676316,5.1223091676316,4.9393695545019,5.1223091676316,29200.0
1997-07-25,7.0,7.25,6.875,7.0,10300.0,0.0,1.0,5.1223091676316,5.3052487807613,5.0308393610667,5.1223091676316,10300.0
1997-07-28,7.0,7.25,7.0,7.25,4100.0,0.0,1.0,5.1223091676316,5.3052487807613,5.1223091676316,5.3052487807613,4100.0
1997-07-29,6.75,6.75,6.75,6.75,700.0,0.0,1.0,4.9393695545019,4.9393695545019,4.9393695545019,4.9393695545019,700.0
1997-07-30,6.75,7.25,6.75,7.25,0.0,0.0,1.0,4.9393695545019,5.3052487807613,4.9393695545019,5.3052487807613,0.0
1997-07-31,6.75,6.75,6.75,6.75,500.0,0.0,1.0,4.9393695545019,4.9393695545019,4.9393695545019,4.9393695545019,500.0
1997-08-01,6.75,7.0,6.75,7.0,24100.0,0.0,1.0,4.9393695545019,5.1223091676316,4.9393695545019,5.1223091676316,24100.0
1997-08-04,6.75,7.063,6.75,6.75,16100.0,0.0,1.0,4.9393695545019,5.1684099501403,4.9393695545019,4.9393695545019,16100.0
1997-08-05,6.75,6.75,6.75,6.75,0.0,0.0,1.0,4.9393695545019,4.9393695545019,4.9393695545019,4.9393695545019,0.0
1997-08-06,6.625,6.625,6.625,6.625,2300.0,0.0,1.0,4.847899747937,4.847899747937,4.847899747937,4.847899747937,2300.0
1997-08-07,6.625,7.125,6.625,7.125,19800.0,0.0,1.0,4.847899747937,5.2137789741964,4.847899747937,5.2137789741964,19800.0
1997-08-08,7.125,7.125,6.75,7.125,1100.0,0.0,1.0,5.2137789741964,5.2137789741964,4.9393695545019,5.2137789741964,1100.0
1997-08-11,6.75,7.125,6.75,6.75,4400.0,0.0,1.0,4.9393695545019,5.2137789741964,4.9393695545019,4.9393695545019,4400.0
1997-08-12,6.75,6.75,6.75,6.75,0.0,0.0,1.0,4.9393695545019,4.9393695545019,4.9393695545019,4.9393695545019,0.0
1997-08-13,7.125,7.125,6.75,7.0,9400.0,0.0,1.0,5.2137789741964,5.2137789741964,4.9393695545019,5.1223091676316,9400.0
1997-08-14,7.125,7.125,7.125,7.125,3300.0,0.0,1.0,5.2137789741964,5.2137789741964,5.2137789741964,5.2137789741964,3300.0
1997-08-15,6.75,6.875,6.75,6.875,3000.0,0.0,1.0,4.9393695545019,5.0308393610667,4.9393695545019,5.0308393610667,3000.0
1997-08-18,7.0,7.0,6.875,6.875,1700.0,0.0,1.0,5.1223091676316,5.1223091676316,5.0308393610667,5.0308393610667,1700.0
1997-08-19,7.125,7.125,6.875,6.875,17400.0,0.0,1.0,5.2137789741964,5.2137789741964,5.0308393610667,5.0308393610667,17400.0
1997-08-20,7.0,7.0,6.75,7.0,1700.0,0.0,1.0,5.1223091676316,5.1223091676316,4.9393695545019,5.1223091676316,1700.0
1997-08-21,6.75,7.188,6.75,7.125,13400.0,0.0,1.0,4.9393695545019,5.2598797567051,4.9393695545019,5.2137789741964,13400.0
1997-08-22,6.875,7.125,6.875,6.875,900.0,0.0,1.0,5.0308393610667,5.2137789741964,5.0308393610667,5.0308393610667,900.0
1997-08-25,6.88,6.88,6.88,6.88,0.0,0.0,1.0,5.0344981533293,5.0344981533293,5.0344981533293,5.0344981533293,0.0
1997-08-26,6.75,6.75,6.75,6.75,500.0,0.0,1.0,4.9393695545019,4.9393695545019,4.9393695545019,4.9393695545019,500.0
1997-08-27,6.75,7.125,6.75,7.125,15000.0,0.0,1.0,4.9393695545019,5.2137789741964,4.9393695545019,5.2137789741964,15000.0
1997-08-28,7.0,7.375,7.0,7.375,18000.0,0.0,1.0,5.1223091676316,5.3967185873261,5.1223091676316,5.3967185873261,18000.0
1997-08-29,7.125,7.375,7.125,7.125,10800.0,0.0,1.0,5.2137789741964,5.3967185873261,5.2137789741964,5.2137789741964,10800.0
1997-09-02,7.25,7.5,7.25,7.5,22200.0,0.0,1.0,5.3052487807613,5.488188393891,5.3052487807613,5.488188393891,22200.0
1997-09-03,8.0,9.125,7.375,8.5,166600.0,0.0,1.0,5.8540676201504,6.677295879234,5.3967185873261,6.2199468464098,166600.0
1997-09-04,8.375,8.75,7.875,8.25,49700.0,0.0,1.0,6.1284770398449,6.4028864595395,5.7625978135855,6.0370072332801,49700.0
1997-09-05,8.25,8.25,7.75,7.75,22100.0,0.0,1.0,6.0370072332801,6.0370072332801,5.6711280070207,5.6711280070207,22100.0
1997-09-08,7.75,7.813,7.75,7.813,5500.0,0.0,1.0,5.6711280070207,5.7172287895294,5.6711280070207,5.7172287895294,5500.0
1997-09-09,7.625,8.0,7.5,7.5,9900.0,0.0,1.0,5.5796582004558,5.8540676201504,5.488188393891,5.488188393891,9900.0
1997-09-10,7.5,7.5,7.5,7.5,200.0,0.0,1.0,5.488188393891,5.488188393891,5.488188393891,5.488188393891,200.0
1997-09-11,7.5,7.625,7.125,7.125,12700.0,0.0,1.0,5.488188393891,5.5796582004558,5.2137789741964,5.2137789741964,12700.0
1997-09-12,7.25,7.625,7.125,7.25,4700.0,0.0,1.0,5.3052487807613,5.5796582004558,5.2137789741964,5.3052487807613,4700.0
1997-09-15,7.625,7.625,7.25,7.625,2400.0,0.0,1.0,5.5796582004558,5.5796582004558,5.3052487807613,5.5796582004558,2400.0
1997-09-16,7.625,7.625,7.25,7.25,800.0,0.0,1.0,5.5796582004558,5.5796582004558,5.3052487807613,5.3052487807613,800.0
1997-09-17,7.25,7.25,7.25,7.25,400.0,0.0,1.0,5.3052487807613,5.3052487807613,5.3052487807613,5.3052487807613,400.0
1997-09-18,7.75,8.0,7.625,8.0,10400.0,0.0,1.0,5.6711280070207,5.8540676201504,5.5796582004558,5.8540676201504,10400.0
1997-09-19,8.125,8.25,8.0,8.25,15600.0,0.0,1.0,5.9455374267152,6.0370072332801,5.8540676201504,6.0370072332801,15600.0
1997-09-22,8.5,8.5,8.0,8.5,23200.0,0.0,1.0,6.2199468464098,6.2199468464098,5.8540676201504,6.2199468464098,23200.0
1997-09-23,8.25,8.625,8.25,8.5,13100.0,0.0,1.0,6.0370072332801,6.3114166529746,6.0370072332801,6.2199468464098,13100.0
1997-09-24,8.5,8.75,8.5,8.5,7200.0,0.0,1.0,6.2199468464098,6.4028864595395,6.2199468464098,6.2199468464098,7200.0
1997-09-25,8.5,8.5,8.5,8.5,3000.0,0.0,1.0,6.2199468464098,6.2199468464098,6.2199468464098,6.2199468464098,3000.0
1997-09-26,8.25,8.5,8.188,8.188,4600.0,0.0,1.0,6.0370072332801,6.2199468464098,5.9916382092239,5.9916382092239,4600.0
1997-09-29,8.063,8.063,8.0,8.0,300.0,0.0,1.0,5.9001684026591,5.9001684026591,5.8540676201504,5.8540676201504,300.0
1997-09-30,8.25,8.25,8.0,8.25,10600.0,0.0,1.0,6.0370072332801,6.0370072332801,5.8540676201504,6.0370072332801,10600.0
1997-10-01,8.375,8.375,8.0,8.375,5500.0,0.0,1.0,6.1284770398449,6.1284770398449,5.8540676201504,6.1284770398449,5500.0
1997-10-02,8.125,8.313,8.125,8.313,5000.0,0.0,1.0,5.9455374267152,6.0831080157888,5.9455374267152,6.0831080157888,5000.0
1997-10-03,8.5,8.5,8.125,8.5,40000.0,0.0,1.0,6.2199468464098,6.2199468464098,5.9455374267152,6.2199468464098,40000.0
1997-10-06,8.375,8.375,8.375,8.375,500.0,0.0,1.0,6.1284770398449,6.1284770398449,6.1284770398449,6.1284770398449,500.0
1997-10-07,8.125,8.25,8.125,8.125,9800.0,0.0,1.0,5.9455374267152,6.0370072332801,5.9455374267152,5.9455374267152,9800.0
1997-10-08,8.375,8.375,8.125,8.25,1600.0,0.0,1.0,6.1284770398449,6.1284770398449,5.9455374267152,6.0370072332801,1600.0
1997-10-09,8.125,8.375,8.125,8.375,7500.0,0.0,1.0,5.9455374267152,6.1284770398449,5.9455374267152,6.1284770398449,7500.0
1997-10-10,8.125,8.5,8.125,8.188,7400.0,0.0,1.0,5.9455374267152,6.2199468464098,5.9455374267152,5.9916382092239,7400.0
1997-10-13,8.5,8.625,8.375,8.5,25000.0,0.0,1.0,6.2199468464098,6.3114166529746,6.1284770398449,6.2199468464098,25000.0
1997-10-14,8.5,8.75,8.125,8.5,35400.0,0.0,1.0,6.2199468464098,6.4028864595395,5.9455374267152,6.2199468464098,35400.0
1997-10-15,8.625,8.625,8.25,8.25,3900.0,0.0,1.0,6.3114166529746,6.3114166529746,6.0370072332801,6.0370072332801,3900.0
1997-10-16,8.25,8.25,8.25,8.25,1300.0,0.0,1.0,6.0370072332801,6.0370072332801,6.0370072332801,6.0370072332801,1300.0
1997-10-17,8.25,8.5,8.125,8.25,2100.0,0.0,1.0,6.0370072332801,6.2199468464098,5.9455374267152,6.0370072332801,2100.0
1997-10-20,8.5,8.5,8.25,8.25,3600.0,0.0,1.0,6.2199468464098,6.2199468464098,6.0370072332801,6.0370072332801,3600.0
1997-10-21,8.5,8.5,8.25,8.25,2600.0,0.0,1.0,6.2199468464098,6.2199468464098,6.0370072332801,6.0370072332801,2600.0
1997-10-22,8.25,8.75,8.25,8.5,11600.0,0.0,1.0,6.0370072332801,6.4028864595395,6.0370072332801,6.2199468464098,11600.0
1997-10-23,8.25,8.25,8.25,8.25,12500.0,0.0,1.0,6.0370072332801,6.0370072332801,6.0370072332801,6.0370072332801,12500.0
1997-10-24,8.625,8.625,8.25,8.625,2600.0,0.0,1.0,6.3114166529746,6.3114166529746,6.0370072332801,6.3114166529746,2600.0
1997-10-27,7.875,8.625,7.875,7.875,600.0,0.0,1.0,5.7625978135855,6.3114166529746,5.7625978135855,5.7625978135855,600.0
1997-10-28,7.875,8.375,7.625,7.875,15600.0,0.0,1.0,5.7625978135855,6.1284770398449,5.5796582004558,5.7625978135855,15600.0
1997-10-29,8.0,8.625,7.875,8.125,4600.0,0.0,1.0,5.8540676201504,6.3114166529746,5.7625978135855,5.9455374267152,4600.0
1997-10-30,8.125,8.125,7.75,7.75,6700.0,0.0,1.0,5.9455374267152,5.9455374267152,5.6711280070207,5.6711280070207,6700.0
1997-10-31,7.75,8.25,7.563,7.75,8900.0,0.0,1.0,5.6711280070207,6.0370072332801,5.5342891763997,5.6711280070207,8900.0
1997-11-03,8.25,8.5,8.0,8.375,10200.0,0.0,1.0,6.0370072332801,6.2199468464098,5.8540676201504,6.1284770398449,10200.0
1997-11-04,8.25,8.25,8.25,8.25,3000.0,0.0,1.0,6.0370072332801,6.0370072332801,6.0370072332801,6.0370072332801,3000.0
1997-11-05,8.125,8.125,8.125,8.125,1000.0,0.0,1.0,5.9455374267152,5.9455374267152,5.9455374267152,5.9455374267152,1000.0
1997-11-06,8.5,8.5,7.625,7.625,500.0,0.0,1.0,6.2199468464098,6.2199468464098,5.5796582004558,5.5796582004558,500.0
1997-11-07,8.125,8.5,7.75,8.5,10100.0,0.0,1.0,5.9455374267152,6.2199468464098,5.6711280070207,6.2199468464098,10100.0
1997-11-10,7.5,8.0,7.5,7.625,4300.0,0.0,1.0,5.488188393891,5.8540676201504,5.488188393891,5.5796582004558,4300.0
1997-11-11,8.0,8.0,7.5,7.875,4900.0,0.0,1.0,5.8540676201504,5.8540676201504,5.488188393891,5.7625978135855,4900.0
1997-11-12,7.875,7.875,7.875,7.875,200.0,0.0,1.0,5.7625978135855,5.7625978135855,5.7625978135855,5.7625978135855,200.0
1997-11-13,7.75,7.75,7.5,7.5,16000.0,0.0,1.0,5.6711280070207,5.6711280070207,5.488188393891,5.488188393891,16000.0
1997-11-14,7.75,7.75,7.75,7.75,800.0,0.0,1.0,5.6711280070207,5.6711280070207,5.6711280070207,5.6711280070207,800.0
1997-11-17,7.75,7.75,7.75,7.75,0.0,0.0,1.0,5.6711280070207,5.6711280070207,5.6711280070207,5.6711280070207,0.0
1997-11-18,7.75,7.75,7.625,7.625,1700.0,0.0,1.0,5.6711280070207,5.6711280070207,5.5796582004558,5.5796582004558,1700.0
1997-11-19,7.5,7.625,7.5,7.625,300.0,0.0,1.0,5.488188393891,5.5796582004558,5.488188393891,5.5796582004558,300.0
1997-11-20,7.75,7.938,7.75,7.938,6000.0,0.0,1.0,5.6711280070207,5.8086985960942,5.6711280070207,5.8086985960942,6000.0
1997-11-21,7.75,8.0,7.75,8.0,5000.0,0.0,1.0,5.6711280070207,5.8540676201504,5.6711280070207,5.8540676201504,5000.0
1997-11-24,7.938,7.938,7.75,7.938,3700.0,0.0,1.0,5.8086985960942,5.8086985960942,5.6711280070207,5.8086985960942,3700.0
1997-11-25,7.75,7.75,7.75,7.75,2400.0,0.0,1.0,5.6711280070207,5.6711280070207,5.6711280070207,5.6711280070207,2400.0
1997-11-26,7.75,7.75,7.75,7.75,1000.0,0.0,1.0,5.6711280070207,5.6711280070207,5.6711280070207,5.6711280070207,1000.0
1997-11-28,8.063,8.063,8.0,8.0,700.0,0.0,1.0,5.9001684026591,5.9001684026591,5.8540676201504,5.8540676201504,700.0
1997-12-01,7.75,7.75,7.75,7.75,4700.0,0.0,1.0,5.6711280070207,5.6711280070207,5.6711280070207,5.6711280070207,4700.0
1997-12-02,8.0,8.0,7.75,8.0,2300.0,0.0,1.0,5.8540676201504,5.8540676201504,5.6711280070207,5.8540676201504,2300.0
1997-12-03,7.75,7.875,7.25,7.625,13800.0,0.0,1.0,5.6711280070207,5.7625978135855,5.3052487807613,5.5796582004558,13800.0
1997-12-04,7.62,7.62,7.62,7.62,0.0,0.0,1.0,5.5759994081933,5.5759994081933,5.5759994081933,5.5759994081933,0.0
1997-12-05,7.75,7.75,7.75,7.75,8300.0,0.0,1.0,5.6711280070207,5.6711280070207,5.6711280070207,5.6711280070207,8300.0
1997-12-08,7.75,7.75,7.75,7.75,16700.0,0.0,1.0,5.6711280070207,5.6711280070207,5.6711280070207,5.6711280070207,16700.0
1997-12-09,7.75,7.75,7.75,7.75,8200.0,0.0,1.0,5.6711280070207,5.6711280070207,5.6711280070207,5.6711280070207,8200.0
1997-12-10,7.75,7.75,7.625,7.625,19000.0,0.0,1.0,5.6711280070207,5.6711280070207,5.5796582004558,5.5796582004558,19000.0
1997-12-11,7.5,7.5,7.5,7.5,1000.0,0.0,1.0,5.488188393891,5.488188393891,5.488188393891,5.488188393891,1000.0
1997-12-12,7.25,7.25,7.25,7.25,400.0,0.0,1.0,5.3052487807613,5.3052487807613,5.3052487807613,5.3052487807613,400.0
1997-12-15,7.313,7.313,7.313,7.313,100.0,0.0,1.0,5.35134956327,5.35134956327,5.35134956327,5.35134956327,100.0
1997-12-16,7.31,7.31,7.31,7.31,0.0,0.0,1.0,5.3491542879124,5.3491542879124,5.3491542879124,5.3491542879124,0.0
1997-12-17,7.5,7.5,7.25,7.5,1900.0,0.0,1.0,5.488188393891,5.488188393891,5.3052487807613,5.488188393891,1900.0
1997-12-18,7.5,7.5,7.25,7.25,5000.0,0.0,1.0,5.488188393891,5.488188393891,5.3052487807613,5.3052487807613,5000.0
1997-12-19,7.5,7.5,7.375,7.5,9800.0,0.0,1.0,5.488188393891,5.488188393891,5.3967185873261,5.488188393891,9800.0
1997-12-22,7.875,7.875,7.875,7.875,1000.0,0.0,1.0,5.7625978135855,5.7625978135855,5.7625978135855,5.7625978135855,1000.0
1997-12-23,7.625,7.625,7.625,7.625,1200.0,0.0,1.0,5.5796582004558,5.5796582004558,5.5796582004558,5.5796582004558,1200.0
1997-12-24,7.62,7.62,7.62,7.62,0.0,0.0,1.0,5.5759994081933,5.5759994081933,5.5759994081933,5.5759994081933,0.0
1997-12-26,7.62,7.62,7.62,7.62,0.0,0.0,1.0,5.5759994081933,5.5759994081933,5.5759994081933,5.5759994081933,0.0
1997-12-29,7.75,7.75,7.625,7.625,26100.0,0.0,1.0,5.6711280070207,5.6711280070207,5.5796582004558,5.5796582004558,26100.0
1997-12-30,7.625,7.625,7.5,7.5,2100.0,0.0,1.0,5.5796582004558,5.5796582004558,5.488188393891,5.488188393891,2100.0
1997-12-31,7.875,7.875,7.25,7.875,9800.0,0.0,1.0,5.7625978135855,5.7625978135855,5.3052487807613,5.7625978135855,9800.0
1998-01-02,7.88,7.88,7.88,7.88,0.0,0.0,1.0,5.7662566058481,5.7662566058481,5.7662566058481,5.7662566058481,0.0
1998-01-05,7.88,7.88,7.88,7.88,0.0,0.0,1.0,5.7662566058481,5.7662566058481,5.7662566058481,5.7662566058481,0.0
1998-01-06,7.875,7.875,7.875,7.875,100.0,0.0,1.0,5.7625978135855,5.7625978135855,5.7625978135855,5.7625978135855,100.0
1998-01-07,7.875,7.875,7.875,7.875,300.0,0.0,1.0,5.7625978135855,5.7625978135855,5.7625978135855,5.7625978135855,300.0
1998-01-08,7.5,7.625,7.5,7.625,300.0,0.0,1.0,5.488188393891,5.5796582004558,5.488188393891,5.5796582004558,300.0
1998-01-09,7.5,7.5,7.5,7.5,400.0,0.0,1.0,5.488188393891,5.488188393891,5.488188393891,5.488188393891,400.0
1998-01-12,7.0,7.5,7.0,7.25,4000.0,0.0,1.0,5.1223091676316,5.488188393891,5.1223091676316,5.3052487807613,4000.0
1998-01-13,7.5,7.5,7.5,7.5,300.0,0.0,1.0,5.488188393891,5.488188393891,5.488188393891,5.488188393891,300.0
1998-01-14,7.875,7.875,7.875,7.875,300.0,0.0,1.0,5.7625978135855,5.7625978135855,5.7625978135855,5.7625978135855,300.0
1998-01-15,7.75,7.75,7.75,7.75,2100.0,0.0,1.0,5.6711280070207,5.6711280070207,5.6711280070207,5.6711280070207,2100.0
1998-01-16,7.75,7.75,7.75,7.75,0.0,0.0,1.0,5.6711280070207,5.6711280070207,5.6711280070207,5.6711280070207,0.0
1998-01-20,7.5,7.625,7.5,7.625,600.0,0.0,1.0,5.488188393891,5.5796582004558,5.488188393891,5.5796582004558,600.0
1998-01-21,7.5,7.625,7.5,7.625,1500.0,0.0,1.0,5.488188393891,5.5796582004558,5.488188393891,5.5796582004558,1500.0
1998-01-22,7.875,7.875,7.875,7.875,700.0,0.0,1.0,5.7625978135855,5.7625978135855,5.7625978135855,5.7625978135855,700.0
1998-01-23,7.625,7.625,7.625,7.625,6000.0,0.0,1.0,5.5796582004558,5.5796582004558,5.5796582004558,5.5796582004558,6000.0
1998-01-26,7.62,7.62,7.62,7.62,0.0,0.0,1.0,5.5759994081933,5.5759994081933,5.5759994081933,5.5759994081933,0.0
1998-01-27,7.875,9.0,7.875,8.375,21800.0,0.0,1.0,5.7625978135855,6.5858260726692,5.7625978135855,6.1284770398449,21800.0
1998-01-28,8.25,8.25,7.75,7.75,17200.0,0.0,1.0,6.0370072332801,6.0370072332801,5.6711280070207,5.6711280070207,17200.0
1998-01-29,7.75,7.875,7.625,7.625,3100.0,0.0,1.0,5.6711280070207,5.7625978135855,5.5796582004558,5.5796582004558,3100.0
1998-01-30,7.625,7.625,7.0,7.375,24400.0,0.0,1.0,5.5796582004558,5.5796582004558,5.1223091676316,5.3967185873261,24400.0
1998-02-02,7.75,8.0,7.5,7.5,5300.0,0.0,1.0,5.6711280070207,5.8540676201504,5.488188393891,5.488188393891,5300.0
1998-02-03,7.625,7.625,7.5,7.5,5500.0,0.0,1.0,5.5796582004558,5.5796582004558,5.488188393891,5.488188393891,5500.0
1998-02-04,7.625,7.625,7.344,7.344,1100.0,0.0,1.0,5.5796582004558,5.5796582004558,5.3740340752981,5.3740340752981,1100.0
1998-02-05,8.0,8.0,7.063,8.0,1000.0,0.0,1.0,5.8540676201504,5.8540676201504,5.1684099501403,5.8540676201504,1000.0
1998-02-06,7.25,7.5,7.125,7.125,37700.0,0.0,1.0,5.3052487807613,5.488188393891,5.2137789741964,5.2137789741964,37700.0
1998-02-09,7.063,7.063,7.063,7.063,2200.0,0.0,1.0,5.1684099501403,5.1684099501403,5.1684099501403,5.1684099501403,2200.0
1998-02-10,7.125,7.125,7.0,7.0,3100.0,0.0,1.0,5.2137789741964,5.2137789741964,5.1223091676316,5.1223091676316,3100.0
1998-02-11,7.125,7.125,7.0,7.125,11800.0,0.0,1.0,5.2137789741964,5.2137789741964,5.1223091676316,5.2137789741964,11800.0
1998-02-12,7.125,7.5,7.125,7.5,4100.0,0.0,1.0,5.2137789741964,5.488188393891,5.2137789741964,5.488188393891,4100.0
1998-02-13,7.25,7.5,7.25,7.5,6500.0,0.0,1.0,5.3052487807613,5.488188393891,5.3052487807613,5.488188393891,6500.0
1998-02-17,7.25,7.625,7.0,7.5,7300.0,0.0,1.0,5.3052487807613,5.5796582004558,5.1223091676316,5.488188393891,7300.0
1998-02-18,7.313,7.313,7.25,7.25,2700.0,0.0,1.0,5.35134956327,5.35134956327,5.3052487807613,5.3052487807613,2700.0
1998-02-19,7.5,7.5,7.25,7.25,19100.0,0.0,1.0,5.488188393891,5.488188393891,5.3052487807613,5.3052487807613,19100.0
1998-02-20,7.375,7.625,6.75,7.625,13800.0,0.0,1.0,5.3967185873261,5.5796582004558,4.9393695545019,5.5796582004558,13800.0
1998-02-23,7.25,7.25,7.25,7.25,1300.0,0.0,1.0,5.3052487807613,5.3052487807613,5.3052487807613,5.3052487807613,1300.0
1998-02-24,7.313,7.313,7.25,7.25,500.0,0.0,1.0,5.35134956327,5.35134956327,5.3052487807613,5.3052487807613,500.0
1998-02-25,7.313,7.313,7.188,7.188,900.0,0.0,1.0,5.35134956327,5.35134956327,5.2598797567051,5.2598797567051,900.0
1998-02-26,7.438,7.625,6.875,6.875,13200.0,0.0,1.0,5.4428193698348,5.5796582004558,5.0308393610667,5.0308393610667,13200.0
1998-02-27,7.25,7.75,7.25,7.75,1000.0,0.0,1.0,5.3052487807613,5.6711280070207,5.3052487807613,5.6711280070207,1000.0
1998-03-02,7.0,7.5,7.0,7.078,4200.0,0.0,1.0,5.1223091676316,5.488188393891,5.1223091676316,5.1793863269281,4200.0
1998-03-03,7.0,7.75,7.0,7.375,10200.0,0.0,1.0,5.1223091676316,5.6711280070207,5.1223091676316,5.3967185873261,10200.0
1998-03-04,7.75,8.0,7.5,7.75,21700.0,0.0,1.0,5.6711280070207,5.8540676201504,5.488188393891,5.6711280070207,21700.0
1998-03-05,7.0,7.75,7.0,7.75,6700.0,0.0,1.0,5.1223091676316,5.6711280070207,5.1223091676316,5.6711280070207,6700.0
1998-03-06,7.75,8.0,7.625,7.625,5500.0,0.0,1.0,5.6711280070207,5.8540676201504,5.5796582004558,5.5796582004558,5500.0
1998-03-09,7.5,8.5,7.5,8.5,13300.0,0.0,1.0,5.488188393891,6.2199468464098,5.488188393891,6.2199468464098,13300.0
1998-03-10,7.875,8.0,7.625,7.625,43300.0,0.0,1.0,5.7625978135855,5.8540676201504,5.5796582004558,5.5796582004558,43300.0
1998-03-11,7.5,7.5,7.375,7.375,4000.0,0.0,1.0,5.488188393891,5.488188393891,5.3967185873261,5.3967185873261,4000.0
1998-03-12,7.375,7.75,7.0,7.75,19000.0,0.0,1.0,5.3967185873261,5.6711280070207,5.1223091676316,5.6711280070207,19000.0
1998-03-13,7.875,8.5,7.5,7.5,22900.0,0.0,1.0,5.7625978135855,6.2199468464098,5.488188393891,5.488188393891,22900.0
1998-03-16,7.5,7.938,7.5,7.938,4800.0,0.0,1.0,5.488188393891,5.8086985960942,5.488188393891,5.8086985960942,4800.0
1998-03-17,7.938,7.938,7.5,7.5,6100.0,0.0,1.0,5.8086985960942,5.8086985960942,5.488188393891,5.488188393891,6100.0
1998-03-18,7.625,7.625,7.5,7.5,4600.0,0.0,1.0,5.5796582004558,5.5796582004558,5.488188393891,5.488188393891,4600.0
1998-03-19,7.5,7.5,7.5,7.5,1000.0,0.0,1.0,5.488188393891,5.488188393891,5.488188393891,5.488188393891,1000.0
1998-03-20,7.25,7.25,7.25,7.25,200.0,0.0,1.0,5.3052487807613,5.3052487807613,5.3052487807613,5.3052487807613,200.0
1998-03-23,7.75,7.75,7.0,7.078,46800.0,0.0,1.0,5.6711280070207,5.6711280070207,5.1223091676316,5.1793863269281,46800.0
1998-03-24,7.25,7.25,7.063,7.25,10700.0,0.0,1.0,5.3052487807613,5.3052487807613,5.1684099501403,5.3052487807613,10700.0
1998-03-25,7.25,7.25,7.25,7.25,0.0,0.0,1.0,5.3052487807613,5.3052487807613,5.3052487807613,5.3052487807613,0.0
1998-03-26,7.313,7.313,7.313,7.313,1000.0,0.0,1.0,5.35134956327,5.35134956327,5.35134956327,5.35134956327,1000.0
1998-03-27,7.125,7.5,7.125,7.5,3200.0,0.0,1.0,5.2137789741964,5.488188393891,5.2137789741964,5.488188393891,3200.0
1998-03-30,7.25,7.25,7.125,7.125,4500.0,0.0,1.0,5.3052487807613,5.3052487807613,5.2137789741964,5.2137789741964,4500.0
1998-03-31,7.0,7.625,7.0,7.625,5800.0,0.0,1.0,5.1223091676316,5.5796582004558,5.1223091676316,5.5796582004558,5800.0
1998-04-01,7.375,7.375,7.375,7.375,1500.0,0.0,1.0,5.3967185873261,5.3967185873261,5.3967185873261,5.3967185873261,1500.0
1998-04-02,7.25,7.25,7.25,7.25,1200.0,0.0,1.0,5.3052487807613,5.3052487807613,5.3052487807613,5.3052487807613,1200.0
1998-04-03,7.25,7.438,7.25,7.438,6000.0,0.0,1.0,5.3052487807613,5.4428193698348,5.3052487807613,5.4428193698348,6000.0
1998-04-06,7.25,7.25,7.25,7.25,3500.0,0.0,1.0,5.3052487807613,5.3052487807613,5.3052487807613,5.3052487807613,3500.0
1998-04-07,7.25,7.5,7.25,7.453,11700.0,0.0,1.0,5.3052487807613,5.488188393891,5.3052487807613,5.4537957466226,11700.0
1998-04-08,7.25,7.25,7.25,7.25,2200.0,0.0,1.0,5.3052487807613,5.3052487807613,5.3052487807613,5.3052487807613,2200.0
1998-04-09,7.375,8.0,7.25,7.5,19300.0,0.0,1.0,5.3967185873261,5.8540676201504,5.3052487807613,5.488188393891,19300.0
1998-04-13,7.75,7.75,7.75,7.75,200.0,0.0,1.0,5.6711280070207,5.6711280070207,5.6711280070207,5.6711280070207,200.0
1998-04-14,7.375,7.75,7.313,7.75,4800.0,0.0,1.0,5.3967185873261,5.6711280070207,5.35134956327,5.6711280070207,4800.0
1998-04-15,7.75,7.75,7.313,7.625,9500.0,0.0,1.0,5.6711280070207,5.6711280070207,5.35134956327,5.5796582004558,9500.0
1998-04-16,7.313,7.313,7.313,7.313,1000.0,0.0,1.0,5.35134956327,5.35134956327,5.35134956327,5.35134956327,1000.0
1998-04-17,7.75,8.0,7.625,8.0,9200.0,0.0,1.0,5.6711280070207,5.8540676201504,5.5796582004558,5.8540676201504,9200.0
1998-04-20,8.0,8.0,7.5,7.875,4800.0,0.0,1.0,5.8540676201504,5.8540676201504,5.488188393891,5.7625978135855,4800.0
1998-04-21,7.25,7.25,7.25,7.25,1600.0,0.0,1.0,5.3052487807613,5.3052487807613,5.3052487807613,5.3052487807613,1600.0
1998-04-22,8.0,8.0,7.25,8.0,14800.0,0.0,1.0,5.8540676201504,5.8540676201504,5.3052487807613,5.8540676201504,14800.0
1998-04-23,8.0,8.0,8.0,8.0,0.0,0.0,1.0,5.8540676201504,5.8540676201504,5.8540676201504,5.8540676201504,0.0
1998-04-24,7.25,7.625,7.25,7.625,6700.0,0.0,1.0,5.3052487807613,5.5796582004558,5.3052487807613,5.5796582004558,6700.0
1998-04-27,7.25,7.813,7.25,7.75,3500.0,0.0,1.0,5.3052487807613,5.7172287895294,5.3052487807613,5.6711280070207,3500.0
1998-04-28,7.0,7.625,7.0,7.0,47300.0,0.0,1.0,5.1223091676316,5.5796582004558,5.1223091676316,5.1223091676316,47300.0
1998-04-29,7.125,7.125,7.0,7.0,5600.0,0.0,1.0,5.2137789741964,5.2137789741964,5.1223091676316,5.1223091676316,5600.0
1998-04-30,7.0,7.0,7.0,7.0,1500.0,0.0,1.0,5.1223091676316,5.1223091676316,5.1223091676316,5.1223091676316,1500.0
1998-05-01,7.375,7.375,7.0,7.0,21800.0,0.0,1.0,5.3967185873261,5.3967185873261,5.1223091676316,5.1223091676316,21800.0
1998-05-04,7.0,7.0,7.0,7.0,5600.0,0.0,1.0,5.1223091676316,5.1223091676316,5.1223091676316,5.1223091676316,5600.0
1998-05-05,7.0,7.75,7.0,7.75,13700.0,0.0,1.0,5.1223091676316,5.6711280070207,5.1223091676316,5.6711280070207,13700.0
1998-05-06,7.125,7.375,7.125,7.375,13100.0,0.0,1.0,5.2137789741964,5.3967185873261,5.2137789741964,5.3967185873261,13100.0
1998-05-07,7.938,7.938,7.375,7.375,1300.0,0.0,1.0,5.8086985960942,5.8086985960942,5.3967185873261,5.3967185873261,1300.0
1998-05-08,7.75,7.75,7.375,7.375,3900.0,0.0,1.0,5.6711280070207,5.6711280070207,5.3967185873261,5.3967185873261,3900.0
1998-05-11,7.38,7.38,7.38,7.38,0.0,0.0,1.0,5.4003773795887,5.4003773795887,5.4003773795887,5.4003773795887,0.0
1998-05-12,7.0,7.0,7.0,7.0,100.0,0.0,1.0,5.1223091676316,5.1223091676316,5.1223091676316,5.1223091676316,100.0
1998-05-13,7.0,7.0,7.0,7.0,0.0,0.0,1.0,5.1223091676316,5.1223091676316,5.1223091676316,5.1223091676316,0.0
1998-05-14,7.25,7.25,7.125,7.125,2700.0,0.0,1.0,5.3052487807613,5.3052487807613,5.2137789741964,5.2137789741964,2700.0
1998-05-15,7.0,7.0,7.0,7.0,9000.0,0.0,1.0,5.1223091676316,5.1223091676316,5.1223091676316,5.1223091676316,9000.0
1998-05-18,7.375,7.375,7.0,7.0,18900.0,0.0,1.0,5.3967185873261,5.3967185873261,5.1223091676316,5.1223091676316,18900.0
1998-05-19,7.08,7.08,7.08,7.08,1500.0,0.0,1.0,5.1808498438331,5.1808498438331,5.1808498438331,5.1808498438331,1500.0
1998-05-20,7.25,7.25,7.0,7.25,28600.0,0.0,1.0,5.3052487807613,5.3052487807613,5.1223091676316,5.3052487807613,28600.0
1998-05-21,7.0,7.25,7.0,7.25,8300.0,0.0,1.0,5.1223091676316,5.3052487807613,5.1223091676316,5.3052487807613,8300.0
1998-05-22,7.078,7.078,6.25,6.25,26300.0,0.0,1.0,5.1793863269281,5.1793863269281,4.5734903282425,4.5734903282425,26300.0
1998-05-26,6.625,6.625,6.188,6.188,9200.0,0.0,1.0,4.847899747937,4.847899747937,4.5281213041863,4.5281213041863,9200.0
1998-05-27,6.188,6.188,6.188,6.188,3800.0,0.0,1.0,4.5281213041863,4.5281213041863,4.5281213041863,4.5281213041863,3800.0
1998-05-28,6.188,6.188,6.0,6.188,8200.0,0.0,1.0,4.5281213041863,4.5281213041863,4.3905507151128,4.5281213041863,8200.0
1998-05-29,6.19,6.19,6.19,6.19,0.0,0.0,1.0,4.5295848210914,4.5295848210914,4.5295848210914,4.5295848210914,0.0
1998-06-01,6.25,6.25,6.25,6.25,700.0,0.0,1.0,4.5734903282425,4.5734903282425,4.5734903282425,4.5734903282425,700.0
1998-06-02,6.25,6.25,6.25,6.25,2000.0,0.0,1.0,4.5734903282425,4.5734903282425,4.5734903282425,4.5734903282425,2000.0
1998-06-03,6.5,6.5,6.25,6.25,6900.0,0.0,1.0,4.7564299413722,4.7564299413722,4.5734903282425,4.5734903282425,6900.0
1998-06-04,6.375,6.875,6.0,6.0,17100.0,0.0,1.0,4.6649601348073,5.0308393610667,4.3905507151128,4.3905507151128,17100.0
1998-06-05,6.0,6.0,5.813,6.0,13800.0,0.0,1.0,4.3905507151128,4.3905507151128,4.2537118844918,4.3905507151128,13800.0
1998-06-08,6.0,6.0,6.0,6.0,3000.0,0.0,1.0,4.3905507151128,4.3905507151128,4.3905507151128,4.3905507151128,3000.0
1998-06-09,5.125,5.375,3.5,5.313,26100.0,0.0,1.0,3.7502620691588,3.9332016822885,2.5611545838158,3.8878326582324,26100.0
1998-06-10,5.75,5.75,5.5,5.5,3900.0,0.0,1.0,4.2076111019831,4.2076111019831,4.0246714888534,4.0246714888534,3900.0
1998-06-11,5.25,5.625,5.0,5.625,21000.0,0.0,1.0,3.8417318757237,4.1161412954182,3.658792262594,4.1161412954182,21000.0
1998-06-12,5.0,5.313,5.0,5.0,16300.0,0.0,1.0,3.658792262594,3.8878326582324,3.658792262594,3.658792262594,16300.0
1998-06-15,6.5,6.5,4.75,5.0,4900.0,0.0,1.0,4.7564299413722,4.7564299413722,3.4758526494643,3.658792262594,4900.0
1998-06-16,4.75,5.5,4.75,5.5,1400.0,0.0,1.0,3.4758526494643,4.0246714888534,3.4758526494643,4.0246714888534,1400.0
1998-06-17,5.0,5.0,4.813,4.813,900.0,0.0,1.0,3.658792262594,3.658792262594,3.521953431973,3.521953431973,900.0
1998-06-18,5.25,6.0,5.0,5.5,4700.0,0.0,1.0,3.8417318757237,4.3905507151128,3.658792262594,4.0246714888534,4700.0
1998-06-19,5.5,5.5,5.0,5.5,4300.0,0.0,1.0,4.0246714888534,4.0246714888534,3.658792262594,4.0246714888534,4300.0
1998-06-22,5.5,5.5,5.5,5.5,0.0,0.0,1.0,4.0246714888534,4.0246714888534,4.0246714888534,4.0246714888534,0.0
1998-06-23,5.5,5.5,5.5,5.5,0.0,0.0,1.0,4.0246714888534,4.0246714888534,4.0246714888534,4.0246714888534,0.0
1998-06-24,4.625,4.75,4.625,4.75,900.0,0.0,1.0,3.3843828428994,3.4758526494643,3.3843828428994,3.4758526494643,900.0
1998-06-25,5.125,5.125,5.125,5.125,2000.0,0.0,1.0,3.7502620691588,3.7502620691588,3.7502620691588,3.7502620691588,2000.0
1998-06-26,5.125,6.0,5.125,5.5,1700.0,0.0,1.0,3.7502620691588,4.3905507151128,3.7502620691588,4.0246714888534,1700.0
1998-06-29,5.5,5.5,5.25,5.25,2600.0,0.0,1.0,4.0246714888534,4.0246714888534,3.8417318757237,3.8417318757237,2600.0
1998-06-30,5.25,5.25,4.375,4.875,35700.0,0.0,1.0,3.8417318757237,3.8417318757237,3.2014432297697,3.5673224560291,35700.0
1998-07-01,5.0,5.0,5.0,5.0,4000.0,0.0,1.0,3.658792262594,3.658792262594,3.658792262594,3.658792262594,4000.0
1998-07-02,5.0,5.0,5.0,5.0,0.0,0.0,1.0,3.658792262594,3.658792262594,3.658792262594,3.658792262594,0.0
1998-07-06,4.625,5.25,4.625,5.25,2800.0,0.0,1.0,3.3843828428994,3.8417318757237,3.3843828428994,3.8417318757237,2800.0
1998-07-07,5.25,5.25,5.25,5.25,0.0,0.0,1.0,3.8417318757237,3.8417318757237,3.8417318757237,3.8417318757237,0.0
1998-07-08,6.5,6.75,5.25,6.0,12900.0,0.0,1.0,4.7564299413722,4.9393695545019,3.8417318757237,4.3905507151128,12900.0
1998-07-09,5.5,5.5,5.5,5.5,1000.0,0.0,1.0,4.0246714888534,4.0246714888534,4.0246714888534,4.0246714888534,1000.0
1998-07-10,7.0,7.0,6.5,6.5,7000.0,0.0,1.0,5.1223091676316,5.1223091676316,4.7564299413722,4.7564299413722,7000.0
1998-07-13,7.0,7.0,5.0,5.125,4300.0,0.0,1.0,5.1223091676316,5.1223091676316,3.658792262594,3.7502620691588,4300.0
1998-07-14,5.625,5.625,5.25,5.25,6400.0,0.0,1.0,4.1161412954182,4.1161412954182,3.8417318757237,3.8417318757237,6400.0
1998-07-15,5.25,5.25,5.25,5.25,300.0,0.0,1.0,3.8417318757237,3.8417318757237,3.8417318757237,3.8417318757237,300.0
1998-07-16,5.25,5.5,5.25,5.5,6000.0,0.0,1.0,3.8417318757237,4.0246714888534,3.8417318757237,4.0246714888534,6000.0
1998-07-17,5.375,5.375,5.25,5.25,5800.0,0.0,1.0,3.9332016822885,3.9332016822885,3.8417318757237,3.8417318757237,5800.0
1998-07-20,5.125,5.875,5.125,5.875,500.0,0.0,1.0,3.7502620691588,4.2990809085479,3.7502620691588,4.2990809085479,500.0
1998-07-21,5.5,5.5,5.5,5.5,400.0,0.0,1.0,4.0246714888534,4.0246714888534,4.0246714888534,4.0246714888534,400.0
1998-07-22,5.5,5.5,5.0,5.0,10200.0,0.0,1.0,4.0246714888534,4.0246714888534,3.658792262594,3.658792262594,10200.0
1998-07-23,5.5,5.5,5.5,5.5,300.0,0.0,1.0,4.0246714888534,4.0246714888534,4.0246714888534,4.0246714888534,300.0
1998-07-24,5.25,5.25,5.25,5.25,500.0,0.0,1.0,3.8417318757237,3.8417318757237,3.8417318757237,3.8417318757237,500.0
1998-07-27,5.25,5.25,5.25,5.25,0.0,0.0,1.0,3.8417318757237,3.8417318757237,3.8417318757237,3.8417318757237,0.0
1998-07-28,5.25,5.25,5.0,5.0,1400.0,0.0,1.0,3.8417318757237,3.8417318757237,3.658792262594,3.658792262594,1400.0
1998-07-29,6.0,6.0,6.0,6.0,200.0,0.0,1.0,4.3905507151128,4.3905507151128,4.3905507151128,4.3905507151128,200.0
1998-07-30,5.0,6.0,4.938,4.938,7100.0,0.0,1.0,3.658792262594,4.3905507151128,3.6134232385378,3.6134232385378,7100.0
1998-07-31,4.875,5.0,4.813,4.875,19900.0,0.0,1.0,3.5673224560291,3.658792262594,3.521953431973,3.5673224560291,19900.0
1998-08-03,4.938,6.0,4.875,5.25,9600.0,0.0,1.0,3.6134232385378,4.3905507151128,3.5673224560291,3.8417318757237,9600.0
1998-08-04,5.25,6.438,5.25,5.25,11400.0,0.0,1.0,3.8417318757237,4.711060917316,3.8417318757237,3.8417318757237,11400.0
1998-08-05,6.0,6.0,5.125,5.5,6700.0,0.0,1.0,4.3905507151128,4.3905507151128,3.7502620691588,4.0246714888534,6700.0
1998-08-06,5.375,5.375,4.875,5.25,4600.0,0.0,1.0,3.9332016822885,3.9332016822885,3.5673224560291,3.8417318757237,4600.0
1998-08-07,5.0,5.125,5.0,5.125,2300.0,0.0,1.0,3.658792262594,3.7502620691588,3.658792262594,3.7502620691588,2300.0
1998-08-10,4.875,4.875,4.875,4.875,200.0,0.0,1.0,3.5673224560291,3.5673224560291,3.5673224560291,3.5673224560291,200.0
1998-08-11,4.88,4.88,4.88,4.88,0.0,0.0,1.0,3.5709812482917,3.5709812482917,3.5709812482917,3.5709812482917,0.0
1998-08-12,5.0,5.5,4.94,4.94,5000.0,0.0,1.0,3.658792262594,4.0246714888534,3.6148867554429,3.6148867554429,5000.0
1998-08-13,5.0,5.0,5.0,5.0,1000.0,0.0,1.0,3.658792262594,3.658792262594,3.658792262594,3.658792262594,1000.0
1998-08-14,5.0,5.0,5.0,5.0,0.0,0.0,1.0,3.658792262594,3.658792262594,3.658792262594,3.658792262594,0.0
1998-08-17,4.938,5.0,4.625,4.625,12100.0,0.0,1.0,3.6134232385378,3.658792262594,3.3843828428994,3.3843828428994,12100.0
1998-08-18,4.62,4.62,4.62,4.62,0.0,0.0,1.0,3.3807240506369,3.3807240506369,3.3807240506369,3.3807240506369,0.0
1998-08-19,5.125,5.5,5.0,5.125,7300.0,0.0,1.0,3.7502620691588,4.0246714888534,3.658792262594,3.7502620691588,7300.0
1998-08-20,4.625,4.625,4.625,4.625,600.0,0.0,1.0,3.3843828428994,3.3843828428994,3.3843828428994,3.3843828428994,600.0
1998-08-21,6.0,6.375,5.25,5.25,15300.0,0.0,1.0,4.3905507151128,4.6649601348073,3.8417318757237,3.8417318757237,15300.0
1998-08-24,5.25,5.25,5.25,5.25,200.0,0.0,1.0,3.8417318757237,3.8417318757237,3.8417318757237,3.8417318757237,200.0
1998-08-25,5.25,5.25,5.25,5.25,300.0,0.0,1.0,3.8417318757237,3.8417318757237,3.8417318757237,3.8417318757237,300.0
1998-08-26,5.813,5.813,5.313,5.313,10000.0,0.0,1.0,4.2537118844918,4.2537118844918,3.8878326582324,3.8878326582324,10000.0
1998-08-27,5.313,5.313,4.75,5.125,10500.0,0.0,1.0,3.8878326582324,3.8878326582324,3.4758526494643,3.7502620691588,10500.0
1998-08-28,5.375,5.375,4.875,5.0,6900.0,0.0,1.0,3.9332016822885,3.9332016822885,3.5673224560291,3.658792262594,6900.0
1998-08-31,5.0,5.0,4.875,4.875,3800.0,0.0,1.0,3.658792262594,3.658792262594,3.5673224560291,3.5673224560291,3800.0
1998-09-01,4.75,5.0,4.5,4.563,14000.0,0.0,1.0,3.4758526494643,3.658792262594,3.2929130363346,3.3390138188433,14000.0
1998-09-02,4.5,4.875,4.313,4.875,28400.0,0.0,1.0,3.2929130363346,3.5673224560291,3.1560742057136,3.5673224560291,28400.0
1998-09-03,4.875,4.875,4.5,4.5,7400.0,0.0,1.0,3.5673224560291,3.5673224560291,3.2929130363346,3.2929130363346,7400.0
1998-09-04,4.625,4.625,4.625,4.625,500.0,0.0,1.0,3.3843828428994,3.3843828428994,3.3843828428994,3.3843828428994,500.0
1998-09-08,4.875,4.875,4.875,4.875,200.0,0.0,1.0,3.5673224560291,3.5673224560291,3.5673224560291,3.5673224560291,200.0
1998-09-09,4.5,4.75,4.5,4.75,2400.0,0.0,1.0,3.2929130363346,3.4758526494643,3.2929130363346,3.4758526494643,2400.0
1998-09-10,4.625,4.938,4.625,4.75,6400.0,0.0,1.0,3.3843828428994,3.6134232385378,3.3843828428994,3.4758526494643,6400.0
1998-09-11,4.813,5.0,4.813,5.0,1900.0,0.0,1.0,3.521953431973,3.658792262594,3.521953431973,3.658792262594,1900.0
1998-09-14,5.0,5.0,4.5,4.875,7000.0,0.0,1.0,3.658792262594,3.658792262594,3.2929130363346,3.5673224560291,7000.0
1998-09-15,4.875,4.875,4.875,4.875,4400.0,0.0,1.0,3.5673224560291,3.5673224560291,3.5673224560291,3.5673224560291,4400.0
1998-09-16,4.625,5.0,4.625,4.813,3400.0,0.0,1.0,3.3843828428994,3.658792262594,3.3843828428994,3.521953431973,3400.0
1998-09-17,4.75,4.75,4.563,4.563,1500.0,0.0,1.0,3.4758526494643,3.4758526494643,3.3390138188433,3.3390138188433,1500.0
1998-09-18,4.75,4.813,4.625,4.641,4500.0,0.0,1.0,3.4758526494643,3.521953431973,3.3843828428994,3.3960909781397,4500.0
1998-09-21,4.781,4.781,4.531,4.719,8100.0,0.0,1.0,3.4985371614924,3.4985371614924,3.3155975483627,3.4531681374362,8100.0
1998-09-22,4.5,4.5,4.5,4.5,5400.0,0.0,1.0,3.2929130363346,3.2929130363346,3.2929130363346,3.2929130363346,5400.0
1998-09-23,4.25,4.625,4.25,4.625,14700.0,0.0,1.0,3.1099734232049,3.3843828428994,3.1099734232049,3.3843828428994,14700.0
1998-09-24,4.813,4.813,4.563,4.625,14900.0,0.0,1.0,3.521953431973,3.521953431973,3.3390138188433,3.3843828428994,14900.0
1998-09-25,4.62,4.62,4.62,4.62,0.0,0.0,1.0,3.3807240506369,3.3807240506369,3.3807240506369,3.3807240506369,0.0
1998-09-28,4.25,4.375,4.25,4.375,2100.0,0.0,1.0,3.1099734232049,3.2014432297697,3.1099734232049,3.2014432297697,2100.0
1998-09-29,4.063,4.375,4.063,4.25,2500.0,0.0,1.0,2.9731345925839,3.2014432297697,2.9731345925839,3.1099734232049,2500.0
1998-09-30,4.25,4.938,4.125,4.938,700.0,0.0,1.0,3.1099734232049,3.6134232385378,3.01850361664,3.6134232385378,700.0
1998-10-01,4.25,5.0,4.25,4.25,19100.0,0.0,1.0,3.1099734232049,3.658792262594,3.1099734232049,3.1099734232049,19100.0
1998-10-02,4.063,4.5,3.875,4.5,18900.0,0.0,1.0,2.9731345925839,3.2929130363346,2.8355640035103,3.2929130363346,18900.0
1998-10-05,4.313,4.75,4.063,4.75,15200.0,0.0,1.0,3.1560742057136,3.4758526494643,2.9731345925839,3.4758526494643,15200.0
1998-10-06,4.188,4.188,4.063,4.063,8000.0,0.0,1.0,3.0646043991487,3.0646043991487,2.9731345925839,2.9731345925839,8000.0
1998-10-07,4.625,4.625,4.313,4.313,1600.0,0.0,1.0,3.3843828428994,3.3843828428994,3.1560742057136,3.1560742057136,1600.0
1998-10-08,4.25,4.313,4.125,4.125,15500.0,0.0,1.0,3.1099734232049,3.1560742057136,3.01850361664,3.01850361664,15500.0
1998-10-09,4.25,4.25,4.188,4.188,4400.0,0.0,1.0,3.1099734232049,3.1099734232049,3.0646043991487,3.0646043991487,4400.0
1998-10-12,4.19,4.34,4.19,4.34,6100.0,0.0,1.0,3.0660679160538,3.1758316839316,3.0660679160538,3.1758316839316,6100.0
1998-10-13,4.34,4.34,4.34,4.34,0.0,0.0,1.0,3.1758316839316,3.1758316839316,3.1758316839316,3.1758316839316,0.0
1998-10-14,4.188,4.188,4.188,4.188,1500.0,0.0,1.0,3.0646043991487,3.0646043991487,3.0646043991487,3.0646043991487,1500.0
1998-10-15,4.188,4.313,4.188,4.313,2300.0,0.0,1.0,3.0646043991487,3.1560742057136,3.0646043991487,3.1560742057136,2300.0
1998-10-16,4.188,4.5,4.188,4.5,3700.0,0.0,1.0,3.0646043991487,3.2929130363346,3.0646043991487,3.2929130363346,3700.0
1998-10-19,4.188,4.188,4.188,4.188,2200.0,0.0,1.0,3.0646043991487,3.0646043991487,3.0646043991487,3.0646043991487,2200.0
1998-10-20,4.125,4.438,4.125,4.125,8600.0,0.0,1.0,3.01850361664,3.2475440122784,3.01850361664,3.01850361664,8600.0
1998-10-21,4.063,4.25,4.063,4.25,16900.0,0.0,1.0,2.9731345925839,3.1099734232049,2.9731345925839,3.1099734232049,16900.0
1998-10-22,4.25,4.25,4.125,4.125,18200.0,0.0,1.0,3.1099734232049,3.1099734232049,3.01850361664,3.01850361664,18200.0
1998-10-23,4.125,4.188,4.125,4.125,15000.0,0.0,1.0,3.01850361664,3.0646043991487,3.01850361664,3.01850361664,15000.0
1998-10-26,4.188,4.25,4.188,4.25,1400.0,0.0,1.0,3.0646043991487,3.1099734232049,3.0646043991487,3.1099734232049,1400.0
1998-10-27,4.25,4.25,4.125,4.188,6000.0,0.0,1.0,3.1099734232049,3.1099734232049,3.01850361664,3.0646043991487,6000.0
1998-10-28,4.188,4.25,4.125,4.25,22000.0,0.0,1.0,3.0646043991487,3.1099734232049,3.01850361664,3.1099734232049,22000.0
1998-10-29,4.125,4.125,4.125,4.125,600.0,0.0,1.0,3.01850361664,3.01850361664,3.01850361664,3.01850361664,600.0
1998-10-30,4.063,4.125,3.625,4.0,37700.0,0.0,1.0,2.9731345925839,3.01850361664,2.6526243903806,2.9270338100752,37700.0
1998-11-02,4.0,4.125,3.5,4.0,3800.0,0.0,1.0,2.9270338100752,3.01850361664,2.5611545838158,2.9270338100752,3800.0
1998-11-03,3.625,4.0,3.625,4.0,1400.0,0.0,1.0,2.6526243903806,2.9270338100752,2.6526243903806,2.9270338100752,1400.0
1998-11-04,4.0,4.125,3.875,3.875,12600.0,0.0,1.0,2.9270338100752,3.01850361664,2.8355640035103,2.8355640035103,12600.0
1998-11-05,4.063,4.063,3.875,4.0,7600.0,0.0,1.0,2.9731345925839,2.9731345925839,2.8355640035103,2.9270338100752,7600.0
1998-11-06,3.938,4.0,3.938,3.938,5200.0,0.0,1.0,2.881664786019,2.9270338100752,2.881664786019,2.881664786019,5200.0
1998-11-09,3.938,4.063,3.938,4.063,700.0,0.0,1.0,2.881664786019,2.9731345925839,2.881664786019,2.9731345925839,700.0
1998-11-10,4.063,4.063,4.0,4.0,15100.0,0.0,1.0,2.9731345925839,2.9731345925839,2.9270338100752,2.9270338100752,15100.0
1998-11-11,4.0,4.063,3.938,3.938,8300.0,0.0,1.0,2.9270338100752,2.9731345925839,2.881664786019,2.881664786019,8300.0
1998-11-12,3.94,3.94,3.94,3.94,0.0,0.0,1.0,2.8831283029241,2.8831283029241,2.8831283029241,2.8831283029241,0.0
1998-11-13,3.938,3.938,3.75,3.938,3400.0,0.0,1.0,2.881664786019,2.881664786019,2.7440941969455,2.881664786019,3400.0
1998-11-16,3.938,4.0,3.938,4.0,4000.0,0.0,1.0,2.881664786019,2.9270338100752,2.881664786019,2.9270338100752,4000.0
1998-11-17,4.0,4.0,3.938,4.0,9000.0,0.0,1.0,2.9270338100752,2.9270338100752,2.881664786019,2.9270338100752,9000.0
1998-11-18,3.75,3.75,3.625,3.625,11900.0,0.0,1.0,2.7440941969455,2.7440941969455,2.6526243903806,2.6526243903806,11900.0
1998-11-19,3.625,3.625,3.625,3.625,2000.0,0.0,1.0,2.6526243903806,2.6526243903806,2.6526243903806,2.6526243903806,2000.0
1998-11-20,3.625,3.625,3.625,3.625,2400.0,0.0,1.0,2.6526243903806,2.6526243903806,2.6526243903806,2.6526243903806,2400.0
1998-11-23,3.625,3.875,3.5,3.5,19800.0,0.0,1.0,2.6526243903806,2.8355640035103,2.5611545838158,2.5611545838158,19800.0
1998-11-24,3.875,4.0,3.813,3.813,3900.0,0.0,1.0,2.8355640035103,2.9270338100752,2.7901949794542,2.7901949794542,3900.0
1998-11-25,3.5,3.62,3.0,3.5,36400.0,0.0,1.0,2.5611545838158,2.6489655981181,2.1952753575564,2.5611545838158,36400.0
1998-11-27,4.0,4.0,4.0,4.0,100.0,0.0,1.0,2.9270338100752,2.9270338100752,2.9270338100752,2.9270338100752,100.0
1998-11-30,4.0,4.0,3.5,3.938,11000.0,0.0,1.0,2.9270338100752,2.9270338100752,2.5611545838158,2.881664786019,11000.0
1998-12-01,3.938,3.938,3.75,3.75,5500.0,0.0,1.0,2.881664786019,2.881664786019,2.7440941969455,2.7440941969455,5500.0
1998-12-02,3.5,4.0,3.5,3.5,18900.0,0.0,1.0,2.5611545838158,2.9270338100752,2.5611545838158,2.5611545838158,18900.0
1998-12-03,3.5,4.0,3.5,4.0,5100.0,0.0,1.0,2.5611545838158,2.9270338100752,2.5611545838158,2.9270338100752,5100.0
1998-12-04,3.5,3.625,3.5,3.625,2000.0,0.0,1.0,2.5611545838158,2.6526243903806,2.5611545838158,2.6526243903806,2000.0
1998-12-07,3.5,3.938,3.5,3.75,11700.0,0.0,1.0,2.5611545838158,2.881664786019,2.5611545838158,2.7440941969455,11700.0
1998-12-08,3.938,3.938,3.5,3.5,2800.0,0.0,1.0,2.881664786019,2.881664786019,2.5611545838158,2.5611545838158,2800.0
1998-12-09,3.625,3.875,3.625,3.875,19600.0,0.0,1.0,2.6526243903806,2.8355640035103,2.6526243903806,2.8355640035103,19600.0
1998-12-10,3.75,3.75,3.625,3.625,10100.0,0.0,1.0,2.7440941969455,2.7440941969455,2.6526243903806,2.6526243903806,10100.0
1998-12-11,3.625,3.625,3.563,3.563,13200.0,0.0,1.0,2.6526243903806,2.6526243903806,2.6072553663245,2.6072553663245,13200.0
1998-12-14,3.5,3.75,3.5,3.5,12500.0,0.0,1.0,2.5611545838158,2.7440941969455,2.5611545838158,2.5611545838158,12500.0
1998-12-15,3.5,3.625,3.5,3.5,9800.0,0.0,1.0,2.5611545838158,2.6526243903806,2.5611545838158,2.5611545838158,9800.0
1998-12-16,3.5,3.75,3.5,3.5,39100.0,0.0,1.0,2.5611545838158,2.7440941969455,2.5611545838158,2.5611545838158,39100.0
1998-12-17,3.375,3.375,3.375,3.375,200.0,0.0,1.0,2.4696847772509,2.4696847772509,2.4696847772509,2.4696847772509,200.0
1998-12-18,3.625,3.688,3.438,3.5,50600.0,0.0,1.0,2.6526243903806,2.6987251728893,2.5157855597596,2.5611545838158,50600.0
1998-12-21,3.688,4.25,3.5,4.0,91100.0,0.0,1.0,2.6987251728893,3.1099734232049,2.5611545838158,2.9270338100752,91100.0
1998-12-22,4.0,4.0,3.5,3.688,56900.0,0.0,1.0,2.9270338100752,2.9270338100752,2.5611545838158,2.6987251728893,56900.0
1998-12-23,3.625,3.625,3.563,3.563,3500.0,0.0,1.0,2.6526243903806,2.6526243903806,2.6072553663245,2.6072553663245,3500.0
1998-12-24,3.5,3.75,3.5,3.75,11300.0,0.0,1.0,2.5611545838158,2.7440941969455,2.5611545838158,2.7440941969455,11300.0
1998-12-28,3.625,3.75,3.625,3.75,55300.0,0.0,1.0,2.6526243903806,2.7440941969455,2.6526243903806,2.7440941969455,55300.0
1998-12-29,3.688,3.75,3.688,3.688,36100.0,0.0,1.0,2.6987251728893,2.7440941969455,2.6987251728893,2.6987251728893,36100.0
1998-12-30,3.688,4.0,3.625,3.75,41400.0,0.0,1.0,2.6987251728893,2.9270338100752,2.6526243903806,2.7440941969455,41400.0
1998-12-31,3.875,4.25,3.75,4.25,48900.0,0.0,1.0,2.8355640035103,3.1099734232049,2.7440941969455,3.1099734232049,48900.0
1999-01-04,4.25,4.25,3.813,3.813,8100.0,0.0,1.0,3.1099734232049,3.1099734232049,2.7901949794542,2.7901949794542,8100.0
1999-01-05,3.81,3.81,3.81,3.81,0.0,0.0,1.0,2.7879997040966,2.7879997040966,2.7879997040966,2.7879997040966,0.0
1999-01-06,3.813,3.875,3.813,3.875,20000.0,0.0,1.0,2.7901949794542,2.8355640035103,2.7901949794542,2.8355640035103,20000.0
1999-01-07,3.813,3.813,3.813,3.813,9400.0,0.0,1.0,2.7901949794542,2.7901949794542,2.7901949794542,2.7901949794542,9400.0
1999-01-08,3.813,3.813,3.813,3.813,500.0,0.0,1.0,2.7901949794542,2.7901949794542,2.7901949794542,2.7901949794542,500.0
1999-01-11,4.125,4.125,3.938,4.125,23700.0,0.0,1.0,3.01850361664,3.01850361664,2.881664786019,3.01850361664,23700.0
1999-01-12,4.125,4.125,4.0,4.0,2400.0,0.0,1.0,3.01850361664,3.01850361664,2.9270338100752,2.9270338100752,2400.0
1999-01-13,4.125,4.125,4.125,4.125,1800.0,0.0,1.0,3.01850361664,3.01850361664,3.01850361664,3.01850361664,1800.0
1999-01-14,3.75,3.75,3.75,3.75,1000.0,0.0,1.0,2.7440941969455,2.7440941969455,2.7440941969455,2.7440941969455,1000.0
1999-01-15,3.75,4.0,3.75,4.0,2000.0,0.0,1.0,2.7440941969455,2.9270338100752,2.7440941969455,2.9270338100752,2000.0
1999-01-19,4.0,4.0,4.0,4.0,0.0,0.0,1.0,2.9270338100752,2.9270338100752,2.9270338100752,2.9270338100752,0.0
1999-01-20,4.0,4.0,4.0,4.0,0.0,0.0,1.0,2.9270338100752,2.9270338100752,2.9270338100752,2.9270338100752,0.0
1999-01-21,4.0,4.0,4.0,4.0,0.0,0.0,1.0,2.9270338100752,2.9270338100752,2.9270338100752,2.9270338100752,0.0
1999-01-22,4.125,4.125,4.125,4.125,1000.0,0.0,1.0,3.01850361664,3.01850361664,3.01850361664,3.01850361664,1000.0
1999-01-25,4.125,4.125,3.813,3.813,700.0,0.0,1.0,3.01850361664,3.01850361664,2.7901949794542,2.7901949794542,700.0
1999-01-26,3.813,3.813,3.813,3.813,1300.0,0.0,1.0,2.7901949794542,2.7901949794542,2.7901949794542,2.7901949794542,1300.0
1999-01-27,3.813,3.813,3.813,3.813,800.0,0.0,1.0,2.7901949794542,2.7901949794542,2.7901949794542,2.7901949794542,800.0
1999-01-28,3.813,3.813,3.813,3.813,16600.0,0.0,1.0,2.7901949794542,2.7901949794542,2.7901949794542,2.7901949794542,16600.0
1999-01-29,3.875,4.0,3.875,4.0,7500.0,0.0,1.0,2.8355640035103,2.9270338100752,2.8355640035103,2.9270338100752,7500.0
1999-02-01,3.813,3.813,3.813,3.813,2400.0,0.0,1.0,2.7901949794542,2.7901949794542,2.7901949794542,2.7901949794542,2400.0
1999-02-02,3.813,4.0,3.813,4.0,3500.0,0.0,1.0,2.7901949794542,2.9270338100752,2.7901949794542,2.9270338100752,3500.0
1999-02-03,3.875,3.875,3.875,3.875,200.0,0.0,1.0,2.8355640035103,2.8355640035103,2.8355640035103,2.8355640035103,200.0
1999-02-04,3.813,3.922,3.813,3.922,1300.0,0.0,1.0,2.7901949794542,2.8699566507787,2.7901949794542,2.8699566507787,1300.0
1999-02-05,3.92,3.92,3.92,3.92,0.0,0.0,1.0,2.8684931338737,2.8684931338737,2.8684931338737,2.8684931338737,0.0
1999-02-08,3.813,3.813,3.813,3.813,300.0,0.0,1.0,2.7901949794542,2.7901949794542,2.7901949794542,2.7901949794542,300.0
1999-02-09,3.875,3.875,3.813,3.875,14400.0,0.0,1.0,2.8355640035103,2.8355640035103,2.7901949794542,2.8355640035103,14400.0
1999-02-10,3.88,3.88,3.88,3.88,0.0,0.0,1.0,2.8392227957729,2.8392227957729,2.8392227957729,2.8392227957729,0.0
1999-02-11,3.88,3.88,3.88,3.88,0.0,0.0,1.0,2.8392227957729,2.8392227957729,2.8392227957729,2.8392227957729,0.0
1999-02-12,3.88,3.88,3.88,3.88,0.0,0.0,1.0,2.8392227957729,2.8392227957729,2.8392227957729,2.8392227957729,0.0
1999-02-16,3.88,3.88,3.88,3.88,0.0,0.0,1.0,2.8392227957729,2.8392227957729,2.8392227957729,2.8392227957729,0.0
1999-02-17,3.813,3.813,3.813,3.813,1000.0,0.0,1.0,2.7901949794542,2.7901949794542,2.7901949794542,2.7901949794542,1000.0
1999-02-18,4.0,4.0,4.0,4.0,800.0,0.0,1.0,2.9270338100752,2.9270338100752,2.9270338100752,2.9270338100752,800.0
1999-02-19,3.813,3.813,3.813,3.813,2500.0,0.0,1.0,2.7901949794542,2.7901949794542,2.7901949794542,2.7901949794542,2500.0
1999-02-22,3.813,3.813,3.813,3.813,7400.0,0.0,1.0,2.7901949794542,2.7901949794542,2.7901949794542,2.7901949794542,7400.0
1999-02-23,3.813,3.875,3.813,3.813,34800.0,0.0,1.0,2.7901949794542,2.8355640035103,2.7901949794542,2.7901949794542,34800.0
1999-02-24,3.969,3.969,3.75,3.969,2600.0,0.0,1.0,2.9043492980471,2.9043492980471,2.7440941969455,2.9043492980471,2600.0
1999-02-25,3.969,3.969,3.75,3.969,800.0,0.0,1.0,2.9043492980471,2.9043492980471,2.7440941969455,2.9043492980471,800.0
1999-02-26,3.938,4.063,3.75,3.75,30200.0,0.0,1.0,2.881664786019,2.9731345925839,2.7440941969455,2.7440941969455,30200.0
1999-03-01,3.75,3.875,3.75,3.875,4100.0,0.0,1.0,2.7440941969455,2.8355640035103,2.7440941969455,2.8355640035103,4100.0
1999-03-02,3.75,3.75,3.75,3.75,100.0,0.0,1.0,2.7440941969455,2.7440941969455,2.7440941969455,2.7440941969455,100.0
1999-03-03,3.75,3.75,3.625,3.625,2800.0,0.0,1.0,2.7440941969455,2.7440941969455,2.6526243903806,2.6526243903806,2800.0
1999-03-04,3.563,3.563,3.563,3.563,3600.0,0.0,1.0,2.6072553663245,2.6072553663245,2.6072553663245,2.6072553663245,3600.0
1999-03-05,3.5,3.5,3.5,3.5,700.0,0.0,1.0,2.5611545838158,2.5611545838158,2.5611545838158,2.5611545838158,700.0
1999-03-08,3.5,3.5,3.5,3.5,0.0,0.0,1.0,2.5611545838158,2.5611545838158,2.5611545838158,2.5611545838158,0.0
1999-03-09,3.5,3.75,3.5,3.5,3300.0,0.0,1.0,2.5611545838158,2.7440941969455,2.5611545838158,2.5611545838158,3300.0
1999-03-10,3.5,3.5,3.438,3.438,10100.0,0.0,1.0,2.5611545838158,2.5611545838158,2.5157855597596,2.5157855597596,10100.0
1999-03-11,3.438,3.438,3.438,3.438,600.0,0.0,1.0,2.5157855597596,2.5157855597596,2.5157855597596,2.5157855597596,600.0
1999-03-12,3.438,3.438,3.438,3.438,300.0,0.0,1.0,2.5157855597596,2.5157855597596,2.5157855597596,2.5157855597596,300.0
1999-03-15,3.5,3.625,3.5,3.625,5200.0,0.0,1.0,2.5611545838158,2.6526243903806,2.5611545838158,2.6526243903806,5200.0
1999-03-16,3.625,3.625,3.625,3.625,200.0,0.0,1.0,2.6526243903806,2.6526243903806,2.6526243903806,2.6526243903806,200.0
1999-03-17,3.438,3.75,3.438,3.5,5800.0,0.0,1.0,2.5157855597596,2.7440941969455,2.5157855597596,2.5611545838158,5800.0
1999-03-18,3.375,3.75,3.375,3.75,122200.0,0.0,1.0,2.4696847772509,2.7440941969455,2.4696847772509,2.7440941969455,122200.0
1999-03-19,3.75,3.75,3.75,3.75,2300.0,0.0,1.0,2.7440941969455,2.7440941969455,2.7440941969455,2.7440941969455,2300.0
1999-03-22,3.75,4.063,3.656,4.063,20000.0,0.0,1.0,2.7440941969455,2.9731345925839,2.6753089024087,2.9731345925839,20000.0
1999-03-23,4.063,4.063,3.938,3.938,5900.0,0.0,1.0,2.9731345925839,2.9731345925839,2.881664786019,2.881664786019,5900.0
1999-03-24,3.938,4.0,3.625,3.625,7800.0,0.0,1.0,2.881664786019,2.9270338100752,2.6526243903806,2.6526243903806,7800.0
1999-03-25,3.75,3.875,3.5,3.5,8600.0,0.0,1.0,2.7440941969455,2.8355640035103,2.5611545838158,2.5611545838158,8600.0
1999-03-26,3.688,3.688,3.688,3.688,500.0,0.0,1.0,2.6987251728893,2.6987251728893,2.6987251728893,2.6987251728893,500.0
1999-03-29,3.69,3.69,3.69,3.69,0.0,0.0,1.0,2.7001886897944,2.7001886897944,2.7001886897944,2.7001886897944,0.0
1999-03-30,3.625,3.625,3.625,3.625,100.0,0.0,1.0,2.6526243903806,2.6526243903806,2.6526243903806,2.6526243903806,100.0
1999-03-31,3.625,3.625,3.063,3.125,67000.0,0.0,1.0,2.6526243903806,2.6526243903806,2.2413761400651,2.2867451641212,67000.0
1999-04-01,3.188,3.25,3.125,3.125,5600.0,0.0,1.0,2.3328459466299,2.3782149706861,2.2867451641212,2.2867451641212,5600.0
1999-04-05,3.125,3.375,3.125,3.25,7600.0,0.0,1.0,2.2867451641212,2.4696847772509,2.2867451641212,2.3782149706861,7600.0
1999-04-06,3.125,3.125,3.063,3.063,13300.0,0.0,1.0,2.2867451641212,2.2867451641212,2.2413761400651,2.2413761400651,13300.0
1999-04-07,3.125,3.156,3.125,3.156,5200.0,0.0,1.0,2.2867451641212,2.3094296761493,2.2867451641212,2.3094296761493,5200.0
1999-04-08,3.125,3.125,3.0,3.0,13500.0,0.0,1.0,2.2867451641212,2.2867451641212,2.1952753575564,2.1952753575564,13500.0
1999-04-09,3.125,3.25,3.063,3.188,9300.0,0.0,1.0,2.2867451641212,2.3782149706861,2.2413761400651,2.3328459466299,9300.0
1999-04-12,3.188,3.188,3.188,3.188,100.0,0.0,1.0,2.3328459466299,2.3328459466299,2.3328459466299,2.3328459466299,100.0
1999-04-13,3.25,3.25,3.25,3.25,400.0,0.0,1.0,2.3782149706861,2.3782149706861,2.3782149706861,2.3782149706861,400.0
1999-04-14,3.188,3.25,3.188,3.25,12200.0,0.0,1.0,2.3328459466299,2.3782149706861,2.3328459466299,2.3782149706861,12200.0
1999-04-15,3.188,3.25,3.188,3.25,3100.0,0.0,1.0,2.3328459466299,2.3782149706861,2.3328459466299,2.3782149706861,3100.0
1999-04-16,3.188,3.188,3.063,3.063,7000.0,0.0,1.0,2.3328459466299,2.3328459466299,2.2413761400651,2.2413761400651,7000.0
1999-04-19,3.188,3.188,3.125,3.125,1500.0,0.0,1.0,2.3328459466299,2.3328459466299,2.2867451641212,2.2867451641212,1500.0
1999-04-20,3.188,3.188,3.125,3.125,6100.0,0.0,1.0,2.3328459466299,2.3328459466299,2.2867451641212,2.2867451641212,6100.0
1999-04-21,3.188,3.25,3.188,3.188,17500.0,0.0,1.0,2.3328459466299,2.3782149706861,2.3328459466299,2.3328459466299,17500.0
1999-04-22,3.19,3.19,3.19,3.19,0.0,0.0,1.0,2.334309463535,2.334309463535,2.334309463535,2.334309463535,0.0
1999-04-23,3.25,3.25,3.188,3.188,7600.0,0.0,1.0,2.3782149706861,2.3782149706861,2.3328459466299,2.3328459466299,7600.0
1999-04-26,3.313,3.313,3.188,3.188,6700.0,0.0,1.0,2.4243157531948,2.4243157531948,2.3328459466299,2.3328459466299,6700.0
1999-04-27,3.188,3.188,3.188,3.188,600.0,0.0,1.0,2.3328459466299,2.3328459466299,2.3328459466299,2.3328459466299,600.0
1999-04-28,3.25,3.25,3.25,3.25,100.0,0.0,1.0,2.3782149706861,2.3782149706861,2.3782149706861,2.3782149706861,100.0
1999-04-29,3.25,3.25,3.188,3.25,11500.0,0.0,1.0,2.3782149706861,2.3782149706861,2.3328459466299,2.3782149706861,11500.0
1999-04-30,3.188,3.25,3.188,3.188,3500.0,0.0,1.0,2.3328459466299,2.3782149706861,2.3328459466299,2.3328459466299,3500.0
1999-05-03,3.25,3.25,3.188,3.188,9000.0,0.0,1.0,2.3782149706861,2.3782149706861,2.3328459466299,2.3328459466299,9000.0
1999-05-04,3.188,3.25,3.188,3.25,17500.0,0.0,1.0,2.3328459466299,2.3782149706861,2.3328459466299,2.3782149706861,17500.0
1999-05-05,3.25,3.25,3.25,3.25,0.0,0.0,1.0,2.3782149706861,2.3782149706861,2.3782149706861,2.3782149706861,0.0
1999-05-06,3.313,3.313,3.25,3.25,7700.0,0.0,1.0,2.4243157531948,2.4243157531948,2.3782149706861,2.3782149706861,7700.0
1999-05-07,3.25,3.25,3.25,3.25,0.0,0.0,1.0,2.3782149706861,2.3782149706861,2.3782149706861,2.3782149706861,0.0
1999-05-10,3.25,3.25,3.25,3.25,0.0,0.0,1.0,2.3782149706861,2.3782149706861,2.3782149706861,2.3782149706861,0.0
1999-05-11,3.25,3.25,3.25,3.25,1000.0,0.0,1.0,2.3782149706861,2.3782149706861,2.3782149706861,2.3782149706861,1000.0
1999-05-12,3.25,3.25,3.188,3.188,6200.0,0.0,1.0,2.3782149706861,2.3782149706861,2.3328459466299,2.3328459466299,6200.0
1999-05-13,3.188,3.313,3.188,3.25,4500.0,0.0,1.0,2.3328459466299,2.4243157531948,2.3328459466299,2.3782149706861,4500.0
1999-05-14,3.188,3.313,3.188,3.313,1500.0,0.0,1.0,2.3328459466299,2.4243157531948,2.3328459466299,2.4243157531948,1500.0
1999-05-17,3.188,3.188,3.188,3.188,200.0,0.0,1.0,2.3328459466299,2.3328459466299,2.3328459466299,2.3328459466299,200.0
1999-05-18,3.313,3.375,3.25,3.25,6100.0,0.0,1.0,2.4243157531948,2.4696847772509,2.3782149706861,2.3782149706861,6100.0
1999-05-19,3.25,3.25,3.25,3.25,0.0,0.0,1.0,2.3782149706861,2.3782149706861,2.3782149706861,2.3782149706861,0.0
1999-05-20,3.375,3.5,3.344,3.5,22700.0,0.0,1.0,2.4696847772509,2.5611545838158,2.4470002652229,2.5611545838158,22700.0
1999-05-21,3.438,3.438,3.438,3.438,9500.0,0.0,1.0,2.5157855597596,2.5157855597596,2.5157855597596,2.5157855597596,9500.0
1999-05-24,3.375,3.375,3.375,3.375,33200.0,0.0,1.0,2.4696847772509,2.4696847772509,2.4696847772509,2.4696847772509,33200.0
1999-05-25,3.375,3.5,3.344,3.438,39000.0,0.0,1.0,2.4696847772509,2.5611545838158,2.4470002652229,2.5157855597596,39000.0
1999-05-26,3.5,3.5,3.375,3.375,8000.0,0.0,1.0,2.5611545838158,2.5611545838158,2.4696847772509,2.4696847772509,8000.0
1999-05-27,3.375,3.375,3.375,3.375,17500.0,0.0,1.0,2.4696847772509,2.4696847772509,2.4696847772509,2.4696847772509,17500.0
1999-05-28,3.5,3.5,3.375,3.5,15000.0,0.0,1.0,2.5611545838158,2.5611545838158,2.4696847772509,2.5611545838158,15000.0
1999-06-01,3.438,3.5,3.438,3.5,1600.0,0.0,1.0,2.5157855597596,2.5611545838158,2.5157855597596,2.5611545838158,1600.0
1999-06-02,3.484,3.5,3.469,3.484,3900.0,0.0,1.0,2.5494464485755,2.5611545838158,2.5384700717877,2.5494464485755,3900.0
1999-06-03,3.5,3.5,3.5,3.5,2400.0,0.0,1.0,2.5611545838158,2.5611545838158,2.5611545838158,2.5611545838158,2400.0
1999-06-04,3.5,3.625,3.5,3.5,6400.0,0.0,1.0,2.5611545838158,2.6526243903806,2.5611545838158,2.5611545838158,6400.0
1999-06-07,3.563,3.625,3.5,3.5,2000.0,0.0,1.0,2.6072553663245,2.6526243903806,2.5611545838158,2.5611545838158,2000.0
1999-06-08,3.5,3.625,3.5,3.625,2500.0,0.0,1.0,2.5611545838158,2.6526243903806,2.5611545838158,2.6526243903806,2500.0
1999-06-09,3.531,4.0,3.531,3.656,18800.0,0.0,1.0,2.5838390958439,2.9270338100752,2.5838390958439,2.6753089024087,18800.0
1999-06-10,3.875,3.875,3.625,3.625,2100.0,0.0,1.0,2.8355640035103,2.8355640035103,2.6526243903806,2.6526243903806,2100.0
1999-06-11,3.62,3.62,3.62,3.62,0.0,0.0,1.0,2.6489655981181,2.6489655981181,2.6489655981181,2.6489655981181,0.0
1999-06-14,3.62,3.62,3.62,3.62,0.0,0.0,1.0,2.6489655981181,2.6489655981181,2.6489655981181,2.6489655981181,0.0
1999-06-15,3.75,3.75,3.75,3.75,2300.0,0.0,1.0,2.7440941969455,2.7440941969455,2.7440941969455,2.7440941969455,2300.0
1999-06-16,3.75,3.938,3.75,3.938,8900.0,0.0,1.0,2.7440941969455,2.881664786019,2.7440941969455,2.881664786019,8900.0
1999-06-17,3.938,4.063,3.906,4.0,8700.0,0.0,1.0,2.881664786019,2.9731345925839,2.8582485155384,2.9270338100752,8700.0
1999-06-18,4.0,4.438,4.0,4.063,26900.0,0.0,1.0,2.9270338100752,3.2475440122784,2.9270338100752,2.9731345925839,26900.0
1999-06-21,4.0,4.063,4.0,4.031,21200.0,0.0,1.0,2.9270338100752,2.9731345925839,2.9270338100752,2.9497183221033,21200.0
1999-06-22,4.063,4.063,4.063,4.063,8300.0,0.0,1.0,2.9731345925839,2.9731345925839,2.9731345925839,2.9731345925839,8300.0
1999-06-23,4.063,4.063,3.813,4.063,4800.0,0.0,1.0,2.9731345925839,2.9731345925839,2.7901949794542,2.9731345925839,4800.0
1999-06-24,4.06,4.06,4.06,4.06,0.0,0.0,1.0,2.9709393172263,2.9709393172263,2.9709393172263,2.9709393172263,0.0
1999-06-25,4.06,4.06,4.06,4.06,0.0,0.0,1.0,2.9709393172263,2.9709393172263,2.9709393172263,2.9709393172263,0.0
1999-06-28,4.0,4.0,4.0,4.0,2300.0,0.0,1.0,2.9270338100752,2.9270338100752,2.9270338100752,2.9270338100752,2300.0
1999-06-29,3.938,3.938,3.938,3.938,300.0,0.0,1.0,2.881664786019,2.881664786019,2.881664786019,2.881664786019,300.0
1999-06-30,3.813,3.813,3.813,3.813,1000.0,0.0,1.0,2.7901949794542,2.7901949794542,2.7901949794542,2.7901949794542,1000.0
1999-07-01,3.81,3.81,3.81,3.81,0.0,0.0,1.0,2.7879997040966,2.7879997040966,2.7879997040966,2.7879997040966,0.0
1999-07-02,3.813,3.813,3.688,3.688,6500.0,0.0,1.0,2.7901949794542,2.7901949794542,2.6987251728893,2.6987251728893,6500.0
1999-07-06,3.75,3.875,3.75,3.875,8700.0,0.0,1.0,2.7440941969455,2.8355640035103,2.7440941969455,2.8355640035103,8700.0
1999-07-07,3.875,4.0,3.875,3.875,12500.0,0.0,1.0,2.8355640035103,2.9270338100752,2.8355640035103,2.8355640035103,12500.0
1999-07-08,3.875,4.063,3.75,4.063,28200.0,0.0,1.0,2.8355640035103,2.9731345925839,2.7440941969455,2.9731345925839,28200.0
1999-07-09,3.875,4.0,3.875,4.0,1500.0,0.0,1.0,2.8355640035103,2.9270338100752,2.8355640035103,2.9270338100752,1500.0
1999-07-12,3.922,3.938,3.922,3.938,4000.0,0.0,1.0,2.8699566507787,2.881664786019,2.8699566507787,2.881664786019,4000.0
1999-07-13,3.906,3.906,3.906,3.906,100.0,0.0,1.0,2.8582485155384,2.8582485155384,2.8582485155384,2.8582485155384,100.0
1999-07-14,3.953,4.0,3.953,4.0,11900.0,0.0,1.0,2.8926411628068,2.9270338100752,2.8926411628068,2.9270338100752,11900.0
1999-07-15,3.906,3.906,3.875,3.906,15400.0,0.0,1.0,2.8582485155384,2.8582485155384,2.8355640035103,2.8582485155384,15400.0
1999-07-16,3.688,4.0,3.688,4.0,2100.0,0.0,1.0,2.6987251728893,2.9270338100752,2.6987251728893,2.9270338100752,2100.0
1999-07-19,4.0,4.0,4.0,4.0,0.0,0.0,1.0,2.9270338100752,2.9270338100752,2.9270338100752,2.9270338100752,0.0
1999-07-20,3.75,4.125,3.75,4.0,7600.0,0.0,1.0,2.7440941969455,3.01850361664,2.7440941969455,2.9270338100752,7600.0
1999-07-21,4.0,4.0,4.0,4.0,0.0,0.0,1.0,2.9270338100752,2.9270338100752,2.9270338100752,2.9270338100752,0.0
1999-07-22,3.938,3.938,3.938,3.938,1200.0,0.0,1.0,2.881664786019,2.881664786019,2.881664786019,2.881664786019,1200.0
1999-07-23,3.938,3.938,3.75,3.813,3900.0,0.0,1.0,2.881664786019,2.881664786019,2.7440941969455,2.7901949794542,3900.0
1999-07-26,3.81,3.81,3.81,3.81,0.0,0.0,1.0,2.7879997040966,2.7879997040966,2.7879997040966,2.7879997040966,0.0
1999-07-27,4.0,4.0,4.0,4.0,600.0,0.0,1.0,2.9270338100752,2.9270338100752,2.9270338100752,2.9270338100752,600.0
1999-07-28,4.0,4.063,4.0,4.063,2700.0,0.0,1.0,2.9270338100752,2.9731345925839,2.9270338100752,2.9731345925839,2700.0
1999-07-29,3.813,3.813,3.75,3.75,5200.0,0.0,1.0,2.7901949794542,2.7901949794542,2.7440941969455,2.7440941969455,5200.0
1999-07-30,3.75,3.75,3.75,3.75,0.0,0.0,1.0,2.7440941969455,2.7440941969455,2.7440941969455,2.7440941969455,0.0
1999-08-02,3.75,4.063,3.75,4.063,3400.0,0.0,1.0,2.7440941969455,2.9731345925839,2.7440941969455,2.9731345925839,3400.0
1999-08-03,4.063,4.063,4.063,4.063,800.0,0.0,1.0,2.9731345925839,2.9731345925839,2.9731345925839,2.9731345925839,800.0
1999-08-04,3.938,3.938,3.813,3.813,1300.0,0.0,1.0,2.881664786019,2.881664786019,2.7901949794542,2.7901949794542,1300.0
1999-08-05,3.813,3.813,3.688,3.688,14800.0,0.0,1.0,2.7901949794542,2.7901949794542,2.6987251728893,2.6987251728893,14800.0
1999-08-06,3.69,3.69,3.69,3.69,0.0,0.0,1.0,2.7001886897944,2.7001886897944,2.7001886897944,2.7001886897944,0.0
1999-08-09,3.688,3.688,3.5,3.5,17100.0,0.0,1.0,2.6987251728893,2.6987251728893,2.5611545838158,2.5611545838158,17100.0
1999-08-10,3.5,3.5,3.5,3.5,500.0,0.0,1.0,2.5611545838158,2.5611545838158,2.5611545838158,2.5611545838158,500.0
1999-08-11,3.5,3.5,3.5,3.5,2100.0,0.0,1.0,2.5611545838158,2.5611545838158,2.5611545838158,2.5611545838158,2100.0
1999-08-12,3.688,3.688,3.563,3.563,8300.0,0.0,1.0,2.6987251728893,2.6987251728893,2.6072553663245,2.6072553663245,8300.0
1999-08-13,3.56,3.56,3.56,3.56,0.0,0.0,1.0,2.6050600909669,2.6050600909669,2.6050600909669,2.6050600909669,0.0
1999-08-16,3.656,3.656,3.656,3.656,300.0,0.0,1.0,2.6753089024087,2.6753089024087,2.6753089024087,2.6753089024087,300.0
1999-08-17,3.688,3.813,3.688,3.813,700.0,0.0,1.0,2.6987251728893,2.7901949794542,2.6987251728893,2.7901949794542,700.0
1999-08-18,3.813,3.813,3.813,3.813,300.0,0.0,1.0,2.7901949794542,2.7901949794542,2.7901949794542,2.7901949794542,300.0
1999-08-19,3.719,3.813,3.719,3.813,400.0,0.0,1.0,2.7214096849174,2.7901949794542,2.7214096849174,2.7901949794542,400.0
1999-08-20,3.81,3.81,3.81,3.81,0.0,0.0,1.0,2.7879997040966,2.7879997040966,2.7879997040966,2.7879997040966,0.0
1999-08-23,3.813,3.813,3.625,3.625,1400.0,0.0,1.0,2.7901949794542,2.7901949794542,2.6526243903806,2.6526243903806,1400.0
1999-08-24,3.688,3.813,3.688,3.75,9500.0,0.0,1.0,2.6987251728893,2.7901949794542,2.6987251728893,2.7440941969455,9500.0
1999-08-25,3.719,3.813,3.719,3.813,400.0,0.0,1.0,2.7214096849174,2.7901949794542,2.7214096849174,2.7901949794542,400.0
1999-08-26,3.813,3.813,3.625,3.625,2500.0,0.0,1.0,2.7901949794542,2.7901949794542,2.6526243903806,2.6526243903806,2500.0
1999-08-27,3.813,4.0,3.813,4.0,3000.0,0.0,1.0,2.7901949794542,2.9270338100752,2.7901949794542,2.9270338100752,3000.0
1999-08-30,4.0,4.031,3.875,4.0,10000.0,0.0,1.0,2.9270338100752,2.9497183221033,2.8355640035103,2.9270338100752,10000.0
1999-08-31,3.813,4.0,3.813,3.813,1600.0,0.0,1.0,2.7901949794542,2.9270338100752,2.7901949794542,2.7901949794542,1600.0
1999-09-01,4.0,4.063,3.953,3.953,16000.0,0.0,1.0,2.9270338100752,2.9731345925839,2.8926411628068,2.8926411628068,16000.0
1999-09-02,4.063,4.063,3.938,3.938,1300.0,0.0,1.0,2.9731345925839,2.9731345925839,2.881664786019,2.881664786019,1300.0
1999-09-03,3.875,3.875,3.875,3.875,10800.0,0.0,1.0,2.8355640035103,2.8355640035103,2.8355640035103,2.8355640035103,10800.0
1999-09-07,3.875,3.875,3.875,3.875,0.0,0.0,1.0,2.8355640035103,2.8355640035103,2.8355640035103,2.8355640035103,0.0
1999-09-08,3.813,4.0,3.813,3.813,1300.0,0.0,1.0,2.7901949794542,2.9270338100752,2.7901949794542,2.7901949794542,1300.0
1999-09-09,4.0,4.0,4.0,4.0,200.0,0.0,1.0,2.9270338100752,2.9270338100752,2.9270338100752,2.9270338100752,200.0
1999-09-10,4.0,4.0,4.0,4.0,0.0,0.0,1.0,2.9270338100752,2.9270338100752,2.9270338100752,2.9270338100752,0.0
1999-09-13,4.0,4.0,4.0,4.0,10000.0,0.0,1.0,2.9270338100752,2.9270338100752,2.9270338100752,2.9270338100752,10000.0
1999-09-14,3.813,3.813,3.813,3.813,500.0,0.0,1.0,2.7901949794542,2.7901949794542,2.7901949794542,2.7901949794542,500.0
1999-09-15,3.813,4.0,3.813,4.0,2100.0,0.0,1.0,2.7901949794542,2.9270338100752,2.7901949794542,2.9270338100752,2100.0
1999-09-16,4.0,4.0,4.0,4.0,0.0,0.0,1.0,2.9270338100752,2.9270338100752,2.9270338100752,2.9270338100752,0.0
1999-09-17,3.813,3.813,3.813,3.813,1600.0,0.0,1.0,2.7901949794542,2.7901949794542,2.7901949794542,2.7901949794542,1600.0
1999-09-20,3.906,3.906,3.813,3.813,1000.0,0.0,1.0,2.8582485155384,2.8582485155384,2.7901949794542,2.7901949794542,1000.0
1999-09-21,3.906,3.906,3.813,3.813,13200.0,0.0,1.0,2.8582485155384,2.8582485155384,2.7901949794542,2.7901949794542,13200.0
1999-09-22,4.0,4.0,4.0,4.0,1200.0,0.0,1.0,2.9270338100752,2.9270338100752,2.9270338100752,2.9270338100752,1200.0
1999-09-23,3.875,4.0,3.813,3.813,11500.0,0.0,1.0,2.8355640035103,2.9270338100752,2.7901949794542,2.7901949794542,11500.0
1999-09-24,3.813,3.813,3.75,3.75,13800.0,0.0,1.0,2.7901949794542,2.7901949794542,2.7440941969455,2.7440941969455,13800.0
1999-09-27,3.75,4.0,3.75,3.938,1300.0,0.0,1.0,2.7440941969455,2.9270338100752,2.7440941969455,2.881664786019,1300.0
1999-09-28,3.938,3.938,3.75,3.75,1400.0,0.0,1.0,2.881664786019,2.881664786019,2.7440941969455,2.7440941969455,1400.0
1999-09-29,3.844,3.844,3.438,3.438,69700.0,0.0,1.0,2.8128794914823,2.8128794914823,2.5157855597596,2.5157855597596,69700.0
1999-09-30,3.438,3.625,2.25,2.875,234200.0,0.0,1.0,2.5157855597596,2.6526243903806,1.6464565181673,2.1038055509915,234200.0
1999-10-01,2.875,3.125,2.875,3.125,78200.0,0.0,1.0,2.1038055509915,2.2867451641212,2.1038055509915,2.2867451641212,78200.0
1999-10-04,3.125,3.375,3.125,3.125,14200.0,0.0,1.0,2.2867451641212,2.4696847772509,2.2867451641212,2.2867451641212,14200.0
1999-10-05,3.125,3.125,3.094,3.094,3700.0,0.0,1.0,2.2867451641212,2.2867451641212,2.2640606520932,2.2640606520932,3700.0
1999-10-06,3.094,3.094,3.0,3.0,21400.0,0.0,1.0,2.2640606520932,2.2640606520932,2.1952753575564,2.1952753575564,21400.0
1999-10-07,3.188,3.188,3.188,3.188,900.0,0.0,1.0,2.3328459466299,2.3328459466299,2.3328459466299,2.3328459466299,900.0
1999-10-08,3.063,3.172,3.0,3.0,9600.0,0.0,1.0,2.2413761400651,2.3211378113896,2.1952753575564,2.1952753575564,9600.0
1999-10-11,3.0,3.125,2.969,3.125,3600.0,0.0,1.0,2.1952753575564,2.2867451641212,2.1725908455283,2.2867451641212,3600.0
1999-10-12,3.0,3.063,3.0,3.063,2400.0,0.0,1.0,2.1952753575564,2.2413761400651,2.1952753575564,2.2413761400651,2400.0
1999-10-13,3.063,3.063,2.969,2.969,900.0,0.0,1.0,2.2413761400651,2.2413761400651,2.1725908455283,2.1725908455283,900.0
1999-10-14,2.938,2.938,2.938,2.938,4300.0,0.0,1.0,2.1499063335002,2.1499063335002,2.1499063335002,2.1499063335002,4300.0
1999-10-15,2.938,3.125,2.938,3.125,600.0,0.0,1.0,2.1499063335002,2.2867451641212,2.1499063335002,2.2867451641212,600.0
1999-10-18,3.156,3.156,3.063,3.078,4000.0,0.0,1.0,2.3094296761493,2.3094296761493,2.2413761400651,2.2523525168529,4000.0
1999-10-19,3.063,3.063,3.063,3.063,1000.0,0.0,1.0,2.2413761400651,2.2413761400651,2.2413761400651,2.2413761400651,1000.0
1999-10-20,3.06,3.06,3.06,3.06,0.0,0.0,1.0,2.2391808647075,2.2391808647075,2.2391808647075,2.2391808647075,0.0
1999-10-21,3.0,3.25,3.0,3.25,1000.0,0.0,1.0,2.1952753575564,2.3782149706861,2.1952753575564,2.3782149706861,1000.0
1999-10-22,3.25,3.25,3.203,3.203,4500.0,0.0,1.0,2.3782149706861,2.3782149706861,2.3438223234177,2.3438223234177,4500.0
1999-10-25,3.313,3.313,3.313,3.313,800.0,0.0,1.0,2.4243157531948,2.4243157531948,2.4243157531948,2.4243157531948,800.0
1999-10-26,3.234,3.438,3.234,3.438,10000.0,0.0,1.0,2.3665068354458,2.5157855597596,2.3665068354458,2.5157855597596,10000.0
1999-10-27,3.438,3.5,3.438,3.438,4000.0,0.0,1.0,2.5157855597596,2.5611545838158,2.5157855597596,2.5157855597596,4000.0
1999-10-28,3.375,3.375,3.375,3.375,1300.0,0.0,1.0,2.4696847772509,2.4696847772509,2.4696847772509,2.4696847772509,1300.0
1999-10-29,3.313,3.469,3.313,3.375,1300.0,0.0,1.0,2.4243157531948,2.5384700717877,2.4243157531948,2.4696847772509,1300.0
1999-11-01,3.453,3.5,3.453,3.5,3700.0,0.0,1.0,2.5267619365474,2.5611545838158,2.5267619365474,2.5611545838158,3700.0
1999-11-02,3.438,3.438,3.438,3.438,800.0,0.0,1.0,2.5157855597596,2.5157855597596,2.5157855597596,2.5157855597596,800.0
1999-11-03,3.375,3.375,3.25,3.313,6800.0,0.0,1.0,2.4696847772509,2.4696847772509,2.3782149706861,2.4243157531948,6800.0
1999-11-04,3.5,3.5,3.5,3.5,100.0,0.0,1.0,2.5611545838158,2.5611545838158,2.5611545838158,2.5611545838158,100.0
1999-11-05,3.375,3.438,3.25,3.25,33000.0,0.0,1.0,2.4696847772509,2.5157855597596,2.3782149706861,2.3782149706861,33000.0
1999-11-08,3.156,3.25,3.156,3.156,24500.0,0.0,1.0,2.3094296761493,2.3782149706861,2.3094296761493,2.3094296761493,24500.0
1999-11-09,3.156,3.188,3.156,3.188,6600.0,0.0,1.0,2.3094296761493,2.3328459466299,2.3094296761493,2.3328459466299,6600.0
1999-11-10,3.219,3.25,3.188,3.25,3600.0,0.0,1.0,2.355530458658,2.3782149706861,2.3328459466299,2.3782149706861,3600.0
1999-11-11,3.25,3.875,3.25,3.5,20000.0,0.0,1.0,2.3782149706861,2.8355640035103,2.3782149706861,2.5611545838158,20000.0
1999-11-12,3.5,3.5,3.25,3.438,67300.0,0.0,1.0,2.5611545838158,2.5611545838158,2.3782149706861,2.5157855597596,67300.0
1999-11-15,3.313,3.438,3.313,3.438,5100.0,0.0,1.0,2.4243157531948,2.5157855597596,2.4243157531948,2.5157855597596,5100.0
1999-11-16,3.5,4.0,3.375,3.813,45800.0,0.0,1.0,2.5611545838158,2.9270338100752,2.4696847772509,2.7901949794542,45800.0
1999-11-17,3.781,3.875,3.5,3.719,49800.0,0.0,1.0,2.7667787089736,2.8355640035103,2.5611545838158,2.7214096849174,49800.0
1999-11-18,3.813,3.844,3.688,3.688,4000.0,0.0,1.0,2.7901949794542,2.8128794914823,2.6987251728893,2.6987251728893,4000.0
1999-11-19,3.688,3.875,3.688,3.875,700.0,0.0,1.0,2.6987251728893,2.8355640035103,2.6987251728893,2.8355640035103,700.0
1999-11-22,3.813,3.813,3.25,3.25,70400.0,0.0,1.0,2.7901949794542,2.7901949794542,2.3782149706861,2.3782149706861,70400.0
1999-11-23,3.5,3.594,3.25,3.594,96400.0,0.0,1.0,2.5611545838158,2.6299398783526,2.3782149706861,2.6299398783526,96400.0
1999-11-24,3.688,3.875,3.688,3.688,35200.0,0.0,1.0,2.6987251728893,2.8355640035103,2.6987251728893,2.6987251728893,35200.0
1999-11-26,3.75,3.75,3.688,3.688,2800.0,0.0,1.0,2.7440941969455,2.7440941969455,2.6987251728893,2.6987251728893,2800.0
1999-11-29,3.625,3.625,3.5,3.563,5100.0,0.0,1.0,2.6526243903806,2.6526243903806,2.5611545838158,2.6072553663245,5100.0
1999-11-30,3.563,3.625,3.563,3.563,3200.0,0.0,1.0,2.6072553663245,2.6526243903806,2.6072553663245,2.6072553663245,3200.0
1999-12-01,3.594,3.594,3.406,3.406,4400.0,0.0,1.0,2.6299398783526,2.6299398783526,2.492369289279,2.492369289279,4400.0
1999-12-02,3.563,3.563,3.188,3.313,2100.0,0.0,1.0,2.6072553663245,2.6072553663245,2.3328459466299,2.4243157531948,2100.0
1999-12-03,3.344,3.5,3.25,3.25,25100.0,0.0,1.0,2.4470002652229,2.5611545838158,2.3782149706861,2.3782149706861,25100.0
1999-12-06,3.375,3.375,3.375,3.375,21600.0,0.0,1.0,2.4696847772509,2.4696847772509,2.4696847772509,2.4696847772509,21600.0
1999-12-07,3.453,3.453,3.25,3.25,8000.0,0.0,1.0,2.5267619365474,2.5267619365474,2.3782149706861,2.3782149706861,8000.0
1999-12-08,3.375,3.375,3.313,3.375,23300.0,0.0,1.0,2.4696847772509,2.4696847772509,2.4243157531948,2.4696847772509,23300.0
1999-12-09,3.375,3.563,3.375,3.563,8500.0,0.0,1.0,2.4696847772509,2.6072553663245,2.4696847772509,2.6072553663245,8500.0
1999-12-10,3.5,3.5,3.5,3.5,13900.0,0.0,1.0,2.5611545838158,2.5611545838158,2.5611545838158,2.5611545838158,13900.0
1999-12-13,3.5,3.5,3.5,3.5,1900.0,0.0,1.0,2.5611545838158,2.5611545838158,2.5611545838158,2.5611545838158,1900.0
1999-12-14,3.5,3.563,3.313,3.5,14200.0,0.0,1.0,2.5611545838158,2.6072553663245,2.4243157531948,2.5611545838158,14200.0
1999-12-15,3.438,3.438,3.375,3.375,3900.0,0.0,1.0,2.5157855597596,2.5157855597596,2.4696847772509,2.4696847772509,3900.0
1999-12-16,3.375,3.375,3.375,3.375,23300.0,0.0,1.0,2.4696847772509,2.4696847772509,2.4696847772509,2.4696847772509,23300.0
1999-12-17,3.375,3.375,3.156,3.156,6300.0,0.0,1.0,2.4696847772509,2.4696847772509,2.3094296761493,2.3094296761493,6300.0
1999-12-20,3.234,3.234,3.0,3.0,6100.0,0.0,1.0,2.3665068354458,2.3665068354458,2.1952753575564,2.1952753575564,6100.0
1999-12-21,3.125,3.125,3.125,3.125,700.0,0.0,1.0,2.2867451641212,2.2867451641212,2.2867451641212,2.2867451641212,700.0
1999-12-22,3.219,3.219,3.125,3.125,900.0,0.0,1.0,2.355530458658,2.355530458658,2.2867451641212,2.2867451641212,900.0
1999-12-23,3.219,3.563,3.219,3.5,11100.0,0.0,1.0,2.355530458658,2.6072553663245,2.355530458658,2.5611545838158,11100.0
1999-12-27,3.5,3.563,3.5,3.5,39100.0,0.0,1.0,2.5611545838158,2.6072553663245,2.5611545838158,2.5611545838158,39100.0
1999-12-28,3.438,3.625,3.438,3.563,21700.0,0.0,1.0,2.5157855597596,2.6526243903806,2.5157855597596,2.6072553663245,21700.0
1999-12-29,3.563,3.813,3.563,3.813,12900.0,0.0,1.0,2.6072553663245,2.7901949794542,2.6072553663245,2.7901949794542,12900.0
1999-12-30,3.875,3.875,3.531,3.875,14600.0,0.0,1.0,2.8355640035103,2.8355640035103,2.5838390958439,2.8355640035103,14600.0
1999-12-31,3.75,4.188,3.75,4.0,20300.0,0.0,1.0,2.7440941969455,3.0646043991487,2.7440941969455,2.9270338100752,20300.0
2000-01-03,4.0,4.06,4.0,4.06,900.0,0.0,1.0,2.9270338100752,2.9709393172263,2.9270338100752,2.9709393172263,900.0
2000-01-04,4.125,4.188,4.125,4.125,7100.0,0.0,1.0,3.01850361664,3.0646043991487,3.01850361664,3.01850361664,7100.0
2000-01-05,4.125,4.125,3.563,3.75,5000.0,0.0,1.0,3.01850361664,3.01850361664,2.6072553663245,2.7440941969455,5000.0
2000-01-06,3.75,3.75,3.75,3.75,0.0,0.0,1.0,2.7440941969455,2.7440941969455,2.7440941969455,2.7440941969455,0.0
2000-01-07,4.0,4.0,3.625,3.625,50100.0,0.0,1.0,2.9270338100752,2.9270338100752,2.6526243903806,2.6526243903806,50100.0
2000-01-10,3.875,4.125,3.875,4.125,8000.0,0.0,1.0,2.8355640035103,3.01850361664,2.8355640035103,3.01850361664,8000.0
2000-01-11,4.094,4.094,3.5,3.75,7900.0,0.0,1.0,2.995819104612,2.995819104612,2.5611545838158,2.7440941969455,7900.0
2000-01-12,3.563,3.781,3.563,3.781,7500.0,0.0,1.0,2.6072553663245,2.7667787089736,2.6072553663245,2.7667787089736,7500.0
2000-01-13,3.625,3.625,3.5,3.5,2000.0,0.0,1.0,2.6526243903806,2.6526243903806,2.5611545838158,2.5611545838158,2000.0
2000-01-14,3.781,3.781,3.625,3.625,6200.0,0.0,1.0,2.7667787089736,2.7667787089736,2.6526243903806,2.6526243903806,6200.0
2000-01-18,3.75,4.0,3.75,4.0,5000.0,0.0,1.0,2.7440941969455,2.9270338100752,2.7440941969455,2.9270338100752,5000.0
2000-01-19,3.875,4.094,3.875,4.031,8800.0,0.0,1.0,2.8355640035103,2.995819104612,2.8355640035103,2.9497183221033,8800.0
2000-01-20,4.0,4.094,4.0,4.094,3500.0,0.0,1.0,2.9270338100752,2.995819104612,2.9270338100752,2.995819104612,3500.0
2000-01-21,4.0,4.0,3.875,3.875,8700.0,0.0,1.0,2.9270338100752,2.9270338100752,2.8355640035103,2.8355640035103,8700.0
2000-01-24,4.047,4.047,4.047,4.047,8600.0,0.0,1.0,2.9614264573436,2.9614264573436,2.9614264573436,2.9614264573436,8600.0
2000-01-25,4.031,4.031,4.031,4.031,700.0,0.0,1.0,2.9497183221033,2.9497183221033,2.9497183221033,2.9497183221033,700.0
2000-01-26,4.063,5.063,4.063,4.875,165200.0,0.0,1.0,2.9731345925839,3.7048930451027,2.9731345925839,3.5673224560291,165200.0
2000-01-27,5.063,5.125,4.5,4.5,26300.0,0.0,1.0,3.7048930451027,3.7502620691588,3.2929130363346,3.2929130363346,26300.0
2000-01-28,4.75,4.75,4.5,4.5,4500.0,0.0,1.0,3.4758526494643,3.4758526494643,3.2929130363346,3.2929130363346,4500.0
2000-01-31,4.5,4.75,4.5,4.5,1300.0,0.0,1.0,3.2929130363346,3.4758526494643,3.2929130363346,3.2929130363346,1300.0
2000-02-01,4.516,4.938,4.516,4.938,5600.0,0.0,1.0,3.3046211715749,3.6134232385378,3.3046211715749,3.6134232385378,5600.0
2000-02-02,4.625,4.75,4.5,4.75,9200.0,0.0,1.0,3.3843828428994,3.4758526494643,3.2929130363346,3.4758526494643,9200.0
2000-02-03,4.375,4.75,4.375,4.375,4400.0,0.0,1.0,3.2014432297697,3.4758526494643,3.2014432297697,3.2014432297697,4400.0
2000-02-04,4.125,4.125,4.125,4.125,2400.0,0.0,1.0,3.01850361664,3.01850361664,3.01850361664,3.01850361664,2400.0
2000-02-07,4.5,4.625,4.125,4.125,16600.0,0.0,1.0,3.2929130363346,3.3843828428994,3.01850361664,3.01850361664,16600.0
2000-02-08,4.375,4.5,4.375,4.375,5800.0,0.0,1.0,3.2014432297697,3.2929130363346,3.2014432297697,3.2014432297697,5800.0
2000-02-09,4.375,4.5,4.375,4.5,11900.0,0.0,1.0,3.2014432297697,3.2929130363346,3.2014432297697,3.2929130363346,11900.0
2000-02-10,4.5,4.875,4.5,4.875,8600.0,0.0,1.0,3.2929130363346,3.5673224560291,3.2929130363346,3.5673224560291,8600.0
2000-02-11,4.938,5.0,4.625,4.625,13100.0,0.0,1.0,3.6134232385378,3.658792262594,3.3843828428994,3.3843828428994,13100.0
2000-02-14,4.5,4.813,4.5,4.813,10800.0,0.0,1.0,3.2929130363346,3.521953431973,3.2929130363346,3.521953431973,10800.0
2000-02-15,4.5,4.813,4.0,4.813,5600.0,0.0,1.0,3.2929130363346,3.521953431973,2.9270338100752,3.521953431973,5600.0
2000-02-16,4.594,4.75,4.594,4.75,5600.0,0.0,1.0,3.3616983308714,3.4758526494643,3.3616983308714,3.4758526494643,5600.0
2000-02-17,4.75,4.75,4.75,4.75,1300.0,0.0,1.0,3.4758526494643,3.4758526494643,3.4758526494643,3.4758526494643,1300.0
2000-02-18,4.375,4.375,4.375,4.375,1400.0,0.0,1.0,3.2014432297697,3.2014432297697,3.2014432297697,3.2014432297697,1400.0
2000-02-22,4.75,4.75,4.75,4.75,3000.0,0.0,1.0,3.4758526494643,3.4758526494643,3.4758526494643,3.4758526494643,3000.0
2000-02-23,4.703,4.75,4.5,4.719,16300.0,0.0,1.0,3.4414600021959,3.4758526494643,3.2929130363346,3.4531681374362,16300.0
2000-02-24,4.5,4.5,3.125,4.5,15700.0,0.0,1.0,3.2929130363346,3.2929130363346,2.2867451641212,3.2929130363346,15700.0
2000-02-25,4.438,4.563,4.438,4.5,6600.0,0.0,1.0,3.2475440122784,3.3390138188433,3.2475440122784,3.2929130363346,6600.0
2000-02-28,4.438,4.438,4.438,4.438,2900.0,0.0,1.0,3.2475440122784,3.2475440122784,3.2475440122784,3.2475440122784,2900.0
2000-02-29,4.5,4.5,4.188,4.438,6000.0,0.0,1.0,3.2929130363346,3.2929130363346,3.0646043991487,3.2475440122784,6000.0
2000-03-01,4.188,4.188,3.75,3.938,3100.0,0.0,1.0,3.0646043991487,3.0646043991487,2.7440941969455,2.881664786019,3100.0
2000-03-02,3.938,4.125,3.75,4.125,4400.0,0.0,1.0,2.881664786019,3.01850361664,2.7440941969455,3.01850361664,4400.0
2000-03-03,4.12,4.12,4.12,4.12,0.0,0.0,1.0,3.0148448243775,3.0148448243775,3.0148448243775,3.0148448243775,0.0
2000-03-06,3.75,4.406,3.75,4.406,4200.0,0.0,1.0,2.7440941969455,3.2241277417978,2.7440941969455,3.2241277417978,4200.0
2000-03-07,4.156,4.406,4.156,4.406,2300.0,0.0,1.0,3.0411881286681,3.2241277417978,3.0411881286681,3.2241277417978,2300.0
2000-03-08,3.75,3.75,3.5,3.5,8900.0,0.0,1.0,2.7440941969455,2.7440941969455,2.5611545838158,2.5611545838158,8900.0
2000-03-09,3.438,4.0,3.438,3.906,11200.0,0.0,1.0,2.5157855597596,2.9270338100752,2.5157855597596,2.8582485155384,11200.0
2000-03-10,3.688,3.969,3.688,3.969,600.0,0.0,1.0,2.6987251728893,2.9043492980471,2.6987251728893,2.9043492980471,600.0
2000-03-13,4.0,4.0,3.688,3.938,2600.0,0.0,1.0,2.9270338100752,2.9270338100752,2.6987251728893,2.881664786019,2600.0
2000-03-14,3.938,3.938,3.938,3.938,1300.0,0.0,1.0,2.881664786019,2.881664786019,2.881664786019,2.881664786019,1300.0
2000-03-15,3.688,3.938,3.563,3.688,5200.0,0.0,1.0,2.6987251728893,2.881664786019,2.6072553663245,2.6987251728893,5200.0
2000-03-16,3.688,4.375,3.563,4.375,11100.0,0.0,1.0,2.6987251728893,3.2014432297697,2.6072553663245,3.2014432297697,11100.0
2000-03-17,4.125,4.125,4.125,4.125,1200.0,0.0,1.0,3.01850361664,3.01850361664,3.01850361664,3.01850361664,1200.0
2000-03-20,4.25,4.25,4.094,4.25,1500.0,0.0,1.0,3.1099734232049,3.1099734232049,2.995819104612,3.1099734232049,1500.0
2000-03-21,4.125,4.25,4.125,4.125,7200.0,0.0,1.0,3.01850361664,3.1099734232049,3.01850361664,3.01850361664,7200.0
2000-03-22,4.0,4.25,4.0,4.125,5400.0,0.0,1.0,2.9270338100752,3.1099734232049,2.9270338100752,3.01850361664,5400.0
2000-03-23,4.188,4.188,3.953,3.953,4600.0,0.0,1.0,3.0646043991487,3.0646043991487,2.8926411628068,2.8926411628068,4600.0
2000-03-24,4.125,4.125,3.938,3.938,22800.0,0.0,1.0,3.01850361664,3.01850361664,2.881664786019,2.881664786019,22800.0
2000-03-27,3.875,4.0,3.875,4.0,1700.0,0.0,1.0,2.8355640035103,2.9270338100752,2.8355640035103,2.9270338100752,1700.0
2000-03-28,4.0,4.12,4.0,4.0,1600.0,0.0,1.0,2.9270338100752,3.0148448243775,2.9270338100752,2.9270338100752,1600.0
2000-03-29,4.0,4.125,3.875,4.125,6400.0,0.0,1.0,2.9270338100752,3.01850361664,2.8355640035103,3.01850361664,6400.0
2000-03-30,4.125,4.25,4.063,4.25,3300.0,0.0,1.0,3.01850361664,3.1099734232049,2.9731345925839,3.1099734232049,3300.0
2000-03-31,4.25,4.25,4.25,4.25,200.0,0.0,1.0,3.1099734232049,3.1099734232049,3.1099734232049,3.1099734232049,200.0
2000-04-03,4.25,4.25,4.063,4.25,8300.0,0.0,1.0,3.1099734232049,3.1099734232049,2.9731345925839,3.1099734232049,8300.0
2000-04-04,4.188,4.188,4.0,4.0,15000.0,0.0,1.0,3.0646043991487,3.0646043991487,2.9270338100752,2.9270338100752,15000.0
2000-04-05,4.0,4.188,4.0,4.125,6700.0,0.0,1.0,2.9270338100752,3.0646043991487,2.9270338100752,3.01850361664,6700.0
2000-04-06,4.125,4.125,4.125,4.125,100.0,0.0,1.0,3.01850361664,3.01850361664,3.01850361664,3.01850361664,100.0
2000-04-07,4.063,4.156,4.063,4.156,6300.0,0.0,1.0,2.9731345925839,3.0411881286681,2.9731345925839,3.0411881286681,6300.0
2000-04-10,4.063,4.188,4.063,4.188,2600.0,0.0,1.0,2.9731345925839,3.0646043991487,2.9731345925839,3.0646043991487,2600.0
2000-04-11,4.188,4.188,4.156,4.156,3200.0,0.0,1.0,3.0646043991487,3.0646043991487,3.0411881286681,3.0411881286681,3200.0
2000-04-12,4.125,4.188,4.063,4.063,8100.0,0.0,1.0,3.01850361664,3.0646043991487,2.9731345925839,2.9731345925839,8100.0
2000-04-13,4.063,4.063,4.063,4.063,1600.0,0.0,1.0,2.9731345925839,2.9731345925839,2.9731345925839,2.9731345925839,1600.0
2000-04-14,4.063,4.063,3.438,3.438,21400.0,0.0,1.0,2.9731345925839,2.9731345925839,2.5157855597596,2.5157855597596,21400.0
2000-04-17,3.438,3.688,3.438,3.5,15000.0,0.0,1.0,2.5157855597596,2.6987251728893,2.5157855597596,2.5611545838158,15000.0
2000-04-18,3.625,4.0,3.563,3.563,12700.0,0.0,1.0,2.6526243903806,2.9270338100752,2.6072553663245,2.6072553663245,12700.0
2000-04-19,3.875,4.25,3.875,4.0,17400.0,0.0,1.0,2.8355640035103,3.1099734232049,2.8355640035103,2.9270338100752,17400.0
2000-04-20,3.797,3.797,3.797,3.797,2000.0,0.0,1.0,2.7784868442139,2.7784868442139,2.7784868442139,2.7784868442139,2000.0
2000-04-24,3.813,4.0,3.625,4.0,13900.0,0.0,1.0,2.7901949794542,2.9270338100752,2.6526243903806,2.9270338100752,13900.0
2000-04-25,3.813,4.0,3.813,4.0,900.0,0.0,1.0,2.7901949794542,2.9270338100752,2.7901949794542,2.9270338100752,900.0
2000-04-26,4.0,4.25,3.813,4.25,33400.0,0.0,1.0,2.9270338100752,3.1099734232049,2.7901949794542,3.1099734232049,33400.0
2000-04-27,4.25,4.25,4.25,4.25,400.0,0.0,1.0,3.1099734232049,3.1099734232049,3.1099734232049,3.1099734232049,400.0
2000-04-28,4.0,4.0,4.0,4.0,35100.0,0.0,1.0,2.9270338100752,2.9270338100752,2.9270338100752,2.9270338100752,35100.0
2000-05-01,4.125,4.125,4.125,4.125,4000.0,0.0,1.0,3.01850361664,3.01850361664,3.01850361664,3.01850361664,4000.0
2000-05-02,4.125,4.125,4.0,4.0,6300.0,0.0,1.0,3.01850361664,3.01850361664,2.9270338100752,2.9270338100752,6300.0
2000-05-03,4.0,4.0,4.0,4.0,0.0,0.0,1.0,2.9270338100752,2.9270338100752,2.9270338100752,2.9270338100752,0.0
2000-05-04,4.0,4.0,4.0,4.0,3600.0,0.0,1.0,2.9270338100752,2.9270338100752,2.9270338100752,2.9270338100752,3600.0
2000-05-05,3.938,3.938,3.75,3.938,3200.0,0.0,1.0,2.881664786019,2.881664786019,2.7440941969455,2.881664786019,3200.0
2000-05-08,3.938,4.0,3.938,4.0,1600.0,0.0,1.0,2.881664786019,2.9270338100752,2.881664786019,2.9270338100752,1600.0
2000-05-09,3.938,3.938,3.75,3.75,5000.0,0.0,1.0,2.881664786019,2.881664786019,2.7440941969455,2.7440941969455,5000.0
2000-05-10,3.75,3.75,3.75,3.75,1800.0,0.0,1.0,2.7440941969455,2.7440941969455,2.7440941969455,2.7440941969455,1800.0
2000-05-11,3.75,3.75,3.5,3.5,27500.0,0.0,1.0,2.7440941969455,2.7440941969455,2.5611545838158,2.5611545838158,27500.0
2000-05-12,3.5,3.5,3.375,3.375,11300.0,0.0,1.0,2.5611545838158,2.5611545838158,2.4696847772509,2.4696847772509,11300.0
2000-05-15,3.375,3.375,3.375,3.375,1000.0,0.0,1.0,2.4696847772509,2.4696847772509,2.4696847772509,2.4696847772509,1000.0
2000-05-16,3.5,3.5,3.5,3.5,3600.0,0.0,1.0,2.5611545838158,2.5611545838158,2.5611545838158,2.5611545838158,3600.0
2000-05-17,3.5,3.5,3.5,3.5,4100.0,0.0,1.0,2.5611545838158,2.5611545838158,2.5611545838158,2.5611545838158,4100.0
2000-05-18,3.438,3.438,3.25,3.25,39500.0,0.0,1.0,2.5157855597596,2.5157855597596,2.3782149706861,2.3782149706861,39500.0
2000-05-19,3.313,3.375,3.063,3.063,27800.0,0.0,1.0,2.4243157531948,2.4696847772509,2.2413761400651,2.2413761400651,27800.0
2000-05-22,3.375,3.375,3.375,3.375,1100.0,0.0,1.0,2.4696847772509,2.4696847772509,2.4696847772509,2.4696847772509,1100.0
2000-05-23,3.25,3.375,3.25,3.25,5100.0,0.0,1.0,2.3782149706861,2.4696847772509,2.3782149706861,2.3782149706861,5100.0
2000-05-24,3.25,3.25,3.0,3.125,15000.0,0.0,1.0,2.3782149706861,2.3782149706861,2.1952753575564,2.2867451641212,15000.0
2000-05-25,3.063,3.063,3.063,3.063,1000.0,0.0,1.0,2.2413761400651,2.2413761400651,2.2413761400651,2.2413761400651,1000.0
2000-05-26,3.125,3.5,3.063,3.5,5200.0,0.0,1.0,2.2867451641212,2.5611545838158,2.2413761400651,2.5611545838158,5200.0
2000-05-30,3.313,3.5,3.313,3.313,900.0,0.0,1.0,2.4243157531948,2.5611545838158,2.4243157531948,2.4243157531948,900.0
2000-05-31,3.44,3.44,3.38,3.38,2600.0,0.0,1.0,2.5172490766647,2.5172490766647,2.4733435695135,2.4733435695135,2600.0
2000-06-01,3.313,3.313,3.313,3.313,2000.0,0.0,1.0,2.4243157531948,2.4243157531948,2.4243157531948,2.4243157531948,2000.0
2000-06-02,3.31,3.31,3.31,3.31,0.0,0.0,1.0,2.4221204778372,2.4221204778372,2.4221204778372,2.4221204778372,0.0
2000-06-05,3.5,3.5,3.313,3.313,5400.0,0.0,1.0,2.5611545838158,2.5611545838158,2.4243157531948,2.4243157531948,5400.0
2000-06-06,3.375,3.438,3.375,3.438,1900.0,0.0,1.0,2.4696847772509,2.5157855597596,2.4696847772509,2.5157855597596,1900.0
2000-06-07,3.313,3.375,3.25,3.25,3600.0,0.0,1.0,2.4243157531948,2.4696847772509,2.3782149706861,2.3782149706861,3600.0
2000-06-08,3.375,3.375,3.188,3.188,3300.0,0.0,1.0,2.4696847772509,2.4696847772509,2.3328459466299,2.3328459466299,3300.0
2000-06-09,3.25,3.25,3.063,3.172,7500.0,0.0,1.0,2.3782149706861,2.3782149706861,2.2413761400651,2.3211378113896,7500.0
2000-06-12,3.063,3.375,3.0,3.375,258400.0,0.0,1.0,2.2413761400651,2.4696847772509,2.1952753575564,2.4696847772509,258400.0
2000-06-13,3.313,3.313,3.125,3.188,87200.0,0.0,1.0,2.4243157531948,2.4243157531948,2.2867451641212,2.3328459466299,87200.0
2000-06-14,3.188,3.25,3.188,3.25,2800.0,0.0,1.0,2.3328459466299,2.3782149706861,2.3328459466299,2.3782149706861,2800.0
2000-06-15,3.25,3.438,3.25,3.375,5600.0,0.0,1.0,2.3782149706861,2.5157855597596,2.3782149706861,2.4696847772509,5600.0
2000-06-16,3.375,3.375,3.375,3.375,2000.0,0.0,1.0,2.4696847772509,2.4696847772509,2.4696847772509,2.4696847772509,2000.0
2000-06-19,3.375,3.438,3.25,3.25,22600.0,0.0,1.0,2.4696847772509,2.5157855597596,2.3782149706861,2.3782149706861,22600.0
2000-06-20,3.281,3.281,3.25,3.25,3800.0,0.0,1.0,2.4008994827142,2.4008994827142,2.3782149706861,2.3782149706861,3800.0
2000-06-21,3.25,3.375,3.125,3.125,34800.0,0.0,1.0,2.3782149706861,2.4696847772509,2.2867451641212,2.2867451641212,34800.0
2000-06-22,3.219,3.219,3.219,3.219,1500.0,0.0,1.0,2.355530458658,2.355530458658,2.355530458658,2.355530458658,1500.0
2000-06-23,3.188,3.188,3.125,3.125,2500.0,0.0,1.0,2.3328459466299,2.3328459466299,2.2867451641212,2.2867451641212,2500.0
2000-06-26,3.234,3.234,2.938,3.031,52500.0,0.0,1.0,2.3665068354458,2.3665068354458,2.1499063335002,2.2179598695845,52500.0
2000-06-27,3.063,3.125,3.031,3.125,9400.0,0.0,1.0,2.2413761400651,2.2867451641212,2.2179598695845,2.2867451641212,9400.0
2000-06-28,3.125,3.125,3.031,3.031,5100.0,0.0,1.0,2.2867451641212,2.2867451641212,2.2179598695845,2.2179598695845,5100.0
2000-06-29,3.0,3.125,3.0,3.125,10800.0,0.0,1.0,2.1952753575564,2.2867451641212,2.1952753575564,2.2867451641212,10800.0
2000-06-30,3.063,3.063,2.875,2.938,20800.0,0.0,1.0,2.2413761400651,2.2413761400651,2.1038055509915,2.1499063335002,20800.0
2000-07-03,3.125,3.125,3.0,3.0,1300.0,0.0,1.0,2.2867451641212,2.2867451641212,2.1952753575564,2.1952753575564,1300.0
2000-07-05,3.125,3.125,3.0,3.0,2200.0,0.0,1.0,2.2867451641212,2.2867451641212,2.1952753575564,2.1952753575564,2200.0
2000-07-06,3.0,3.0,3.0,3.0,2500.0,0.0,1.0,2.1952753575564,2.1952753575564,2.1952753575564,2.1952753575564,2500.0
2000-07-07,3.125,3.156,2.75,3.156,245400.0,0.0,1.0,2.2867451641212,2.3094296761493,2.0123357444267,2.3094296761493,245400.0
2000-07-10,3.0,3.156,3.0,3.156,1900.0,0.0,1.0,2.1952753575564,2.3094296761493,2.1952753575564,2.3094296761493,1900.0
2000-07-11,3.156,3.156,3.063,3.063,2300.0,0.0,1.0,2.3094296761493,2.3094296761493,2.2413761400651,2.2413761400651,2300.0
2000-07-12,3.06,3.06,3.06,3.06,0.0,0.0,1.0,2.2391808647075,2.2391808647075,2.2391808647075,2.2391808647075,0.0
2000-07-13,3.125,3.125,3.063,3.063,8500.0,0.0,1.0,2.2867451641212,2.2867451641212,2.2413761400651,2.2413761400651,8500.0
2000-07-14,3.06,3.06,3.06,3.06,0.0,0.0,1.0,2.2391808647075,2.2391808647075,2.2391808647075,2.2391808647075,0.0
2000-07-17,3.063,3.063,3.063,3.063,500.0,0.0,1.0,2.2413761400651,2.2413761400651,2.2413761400651,2.2413761400651,500.0
2000-07-18,3.156,3.156,3.156,3.156,400.0,0.0,1.0,2.3094296761493,2.3094296761493,2.3094296761493,2.3094296761493,400.0
2000-07-19,3.156,3.188,3.094,3.094,8200.0,0.0,1.0,2.3094296761493,2.3328459466299,2.2640606520932,2.2640606520932,8200.0
2000-07-20,3.09,3.09,3.09,3.09,0.0,0.0,1.0,2.2611336182831,2.2611336182831,2.2611336182831,2.2611336182831,0.0
2000-07-21,3.09,3.09,3.09,3.09,0.0,0.0,1.0,2.2611336182831,2.2611336182831,2.2611336182831,2.2611336182831,0.0
2000-07-24,3.266,3.266,3.25,3.25,1300.0,0.0,1.0,2.3899231059264,2.3899231059264,2.3782149706861,2.3782149706861,1300.0
2000-07-25,3.25,3.281,3.063,3.063,5900.0,0.0,1.0,2.3782149706861,2.4008994827142,2.2413761400651,2.2413761400651,5900.0
2000-07-26,3.125,3.281,3.125,3.125,1900.0,0.0,1.0,2.2867451641212,2.4008994827142,2.2867451641212,2.2867451641212,1900.0
2000-07-27,3.12,3.12,3.12,3.12,0.0,0.0,1.0,2.2830863718587,2.2830863718587,2.2830863718587,2.2830863718587,0.0
2000-07-28,3.125,3.188,3.125,3.188,8200.0,0.0,1.0,2.2867451641212,2.3328459466299,2.2867451641212,2.3328459466299,8200.0
2000-07-31,3.125,3.125,3.063,3.125,5100.0,0.0,1.0,2.2867451641212,2.2867451641212,2.2413761400651,2.2867451641212,5100.0
2000-08-01,3.438,3.438,3.063,3.125,3500.0,0.0,1.0,2.5157855597596,2.5157855597596,2.2413761400651,2.2867451641212,3500.0
2000-08-02,3.063,3.063,3.0,3.0,3700.0,0.0,1.0,2.2413761400651,2.2413761400651,2.1952753575564,2.1952753575564,3700.0
2000-08-03,3.063,3.125,3.063,3.125,1000.0,0.0,1.0,2.2413761400651,2.2867451641212,2.2413761400651,2.2867451641212,1000.0
2000-08-04,3.12,3.12,3.12,3.12,0.0,0.0,1.0,2.2830863718587,2.2830863718587,2.2830863718587,2.2830863718587,0.0
2000-08-07,3.12,3.12,3.12,3.12,0.0,0.0,1.0,2.2830863718587,2.2830863718587,2.2830863718587,2.2830863718587,0.0
2000-08-08,3.188,3.188,3.063,3.063,600.0,0.0,1.0,2.3328459466299,2.3328459466299,2.2413761400651,2.2413761400651,600.0
2000-08-09,3.06,3.06,3.06,3.06,0.0,0.0,1.0,2.2391808647075,2.2391808647075,2.2391808647075,2.2391808647075,0.0
2000-08-10,3.063,3.063,3.0,3.063,5600.0,0.0,1.0,2.2413761400651,2.2413761400651,2.1952753575564,2.2413761400651,5600.0
2000-08-11,3.031,3.063,3.0,3.063,8800.0,0.0,1.0,2.2179598695845,2.2413761400651,2.1952753575564,2.2413761400651,8800.0
2000-08-14,3.125,3.188,3.125,3.188,2800.0,0.0,1.0,2.2867451641212,2.3328459466299,2.2867451641212,2.3328459466299,2800.0
2000-08-15,3.25,3.375,3.25,3.313,5000.0,0.0,1.0,2.3782149706861,2.4696847772509,2.3782149706861,2.4243157531948,5000.0
2000-08-16,3.406,3.438,3.406,3.438,6000.0,0.0,1.0,2.492369289279,2.5157855597596,2.492369289279,2.5157855597596,6000.0
2000-08-17,3.313,3.438,3.313,3.438,1500.0,0.0,1.0,2.4243157531948,2.5157855597596,2.4243157531948,2.5157855597596,1500.0
2000-08-18,3.438,4.234,3.438,4.063,64400.0,0.0,1.0,2.5157855597596,3.0982652879646,2.5157855597596,2.9731345925839,64400.0
2000-08-21,4.125,4.188,4.125,4.125,13500.0,0.0,1.0,3.01850361664,3.0646043991487,3.01850361664,3.01850361664,13500.0
2000-08-22,4.063,4.063,3.875,4.0,37000.0,0.0,1.0,2.9731345925839,2.9731345925839,2.8355640035103,2.9270338100752,37000.0
2000-08-23,3.906,3.906,3.875,3.875,13300.0,0.0,1.0,2.8582485155384,2.8582485155384,2.8355640035103,2.8355640035103,13300.0
2000-08-24,3.844,3.875,3.688,3.875,14400.0,0.0,1.0,2.8128794914823,2.8355640035103,2.6987251728893,2.8355640035103,14400.0
2000-08-25,3.875,3.875,3.875,3.875,9400.0,0.0,1.0,2.8355640035103,2.8355640035103,2.8355640035103,2.8355640035103,9400.0
2000-08-28,3.844,3.938,3.75,3.938,1300.0,0.0,1.0,2.8128794914823,2.881664786019,2.7440941969455,2.881664786019,1300.0
2000-08-29,3.813,3.875,3.75,3.875,52400.0,0.0,1.0,2.7901949794542,2.8355640035103,2.7440941969455,2.8355640035103,52400.0
2000-08-30,3.75,3.75,3.75,3.75,3000.0,0.0,1.0,2.7440941969455,2.7440941969455,2.7440941969455,2.7440941969455,3000.0
2000-08-31,3.688,3.75,3.688,3.75,12800.0,0.0,1.0,2.6987251728893,2.7440941969455,2.6987251728893,2.7440941969455,12800.0
2000-09-01,3.688,3.688,3.563,3.563,2400.0,0.0,1.0,2.6987251728893,2.6987251728893,2.6072553663245,2.6072553663245,2400.0
2000-09-05,3.75,3.75,3.75,3.75,7000.0,0.0,1.0,2.7440941969455,2.7440941969455,2.7440941969455,2.7440941969455,7000.0
2000-09-06,3.688,3.813,3.688,3.75,27500.0,0.0,1.0,2.6987251728893,2.7901949794542,2.6987251728893,2.7440941969455,27500.0
2000-09-07,3.813,3.875,3.813,3.875,3400.0,0.0,1.0,2.7901949794542,2.8355640035103,2.7901949794542,2.8355640035103,3400.0
2000-09-08,3.875,3.875,3.813,3.875,42600.0,0.0,1.0,2.8355640035103,2.8355640035103,2.7901949794542,2.8355640035103,42600.0
2000-09-11,3.875,3.875,3.688,3.75,12600.0,0.0,1.0,2.8355640035103,2.8355640035103,2.6987251728893,2.7440941969455,12600.0
2000-09-12,3.813,3.813,3.75,3.75,5700.0,0.0,1.0,2.7901949794542,2.7901949794542,2.7440941969455,2.7440941969455,5700.0
2000-09-13,3.75,3.875,3.75,3.75,6800.0,0.0,1.0,2.7440941969455,2.8355640035103,2.7440941969455,2.7440941969455,6800.0
2000-09-14,3.75,3.75,3.75,3.75,1200.0,0.0,1.0,2.7440941969455,2.7440941969455,2.7440941969455,2.7440941969455,1200.0
2000-09-15,3.813,3.875,3.813,3.875,6000.0,0.0,1.0,2.7901949794542,2.8355640035103,2.7901949794542,2.8355640035103,6000.0
2000-09-18,3.906,4.0,3.906,4.0,7000.0,0.0,1.0,2.8582485155384,2.9270338100752,2.8582485155384,2.9270338100752,7000.0
2000-09-19,3.938,3.938,3.875,3.875,4000.0,0.0,1.0,2.881664786019,2.881664786019,2.8355640035103,2.8355640035103,4000.0
2000-09-20,3.875,3.875,3.875,3.875,2100.0,0.0,1.0,2.8355640035103,2.8355640035103,2.8355640035103,2.8355640035103,2100.0
2000-09-21,4.0,4.0,3.969,3.969,5900.0,0.0,1.0,2.9270338100752,2.9270338100752,2.9043492980471,2.9043492980471,5900.0
2000-09-22,3.75,3.875,3.75,3.75,5100.0,0.0,1.0,2.7440941969455,2.8355640035103,2.7440941969455,2.7440941969455,5100.0
2000-09-25,3.938,3.938,3.75,3.875,6300.0,0.0,1.0,2.881664786019,2.881664786019,2.7440941969455,2.8355640035103,6300.0
2000-09-26,3.875,3.938,3.875,3.875,4300.0,0.0,1.0,2.8355640035103,2.881664786019,2.8355640035103,2.8355640035103,4300.0
2000-09-27,3.875,4.0,3.875,3.875,26800.0,0.0,1.0,2.8355640035103,2.9270338100752,2.8355640035103,2.8355640035103,26800.0
2000-09-28,3.813,3.813,3.75,3.75,2200.0,0.0,1.0,2.7901949794542,2.7901949794542,2.7440941969455,2.7440941969455,2200.0
2000-09-29,4.0,4.0,4.0,4.0,300.0,0.0,1.0,2.9270338100752,2.9270338100752,2.9270338100752,2.9270338100752,300.0
2000-10-02,4.0,4.0,4.0,4.0,0.0,0.0,1.0,2.9270338100752,2.9270338100752,2.9270338100752,2.9270338100752,0.0
2000-10-03,4.0,4.0,3.75,3.75,3100.0,0.0,1.0,2.9270338100752,2.9270338100752,2.7440941969455,2.7440941969455,3100.0
2000-10-04,4.0,4.0,4.0,4.0,2100.0,0.0,1.0,2.9270338100752,2.9270338100752,2.9270338100752,2.9270338100752,2100.0
2000-10-05,4.0,4.125,3.938,3.938,4600.0,0.0,1.0,2.9270338100752,3.01850361664,2.881664786019,2.881664786019,4600.0
2000-10-06,4.0,4.0,4.0,4.0,6200.0,0.0,1.0,2.9270338100752,2.9270338100752,2.9270338100752,2.9270338100752,6200.0
2000-10-09,3.875,4.0,3.875,4.0,1500.0,0.0,1.0,2.8355640035103,2.9270338100752,2.8355640035103,2.9270338100752,1500.0
2000-10-10,4.0,4.0,4.0,4.0,3400.0,0.0,1.0,2.9270338100752,2.9270338100752,2.9270338100752,2.9270338100752,3400.0
2000-10-11,4.0,4.0,4.0,4.0,1200.0,0.0,1.0,2.9270338100752,2.9270338100752,2.9270338100752,2.9270338100752,1200.0
2000-10-12,3.828,3.828,3.75,3.75,9200.0,0.0,1.0,2.801171356242,2.801171356242,2.7440941969455,2.7440941969455,9200.0
2000-10-13,3.75,3.781,3.75,3.781,20400.0,0.0,1.0,2.7440941969455,2.7667787089736,2.7440941969455,2.7667787089736,20400.0
2000-10-16,3.688,3.781,3.688,3.688,6700.0,0.0,1.0,2.6987251728893,2.7667787089736,2.6987251728893,2.6987251728893,6700.0
2000-10-17,3.688,4.125,3.625,4.125,45100.0,0.0,1.0,2.6987251728893,3.01850361664,2.6526243903806,3.01850361664,45100.0
2000-10-18,3.938,4.125,3.938,4.125,3800.0,0.0,1.0,2.881664786019,3.01850361664,2.881664786019,3.01850361664,3800.0
2000-10-19,3.938,3.969,3.938,3.938,3200.0,0.0,1.0,2.881664786019,2.9043492980471,2.881664786019,2.881664786019,3200.0
2000-10-20,3.984,3.984,3.891,3.891,600.0,0.0,1.0,2.9153256748349,2.9153256748349,2.8472721387506,2.8472721387506,600.0
2000-10-23,3.938,3.938,3.938,3.938,7300.0,0.0,1.0,2.881664786019,2.881664786019,2.881664786019,2.881664786019,7300.0
2000-10-24,3.875,4.0,3.875,4.0,5300.0,0.0,1.0,2.8355640035103,2.9270338100752,2.8355640035103,2.9270338100752,5300.0
2000-10-25,4.188,4.5,4.125,4.125,20800.0,0.0,1.0,3.0646043991487,3.2929130363346,3.01850361664,3.01850361664,20800.0
2000-10-26,4.063,4.063,4.063,4.063,12600.0,0.0,1.0,2.9731345925839,2.9731345925839,2.9731345925839,2.9731345925839,12600.0
2000-10-27,4.0,4.375,4.0,4.0,9600.0,0.0,1.0,2.9270338100752,3.2014432297697,2.9270338100752,2.9270338100752,9600.0
2000-10-30,4.0,4.0,3.688,3.688,5700.0,0.0,1.0,2.9270338100752,2.9270338100752,2.6987251728893,2.6987251728893,5700.0
2000-10-31,3.625,4.0,3.625,3.75,14800.0,0.0,1.0,2.6526243903806,2.9270338100752,2.6526243903806,2.7440941969455,14800.0
2000-11-01,3.75,3.75,3.75,3.75,2100.0,0.0,1.0,2.7440941969455,2.7440941969455,2.7440941969455,2.7440941969455,2100.0
2000-11-02,3.766,3.875,3.766,3.875,800.0,0.0,1.0,2.7558023321858,2.8355640035103,2.7558023321858,2.8355640035103,800.0
2000-11-03,4.047,4.094,4.047,4.094,7800.0,0.0,1.0,2.9614264573436,2.995819104612,2.9614264573436,2.995819104612,7800.0
2000-11-06,4.078,4.094,4.0,4.0,2500.0,0.0,1.0,2.9841109693717,2.995819104612,2.9270338100752,2.9270338100752,2500.0
2000-11-07,4.0,4.094,3.875,3.906,2600.0,0.0,1.0,2.9270338100752,2.995819104612,2.8355640035103,2.8582485155384,2600.0
2000-11-08,3.969,4.0,3.969,4.0,20900.0,0.0,1.0,2.9043492980471,2.9270338100752,2.9043492980471,2.9270338100752,20900.0
2000-11-09,4.0,4.0,4.0,4.0,500.0,0.0,1.0,2.9270338100752,2.9270338100752,2.9270338100752,2.9270338100752,500.0
2000-11-10,3.922,3.938,3.813,3.813,7500.0,0.0,1.0,2.8699566507787,2.881664786019,2.7901949794542,2.7901949794542,7500.0
2000-11-13,3.81,3.81,3.81,3.81,0.0,0.0,1.0,2.7879997040966,2.7879997040966,2.7879997040966,2.7879997040966,0.0
2000-11-14,3.813,3.813,3.625,3.625,5500.0,0.0,1.0,2.7901949794542,2.7901949794542,2.6526243903806,2.6526243903806,5500.0
2000-11-15,3.62,3.62,3.62,3.62,0.0,0.0,1.0,2.6489655981181,2.6489655981181,2.6489655981181,2.6489655981181,0.0
2000-11-16,3.625,3.625,3.5,3.531,3700.0,0.0,1.0,2.6526243903806,2.6526243903806,2.5611545838158,2.5838390958439,3700.0
2000-11-17,3.53,3.53,3.53,3.53,0.0,0.0,1.0,2.5831073373914,2.5831073373914,2.5831073373914,2.5831073373914,0.0
2000-11-20,3.563,3.75,3.563,3.625,11800.0,0.0,1.0,2.6072553663245,2.7440941969455,2.6072553663245,2.6526243903806,11800.0
2000-11-21,3.625,3.625,3.563,3.563,6000.0,0.0,1.0,2.6526243903806,2.6526243903806,2.6072553663245,2.6072553663245,6000.0
2000-11-22,3.56,3.56,3.56,3.56,0.0,0.0,1.0,2.6050600909669,2.6050600909669,2.6050600909669,2.6050600909669,0.0
2000-11-24,3.578,3.75,3.578,3.75,2300.0,0.0,1.0,2.6182317431123,2.7440941969455,2.6182317431123,2.7440941969455,2300.0
2000-11-27,3.625,3.625,3.625,3.625,500.0,0.0,1.0,2.6526243903806,2.6526243903806,2.6526243903806,2.6526243903806,500.0
2000-11-28,3.688,4.0,3.625,3.75,13700.0,0.0,1.0,2.6987251728893,2.9270338100752,2.6526243903806,2.7440941969455,13700.0
2000-11-29,3.813,4.0,3.813,3.938,4600.0,0.0,1.0,2.7901949794542,2.9270338100752,2.7901949794542,2.881664786019,4600.0
2000-11-30,3.75,3.75,3.563,3.625,12100.0,0.0,1.0,2.7440941969455,2.7440941969455,2.6072553663245,2.6526243903806,12100.0
2000-12-01,3.625,3.625,3.5,3.5,9100.0,0.0,1.0,2.6526243903806,2.6526243903806,2.5611545838158,2.5611545838158,9100.0
2000-12-04,3.5,3.5,3.5,3.5,100.0,0.0,1.0,2.5611545838158,2.5611545838158,2.5611545838158,2.5611545838158,100.0
2000-12-05,3.5,3.5,3.5,3.5,600.0,0.0,1.0,2.5611545838158,2.5611545838158,2.5611545838158,2.5611545838158,600.0
2000-12-06,3.516,3.516,3.5,3.5,1000.0,0.0,1.0,2.5728627190561,2.5728627190561,2.5611545838158,2.5611545838158,1000.0
2000-12-07,3.5,3.5,3.5,3.5,1100.0,0.0,1.0,2.5611545838158,2.5611545838158,2.5611545838158,2.5611545838158,1100.0
2000-12-08,3.5,3.5,3.25,3.25,15500.0,0.0,1.0,2.5611545838158,2.5611545838158,2.3782149706861,2.3782149706861,15500.0
2000-12-11,3.438,3.563,3.438,3.563,19300.0,0.0,1.0,2.5157855597596,2.6072553663245,2.5157855597596,2.6072553663245,19300.0
2000-12-12,3.563,3.563,3.563,3.563,48000.0,0.0,1.0,2.6072553663245,2.6072553663245,2.6072553663245,2.6072553663245,48000.0
2000-12-13,3.5,3.625,3.5,3.5,17700.0,0.0,1.0,2.5611545838158,2.6526243903806,2.5611545838158,2.5611545838158,17700.0
2000-12-14,3.625,3.75,3.563,3.563,9000.0,0.0,1.0,2.6526243903806,2.7440941969455,2.6072553663245,2.6072553663245,9000.0
2000-12-15,3.703,3.703,3.5,3.563,15600.0,0.0,1.0,2.7097015496771,2.7097015496771,2.5611545838158,2.6072553663245,15600.0
2000-12-18,3.516,3.516,3.5,3.5,400.0,0.0,1.0,2.5728627190561,2.5728627190561,2.5611545838158,2.5611545838158,400.0
2000-12-19,3.625,3.625,3.625,3.625,11200.0,0.0,1.0,2.6526243903806,2.6526243903806,2.6526243903806,2.6526243903806,11200.0
2000-12-20,3.625,3.625,3.625,3.625,21100.0,0.0,1.0,2.6526243903806,2.6526243903806,2.6526243903806,2.6526243903806,21100.0
2000-12-21,3.563,3.625,3.563,3.625,23900.0,0.0,1.0,2.6072553663245,2.6526243903806,2.6072553663245,2.6526243903806,23900.0
2000-12-22,3.5,3.531,3.313,3.531,11200.0,0.0,1.0,2.5611545838158,2.5838390958439,2.4243157531948,2.5838390958439,11200.0
2000-12-26,3.5,3.75,3.5,3.75,22300.0,0.0,1.0,2.5611545838158,2.7440941969455,2.5611545838158,2.7440941969455,22300.0
2000-12-27,3.625,4.25,3.5,3.875,25300.0,0.0,1.0,2.6526243903806,3.1099734232049,2.5611545838158,2.8355640035103,25300.0
2000-12-28,3.938,4.031,3.938,3.938,10500.0,0.0,1.0,2.881664786019,2.9497183221033,2.881664786019,2.881664786019,10500.0
2000-12-29,3.938,4.125,3.938,4.0,37900.0,0.0,1.0,2.881664786019,3.01850361664,2.881664786019,2.9270338100752,37900.0
2001-01-02,3.938,3.938,3.938,3.938,1000.0,0.0,1.0,2.881664786019,2.881664786019,2.881664786019,2.881664786019,1000.0
2001-01-03,4.0,4.0,4.0,4.0,10900.0,0.0,1.0,2.9270338100752,2.9270338100752,2.9270338100752,2.9270338100752,10900.0
2001-01-04,4.141,4.5,4.141,4.375,16900.0,0.0,1.0,3.0302117518803,3.2929130363346,3.0302117518803,3.2014432297697,16900.0
2001-01-05,4.484,4.5,4.484,4.5,700.0,0.0,1.0,3.2812049010943,3.2929130363346,3.2812049010943,3.2929130363346,700.0
2001-01-08,4.484,4.484,4.125,4.188,1800.0,0.0,1.0,3.2812049010943,3.2812049010943,3.01850361664,3.0646043991487,1800.0
2001-01-09,4.5,4.5,4.438,4.438,3500.0,0.0,1.0,3.2929130363346,3.2929130363346,3.2475440122784,3.2475440122784,3500.0
2001-01-10,4.5,4.563,4.438,4.563,1300.0,0.0,1.0,3.2929130363346,3.3390138188433,3.2475440122784,3.3390138188433,1300.0
2001-01-11,4.688,4.688,4.5,4.5,3300.0,0.0,1.0,3.4304836254081,3.4304836254081,3.2929130363346,3.2929130363346,3300.0
2001-01-12,4.75,4.875,4.75,4.875,1800.0,0.0,1.0,3.4758526494643,3.5673224560291,3.4758526494643,3.5673224560291,1800.0
2001-01-16,4.875,5.125,4.875,5.0,31500.0,0.0,1.0,3.5673224560291,3.7502620691588,3.5673224560291,3.658792262594,31500.0
2001-01-17,5.063,5.75,5.063,5.375,51900.0,0.0,1.0,3.7048930451027,4.2076111019831,3.7048930451027,3.9332016822885,51900.0
2001-01-18,5.547,5.625,5.375,5.5,36000.0,0.0,1.0,4.0590641361218,4.1161412954182,3.9332016822885,4.0246714888534,36000.0
2001-01-19,5.422,5.547,4.938,5.0,46700.0,0.0,1.0,3.9675943295569,4.0590641361218,3.6134232385378,3.658792262594,46700.0
2001-01-22,4.906,4.906,4.875,4.875,13300.0,0.0,1.0,3.5900069680572,3.5900069680572,3.5673224560291,3.5673224560291,13300.0
2001-01-23,4.875,4.875,4.563,4.625,16800.0,0.0,1.0,3.5673224560291,3.5673224560291,3.3390138188433,3.3843828428994,16800.0
2001-01-24,4.625,4.625,4.375,4.375,8200.0,0.0,1.0,3.3843828428994,3.3843828428994,3.2014432297697,3.2014432297697,8200.0
2001-01-25,4.563,4.563,3.781,3.969,27700.0,0.0,1.0,3.3390138188433,3.3390138188433,2.7667787089736,2.9043492980471,27700.0
2001-01-26,3.938,4.031,3.938,4.031,9600.0,0.0,1.0,2.881664786019,2.9497183221033,2.881664786019,2.9497183221033,9600.0
2001-01-29,4.031,4.031,3.813,3.813,9400.0,0.0,1.0,2.9497183221033,2.9497183221033,2.7901949794542,2.7901949794542,9400.0
2001-01-30,4.094,4.375,4.0,4.063,9600.0,0.0,1.0,2.995819104612,3.2014432297697,2.9270338100752,2.9731345925839,9600.0
2001-01-31,4.188,4.625,4.125,4.25,16400.0,0.0,1.0,3.0646043991487,3.3843828428994,3.01850361664,3.1099734232049,16400.0
2001-02-01,4.266,4.266,4.25,4.25,400.0,0.0,1.0,3.1216815584452,3.1216815584452,3.1099734232049,3.1099734232049,400.0
2001-02-02,4.266,4.266,4.266,4.266,100.0,0.0,1.0,3.1216815584452,3.1216815584452,3.1216815584452,3.1216815584452,100.0
2001-02-05,4.094,4.375,4.094,4.375,1500.0,0.0,1.0,2.995819104612,3.2014432297697,2.995819104612,3.2014432297697,1500.0
2001-02-06,4.375,4.5,4.125,4.25,6600.0,0.0,1.0,3.2014432297697,3.2929130363346,3.01850361664,3.1099734232049,6600.0
2001-02-07,4.25,4.25,4.25,4.25,0.0,0.0,1.0,3.1099734232049,3.1099734232049,3.1099734232049,3.1099734232049,0.0
2001-02-08,4.375,4.813,4.313,4.563,4200.0,0.0,1.0,3.2014432297697,3.521953431973,3.1560742057136,3.3390138188433,4200.0
2001-02-09,4.266,4.266,4.25,4.25,900.0,0.0,1.0,3.1216815584452,3.1216815584452,3.1099734232049,3.1099734232049,900.0
2001-02-12,4.5,4.5,4.5,4.5,2900.0,0.0,1.0,3.2929130363346,3.2929130363346,3.2929130363346,3.2929130363346,2900.0
2001-02-13,4.672,4.688,4.5,4.5,2400.0,0.0,1.0,3.4187754901678,3.4304836254081,3.2929130363346,3.2929130363346,2400.0
2001-02-14,4.5,4.5,4.5,4.5,400.0,0.0,1.0,3.2929130363346,3.2929130363346,3.2929130363346,3.2929130363346,400.0
2001-02-15,4.5,4.5,4.5,4.5,0.0,0.0,1.0,3.2929130363346,3.2929130363346,3.2929130363346,3.2929130363346,0.0
2001-02-16,4.5,4.5,4.375,4.375,900.0,0.0,1.0,3.2929130363346,3.2929130363346,3.2014432297697,3.2014432297697,900.0
2001-02-20,4.563,4.563,4.563,4.563,4100.0,0.0,1.0,3.3390138188433,3.3390138188433,3.3390138188433,3.3390138188433,4100.0
2001-02-21,4.813,4.813,4.5,4.5,4600.0,0.0,1.0,3.521953431973,3.521953431973,3.2929130363346,3.2929130363346,4600.0
2001-02-22,4.5,4.5,4.5,4.5,2300.0,0.0,1.0,3.2929130363346,3.2929130363346,3.2929130363346,3.2929130363346,2300.0
2001-02-23,4.5,4.5,4.438,4.5,31800.0,0.0,1.0,3.2929130363346,3.2929130363346,3.2475440122784,3.2929130363346,31800.0
2001-02-26,4.438,4.5,4.438,4.5,800.0,0.0,1.0,3.2475440122784,3.2929130363346,3.2475440122784,3.2929130363346,800.0
2001-02-27,4.391,4.391,4.375,4.375,9200.0,0.0,1.0,3.21315136501,3.21315136501,3.2014432297697,3.2014432297697,9200.0
2001-02-28,4.438,4.563,4.438,4.531,3300.0,0.0,1.0,3.2475440122784,3.3390138188433,3.2475440122784,3.3155975483627,3300.0
2001-03-01,4.672,4.672,4.125,4.125,3100.0,0.0,1.0,3.4187754901678,3.4187754901678,3.01850361664,3.01850361664,3100.0
2001-03-02,4.125,4.563,4.125,4.391,900.0,0.0,1.0,3.01850361664,3.3390138188433,3.01850361664,3.21315136501,900.0
2001-03-05,4.063,4.188,4.063,4.188,4200.0,0.0,1.0,2.9731345925839,3.0646043991487,2.9731345925839,3.0646043991487,4200.0
2001-03-06,4.438,4.438,4.25,4.25,1500.0,0.0,1.0,3.2475440122784,3.2475440122784,3.1099734232049,3.1099734232049,1500.0
2001-03-07,4.25,4.25,4.25,4.25,3100.0,0.0,1.0,3.1099734232049,3.1099734232049,3.1099734232049,3.1099734232049,3100.0
2001-03-08,4.25,4.25,4.063,4.063,6900.0,0.0,1.0,3.1099734232049,3.1099734232049,2.9731345925839,2.9731345925839,6900.0
2001-03-09,4.109,4.109,4.0,4.0,4400.0,0.0,1.0,3.0067954813997,3.0067954813997,2.9270338100752,2.9270338100752,4400.0
2001-03-12,4.156,4.156,3.688,3.75,12200.0,0.0,1.0,3.0411881286681,3.0411881286681,2.6987251728893,2.7440941969455,12200.0
2001-03-13,3.75,3.75,3.75,3.75,2100.0,0.0,1.0,2.7440941969455,2.7440941969455,2.7440941969455,2.7440941969455,2100.0
2001-03-14,3.813,3.813,3.813,3.813,1300.0,0.0,1.0,2.7901949794542,2.7901949794542,2.7901949794542,2.7901949794542,1300.0
2001-03-15,3.813,3.813,3.688,3.75,2400.0,0.0,1.0,2.7901949794542,2.7901949794542,2.6987251728893,2.7440941969455,2400.0
2001-03-16,3.75,3.75,3.75,3.75,800.0,0.0,1.0,2.7440941969455,2.7440941969455,2.7440941969455,2.7440941969455,800.0
2001-03-19,3.781,3.938,3.781,3.813,11400.0,0.0,1.0,2.7667787089736,2.881664786019,2.7667787089736,2.7901949794542,11400.0
2001-03-20,3.813,3.813,3.813,3.813,3000.0,0.0,1.0,2.7901949794542,2.7901949794542,2.7901949794542,2.7901949794542,3000.0
2001-03-21,3.844,3.938,3.844,3.938,3200.0,0.0,1.0,2.8128794914823,2.881664786019,2.8128794914823,2.881664786019,3200.0
2001-03-22,3.813,3.813,3.813,3.813,1500.0,0.0,1.0,2.7901949794542,2.7901949794542,2.7901949794542,2.7901949794542,1500.0
2001-03-23,3.813,3.813,3.813,3.813,500.0,0.0,1.0,2.7901949794542,2.7901949794542,2.7901949794542,2.7901949794542,500.0
2001-03-26,3.813,3.813,3.594,3.688,32700.0,0.0,1.0,2.7901949794542,2.7901949794542,2.6299398783526,2.6987251728893,32700.0
2001-03-27,3.563,3.563,3.375,3.375,16000.0,0.0,1.0,2.6072553663245,2.6072553663245,2.4696847772509,2.4696847772509,16000.0
2001-03-28,3.5,3.5,3.5,3.5,100.0,0.0,1.0,2.5611545838158,2.5611545838158,2.5611545838158,2.5611545838158,100.0
2001-03-29,3.5,3.5,3.5,3.5,0.0,0.0,1.0,2.5611545838158,2.5611545838158,2.5611545838158,2.5611545838158,0.0
2001-03-30,3.5,3.875,3.5,3.875,700.0,0.0,1.0,2.5611545838158,2.8355640035103,2.5611545838158,2.8355640035103,700.0
2001-04-02,4.5,4.5,4.5,4.5,200.0,0.0,1.0,3.2929130363346,3.2929130363346,3.2929130363346,3.2929130363346,200.0
2001-04-03,4.5,4.5,4.5,4.5,0.0,0.0,1.0,3.2929130363346,3.2929130363346,3.2929130363346,3.2929130363346,0.0
2001-04-04,4.125,4.125,3.719,3.719,5400.0,0.0,1.0,3.01850361664,3.01850361664,2.7214096849174,2.7214096849174,5400.0
2001-04-05,3.688,3.688,3.5,3.5,4700.0,0.0,1.0,2.6987251728893,2.6987251728893,2.5611545838158,2.5611545838158,4700.0
2001-04-06,3.688,3.75,3.5,3.563,22300.0,0.0,1.0,2.6987251728893,2.7440941969455,2.5611545838158,2.6072553663245,22300.0
2001-04-09,3.7,3.7,3.53,3.53,16500.0,0.0,1.0,2.7075062743196,2.7075062743196,2.5831073373914,2.5831073373914,16500.0
2001-04-10,3.8,3.8,3.8,3.8,3000.0,0.0,1.0,2.7806821195714,2.7806821195714,2.7806821195714,2.7806821195714,3000.0
2001-04-11,3.55,3.55,3.55,3.55,500.0,0.0,1.0,2.5977425064417,2.5977425064417,2.5977425064417,2.5977425064417,500.0
2001-04-12,3.7,3.75,3.55,3.55,5600.0,0.0,1.0,2.7075062743196,2.7440941969455,2.5977425064417,2.5977425064417,5600.0
2001-04-16,3.62,3.62,3.62,3.62,1500.0,0.0,1.0,2.6489655981181,2.6489655981181,2.6489655981181,2.6489655981181,1500.0
2001-04-17,3.62,3.62,3.62,3.62,0.0,0.0,1.0,2.6489655981181,2.6489655981181,2.6489655981181,2.6489655981181,0.0
2001-04-18,3.55,4.05,3.55,4.05,8600.0,0.0,1.0,2.5977425064417,2.9636217327011,2.5977425064417,2.9636217327011,8600.0
2001-04-19,4.05,4.05,4.05,4.05,200.0,0.0,1.0,2.9636217327011,2.9636217327011,2.9636217327011,2.9636217327011,200.0
2001-04-20,3.86,4.22,3.86,4.22,1400.0,0.0,1.0,2.8245876267226,3.0880206696293,2.8245876267226,3.0880206696293,1400.0
2001-04-23,4.21,4.21,4.1,4.1,1800.0,0.0,1.0,3.0807030851041,3.0807030851041,3.0002096553271,3.0002096553271,1800.0
2001-04-24,4.06,4.06,3.76,3.8,4700.0,0.0,1.0,2.9709393172263,2.9709393172263,2.7514117814707,2.7806821195714,4700.0
2001-04-25,4.1,4.21,4.0,4.0,7400.0,0.0,1.0,3.0002096553271,3.0807030851041,2.9270338100752,2.9270338100752,7400.0
2001-04-26,3.79,3.79,3.79,3.79,4700.0,0.0,1.0,2.7733645350462,2.7733645350462,2.7733645350462,2.7733645350462,4700.0
2001-04-27,4.0,4.0,3.79,3.85,8200.0,0.0,1.0,2.9270338100752,2.9270338100752,2.7733645350462,2.8172700421974,8200.0
2001-04-30,4.1,4.5,4.1,4.15,12600.0,0.0,1.0,3.0002096553271,3.2929130363346,3.0002096553271,3.036797577953,12600.0
2001-05-01,4.15,4.35,4.15,4.35,3700.0,0.0,1.0,3.036797577953,3.1831492684568,3.036797577953,3.1831492684568,3700.0
2001-05-02,4.35,4.35,4.35,4.35,500.0,0.0,1.0,3.1831492684568,3.1831492684568,3.1831492684568,3.1831492684568,500.0
2001-05-03,4.35,4.5,4.35,4.5,1100.0,0.0,1.0,3.1831492684568,3.2929130363346,3.1831492684568,3.2929130363346,1100.0
2001-05-04,4.88,5.13,4.75,5.01,20800.0,0.0,1.0,3.5709812482917,3.7539208614214,3.4758526494643,3.6661098471192,20800.0
2001-05-07,5.15,5.5,4.96,4.96,14500.0,0.0,1.0,3.7685560304718,4.0246714888534,3.6295219244932,3.6295219244932,14500.0
2001-05-08,4.96,4.96,4.96,4.96,0.0,0.0,1.0,3.6295219244932,3.6295219244932,3.6295219244932,3.6295219244932,0.0
2001-05-09,5.24,5.25,4.96,4.96,3900.0,0.0,1.0,3.8344142911985,3.8417318757237,3.6295219244932,3.6295219244932,3900.0
2001-05-10,4.2,4.96,4.1,4.25,8300.0,0.0,1.0,3.073385500579,3.6295219244932,3.0002096553271,3.1099734232049,8300.0
2001-05-11,4.45,4.45,4.35,4.35,1200.0,0.0,1.0,3.2563251137087,3.2563251137087,3.1831492684568,3.1831492684568,1200.0
2001-05-14,4.35,4.35,4.3,4.3,1900.0,0.0,1.0,3.1831492684568,3.1831492684568,3.1465613458308,3.1465613458308,1900.0
2001-05-15,4.38,5.0,4.38,4.4,2600.0,0.0,1.0,3.2051020220323,3.658792262594,3.2051020220323,3.2197371910827,2600.0
2001-05-16,4.41,5.04,4.41,5.04,3600.0,0.0,1.0,3.2270547756079,3.6880626006947,3.2270547756079,3.6880626006947,3600.0
2001-05-17,5.0,5.0,4.8,4.97,12100.0,0.0,1.0,3.658792262594,3.658792262594,3.5124405720902,3.6368395090184,12100.0
2001-05-18,4.41,4.41,4.41,4.41,200.0,0.0,1.0,3.2270547756079,3.2270547756079,3.2270547756079,3.2270547756079,200.0
2001-05-21,4.5,4.5,4.42,4.43,6700.0,0.0,1.0,3.2929130363346,3.2929130363346,3.2343723601331,3.2416899446583,6700.0
2001-05-22,4.43,4.43,4.43,4.43,0.0,0.0,1.0,3.2416899446583,3.2416899446583,3.2416899446583,3.2416899446583,0.0
2001-05-23,4.43,4.43,4.43,4.43,400.0,0.0,1.0,3.2416899446583,3.2416899446583,3.2416899446583,3.2416899446583,400.0
2001-05-24,4.6,4.6,4.44,4.45,27000.0,0.0,1.0,3.3660888815865,3.3660888815865,3.2490075291835,3.2563251137087,27000.0
2001-05-25,4.59,4.59,4.54,4.59,51300.0,0.0,1.0,3.3587712970613,3.3587712970613,3.3221833744353,3.3587712970613,51300.0
2001-05-29,4.7,5.0,4.7,4.99,6500.0,0.0,1.0,3.4392647268384,3.658792262594,3.4392647268384,3.6514746780688,6500.0
2001-05-30,4.94,5.1,4.7,5.1,11500.0,0.0,1.0,3.6148867554429,3.7319681078459,3.4392647268384,3.7319681078459,11500.0
2001-05-31,5.05,5.1,5.05,5.1,4500.0,0.0,1.0,3.6953801852199,3.7319681078459,3.6953801852199,3.7319681078459,4500.0
2001-06-01,5.2,5.25,4.9,4.94,15600.0,0.0,1.0,3.8051439530978,3.8417318757237,3.5856164173421,3.6148867554429,15600.0
2001-06-04,4.7,4.73,4.7,4.72,10800.0,0.0,1.0,3.4392647268384,3.4612174804139,3.4392647268384,3.4538998958887,10800.0
2001-06-05,4.7,4.8,4.7,4.75,97300.0,0.0,1.0,3.4392647268384,3.5124405720902,3.4392647268384,3.4758526494643,97300.0
2001-06-06,4.7,4.75,4.7,4.75,4900.0,0.0,1.0,3.4392647268384,3.4758526494643,3.4392647268384,3.4758526494643,4900.0
2001-06-07,4.8,4.8,4.8,4.8,300.0,0.0,1.0,3.5124405720902,3.5124405720902,3.5124405720902,3.5124405720902,300.0
2001-06-08,4.8,4.8,4.75,4.75,14400.0,0.0,1.0,3.5124405720902,3.5124405720902,3.4758526494643,3.4758526494643,14400.0
2001-06-11,4.75,4.75,4.7,4.7,5700.0,0.0,1.0,3.4758526494643,3.4758526494643,3.4392647268384,3.4392647268384,5700.0
2001-06-12,4.72,4.95,4.72,4.95,30300.0,0.0,1.0,3.4538998958887,3.6222043399681,3.4538998958887,3.6222043399681,30300.0
2001-06-13,4.95,5.4,4.75,4.9,11800.0,0.0,1.0,3.6222043399681,3.9514956436015,3.4758526494643,3.5856164173421,11800.0
2001-06-14,4.9,4.9,4.9,4.9,2000.0,0.0,1.0,3.5856164173421,3.5856164173421,3.5856164173421,3.5856164173421,2000.0
2001-06-15,5.37,5.37,4.7,5.12,3500.0,0.0,1.0,3.929542890026,3.929542890026,3.4392647268384,3.7466032768963,3500.0
2001-06-18,4.7,4.9,4.7,4.7,7100.0,0.0,1.0,3.4392647268384,3.5856164173421,3.4392647268384,3.4392647268384,7100.0
2001-06-19,4.89,4.89,4.7,4.7,6200.0,0.0,1.0,3.5782988328169,3.5782988328169,3.4392647268384,3.4392647268384,6200.0
2001-06-20,4.8,4.8,4.8,4.8,2000.0,0.0,1.0,3.5124405720902,3.5124405720902,3.5124405720902,3.5124405720902,2000.0
2001-06-21,4.8,4.8,4.8,4.8,0.0,0.0,1.0,3.5124405720902,3.5124405720902,3.5124405720902,3.5124405720902,0.0
2001-06-22,4.85,4.9,4.85,4.9,200.0,0.0,1.0,3.5490284947162,3.5856164173421,3.5490284947162,3.5856164173421,200.0
2001-06-25,4.7,5.0,4.6,4.7,39700.0,0.0,1.0,3.4392647268384,3.658792262594,3.3660888815865,3.4392647268384,39700.0
2001-06-26,4.8,4.8,4.8,4.8,400.0,0.0,1.0,3.5124405720902,3.5124405720902,3.5124405720902,3.5124405720902,400.0
2001-06-27,4.6,5.1,4.6,4.9,2800.0,0.0,1.0,3.3660888815865,3.7319681078459,3.3660888815865,3.5856164173421,2800.0
2001-06-28,5.1,5.12,5.1,5.12,1000.0,0.0,1.0,3.7319681078459,3.7466032768963,3.7319681078459,3.7466032768963,1000.0
2001-06-29,5.2,5.25,5.11,5.25,2100.0,0.0,1.0,3.8051439530978,3.8417318757237,3.7392856923711,3.8417318757237,2100.0
2001-07-02,5.11,5.24,5.11,5.24,3200.0,0.0,1.0,3.7392856923711,3.8344142911985,3.7392856923711,3.8344142911985,3200.0
2001-07-03,5.34,5.34,5.25,5.25,500.0,0.0,1.0,3.9075901364504,3.9075901364504,3.8417318757237,3.8417318757237,500.0
2001-07-05,5.25,5.25,5.25,5.25,2500.0,0.0,1.0,3.8417318757237,3.8417318757237,3.8417318757237,3.8417318757237,2500.0
2001-07-06,5.25,5.25,5.25,5.25,1100.0,0.0,1.0,3.8417318757237,3.8417318757237,3.8417318757237,3.8417318757237,1100.0
2001-07-09,5.24,5.55,5.2,5.2,6100.0,0.0,1.0,3.8344142911985,4.0612594114793,3.8051439530978,3.8051439530978,6100.0
2001-07-10,4.86,5.4,4.85,5.4,2700.0,0.0,1.0,3.5563460792414,3.9514956436015,3.5490284947162,3.9514956436015,2700.0
2001-07-11,5.2,5.4,5.2,5.4,3800.0,0.0,1.0,3.8051439530978,3.9514956436015,3.8051439530978,3.9514956436015,3800.0
2001-07-12,5.35,5.4,5.35,5.4,4000.0,0.0,1.0,3.9149077209756,3.9514956436015,3.9149077209756,3.9514956436015,4000.0
2001-07-13,5.4,5.44,5.35,5.35,38900.0,0.0,1.0,3.9514956436015,3.9807659817023,3.9149077209756,3.9149077209756,38900.0
2001-07-16,5.4,5.69,5.4,5.45,9300.0,0.0,1.0,3.9514956436015,4.163705594832,3.9514956436015,3.9880835662275,9300.0
2001-07-17,5.41,5.5,5.4,5.5,20800.0,0.0,1.0,3.9588132281267,4.0246714888534,3.9514956436015,4.0246714888534,20800.0
2001-07-18,5.41,5.46,5.4,5.4,24100.0,0.0,1.0,3.9588132281267,3.9954011507526,3.9514956436015,3.9514956436015,24100.0
2001-07-19,5.5,5.5,5.45,5.45,21300.0,0.0,1.0,4.0246714888534,4.0246714888534,3.9880835662275,3.9880835662275,21300.0
2001-07-20,5.45,5.45,5.4,5.45,22300.0,0.0,1.0,3.9880835662275,3.9880835662275,3.9514956436015,3.9880835662275,22300.0
2001-07-23,5.45,5.45,5.45,5.45,1600.0,0.0,1.0,3.9880835662275,3.9880835662275,3.9880835662275,3.9880835662275,1600.0
2001-07-24,5.45,5.45,4.8,5.0,6000.0,0.0,1.0,3.9880835662275,3.9880835662275,3.5124405720902,3.658792262594,6000.0
2001-07-25,5.05,5.45,5.05,5.1,11800.0,0.0,1.0,3.6953801852199,3.9880835662275,3.6953801852199,3.7319681078459,11800.0
2001-07-26,5.1,5.1,5.1,5.1,4000.0,0.0,1.0,3.7319681078459,3.7319681078459,3.7319681078459,3.7319681078459,4000.0
2001-07-27,5.25,5.25,5.25,5.25,2000.0,0.0,1.0,3.8417318757237,3.8417318757237,3.8417318757237,3.8417318757237,2000.0
2001-07-30,5.43,5.43,5.43,5.43,3200.0,0.0,1.0,3.9734483971771,3.9734483971771,3.9734483971771,3.9734483971771,3200.0
2001-07-31,5.25,5.37,4.8,5.37,6300.0,0.0,1.0,3.8417318757237,3.929542890026,3.5124405720902,3.929542890026,6300.0
2001-08-01,4.75,4.75,4.75,4.75,200.0,0.0,1.0,3.4758526494643,3.4758526494643,3.4758526494643,3.4758526494643,200.0
2001-08-02,4.8,4.95,4.8,4.9,2600.0,0.0,1.0,3.5124405720902,3.6222043399681,3.5124405720902,3.5856164173421,2600.0
2001-08-03,4.75,4.85,4.75,4.85,4800.0,0.0,1.0,3.4758526494643,3.5490284947162,3.4758526494643,3.5490284947162,4800.0
2001-08-06,5.39,5.39,4.81,4.9,2200.0,0.0,1.0,3.9441780590763,3.9441780590763,3.5197581566154,3.5856164173421,2200.0
2001-08-07,4.8,5.0,4.8,4.8,5200.0,0.0,1.0,3.5124405720902,3.658792262594,3.5124405720902,3.5124405720902,5200.0
2001-08-08,4.81,5.25,4.73,4.9,8000.0,0.0,1.0,3.5197581566154,3.8417318757237,3.4612174804139,3.5856164173421,8000.0
2001-08-09,5.19,5.3,5.1,5.1,13200.0,0.0,1.0,3.7978263685726,3.8783197983496,3.7319681078459,3.7319681078459,13200.0
2001-08-10,5.35,5.4,5.25,5.4,34900.0,0.0,1.0,3.9149077209756,3.9514956436015,3.8417318757237,3.9514956436015,34900.0
2001-08-13,5.49,5.49,5.49,5.49,400.0,0.0,1.0,4.0173539043282,4.0173539043282,4.0173539043282,4.0173539043282,400.0
2001-08-14,5.52,5.94,5.51,5.94,101900.0,0.0,1.0,4.0393066579038,4.3466452079617,4.0319890733786,4.3466452079617,101900.0
2001-08-15,5.975,6.5,5.975,6.299,81400.0,0.0,1.0,4.3722567537998,4.7564299413722,4.3722567537998,4.6093464924159,81400.0
2001-08-16,6.29,7.5,6.25,6.3,70800.0,0.0,1.0,4.6027606663432,5.488188393891,4.5734903282425,4.6100782508684,70800.0
2001-08-17,6.447,6.52,6.35,6.4,61500.0,0.0,1.0,4.7176467433887,4.7710651104226,4.6466661734944,4.6832540961203,61500.0
2001-08-20,6.49,6.5,6.4,6.44,116100.0,0.0,1.0,4.749112356847,4.7564299413722,4.6832540961203,4.7125244342211,116100.0
2001-08-21,6.26,6.398,5.95,6.1,70100.0,0.0,1.0,4.5808079127677,4.6817905792153,4.3539627924869,4.4637265603647,70100.0
2001-08-22,5.97,5.98,5.9,5.91,31600.0,0.0,1.0,4.3685979615372,4.3759155460624,4.3173748698609,4.3246924543861,31600.0
2001-08-23,5.97,5.97,5.77,5.85,55700.0,0.0,1.0,4.3685979615372,4.3685979615372,4.2222462710335,4.280786947235,55700.0
2001-08-24,5.85,5.99,5.8,5.8,30900.0,0.0,1.0,4.280786947235,4.3832331305876,4.244199024609,4.244199024609,30900.0
2001-08-27,5.81,5.95,5.81,5.9,26700.0,0.0,1.0,4.2515166091342,4.3539627924869,4.2515166091342,4.3173748698609,26700.0
2001-08-28,5.95,6.45,5.95,6.1,70200.0,0.0,1.0,4.3539627924869,4.7198420187463,4.3539627924869,4.4637265603647,70200.0
2001-08-29,6.2,6.49,6.0,6.1,39500.0,0.0,1.0,4.5369024056166,4.749112356847,4.3905507151128,4.4637265603647,39500.0
2001-08-30,6.4,6.4,6.19,6.25,95600.0,0.0,1.0,4.6832540961203,4.6832540961203,4.5295848210914,4.5734903282425,95600.0
2001-08-31,6.34,6.35,6.15,6.15,82200.0,0.0,1.0,4.6393485889692,4.6466661734944,4.5003144829906,4.5003144829906,82200.0
2001-09-04,6.35,6.66,6.3,6.3,32900.0,0.0,1.0,4.6466661734944,4.8735112937752,4.6100782508684,4.6100782508684,32900.0
2001-09-05,6.72,6.78,6.281,6.3,15100.0,0.0,1.0,4.9174168009263,4.9613223080775,4.5961748402706,4.6100782508684,15100.0
2001-09-06,6.59,6.6,6.49,6.5,7800.0,0.0,1.0,4.8222882020989,4.8296057866241,4.749112356847,4.7564299413722,7800.0
2001-09-07,6.6,6.75,6.45,6.45,5200.0,0.0,1.0,4.8296057866241,4.9393695545019,4.7198420187463,4.7198420187463,5200.0
2001-09-10,6.45,6.45,6.4,6.4,12100.0,0.0,1.0,4.7198420187463,4.7198420187463,4.6832540961203,4.6832540961203,12100.0
2001-09-17,5.86,6.97,5.85,6.6,21100.0,0.0,1.0,4.2881045317602,5.100356414056,4.280786947235,4.8296057866241,21100.0
2001-09-18,6.68,6.9,6.2,6.68,4700.0,0.0,1.0,4.8881464628256,5.0491333223797,4.5369024056166,4.8881464628256,4700.0
2001-09-19,6.68,6.68,5.53,5.7,21900.0,0.0,1.0,4.8881464628256,4.8881464628256,4.046624242429,4.1710231793572,21900.0
2001-09-20,5.8,5.8,4.86,5.0,15700.0,0.0,1.0,4.244199024609,4.244199024609,3.5563460792414,3.658792262594,15700.0
2001-09-21,5.015,5.015,4.6,4.75,15600.0,0.0,1.0,3.6697686393818,3.6697686393818,3.3660888815865,3.4758526494643,15600.0
2001-09-24,4.75,5.25,4.75,5.0,11400.0,0.0,1.0,3.4758526494643,3.8417318757237,3.4758526494643,3.658792262594,11400.0
2001-09-25,5.27,5.37,5.02,5.02,7100.0,0.0,1.0,3.8563670447741,3.929542890026,3.6734274316444,3.6734274316444,7100.0
2001-09-26,5.2,5.25,5.15,5.25,24600.0,0.0,1.0,3.8051439530978,3.8417318757237,3.7685560304718,3.8417318757237,24600.0
2001-09-27,5.35,5.35,5.13,5.13,31200.0,0.0,1.0,3.9149077209756,3.9149077209756,3.7539208614214,3.7539208614214,31200.0
2001-09-28,5.15,5.15,5.14,5.15,25600.0,0.0,1.0,3.7685560304718,3.7685560304718,3.7612384459466,3.7685560304718,25600.0
2001-10-01,5.19,5.24,5.12,5.18,39500.0,0.0,1.0,3.7978263685726,3.8344142911985,3.7466032768963,3.7905087840474,39500.0
2001-10-02,5.19,5.25,5.12,5.12,85300.0,0.0,1.0,3.7978263685726,3.8417318757237,3.7466032768963,3.7466032768963,85300.0
2001-10-03,5.58,5.58,5.13,5.13,4700.0,0.0,1.0,4.0832121650549,4.0832121650549,3.7539208614214,3.7539208614214,4700.0
2001-10-04,5.379,5.379,5.3,5.35,2100.0,0.0,1.0,3.9361287160986,3.9361287160986,3.8783197983496,3.9149077209756,2100.0
2001-10-05,5.75,5.75,5.35,5.75,16300.0,0.0,1.0,4.2076111019831,4.2076111019831,3.9149077209756,4.2076111019831,16300.0
2001-10-08,5.82,5.82,5.7,5.75,50800.0,0.0,1.0,4.2588341936594,4.2588341936594,4.1710231793572,4.2076111019831,50800.0
2001-10-09,5.71,6.05,5.71,5.75,31600.0,0.0,1.0,4.1783407638823,4.4271386377387,4.1783407638823,4.2076111019831,31600.0
2001-10-10,5.765,5.87,5.765,5.81,36900.0,0.0,1.0,4.2185874787709,4.2954221162854,4.2185874787709,4.2515166091342,36900.0
2001-10-11,5.81,6.14,5.81,5.87,2300.0,0.0,1.0,4.2515166091342,4.4929968984654,4.2515166091342,4.2954221162854,2300.0
2001-10-12,5.88,5.88,5.87,5.87,1200.0,0.0,1.0,4.3027397008105,4.3027397008105,4.2954221162854,4.2954221162854,1200.0
2001-10-15,5.87,5.87,5.63,5.8,14300.0,0.0,1.0,4.2954221162854,4.2954221162854,4.1198000876808,4.244199024609,14300.0
2001-10-16,6.13,6.13,6.13,6.13,600.0,0.0,1.0,4.4856793139402,4.4856793139402,4.4856793139402,4.4856793139402,600.0
2001-10-17,6.13,6.22,5.68,5.8,5100.0,0.0,1.0,4.4856793139402,4.5515375746669,4.1563880103068,4.244199024609,5100.0
2001-10-18,6.12,6.12,5.84,5.84,200.0,0.0,1.0,4.4783617294151,4.4783617294151,4.2734693627098,4.2734693627098,200.0
2001-10-19,5.8,5.8,5.76,5.8,14000.0,0.0,1.0,4.244199024609,4.244199024609,4.2149286865083,4.244199024609,14000.0
2001-10-22,5.76,6.14,5.7,6.14,3100.0,0.0,1.0,4.2149286865083,4.4929968984654,4.1710231793572,4.4929968984654,3100.0
2001-10-23,6.14,6.14,5.65,6.0,23400.0,0.0,1.0,4.4929968984654,4.4929968984654,4.1344352567312,4.3905507151128,23400.0
2001-10-24,6.0,6.1,6.0,6.0,6000.0,0.0,1.0,4.3905507151128,4.4637265603647,4.3905507151128,4.3905507151128,6000.0
2001-10-25,6.1,6.22,5.75,6.0,6100.0,0.0,1.0,4.4637265603647,4.5515375746669,4.2076111019831,4.3905507151128,6100.0
2001-10-26,5.81,6.09,5.65,6.0,6600.0,0.0,1.0,4.2515166091342,4.4564089758395,4.1344352567312,4.3905507151128,6600.0
2001-10-29,6.15,6.16,5.78,6.0,66200.0,0.0,1.0,4.5003144829906,4.5076320675158,4.2295638555587,4.3905507151128,66200.0
2001-10-30,6.06,6.06,6.05,6.05,8000.0,0.0,1.0,4.4344562222639,4.4344562222639,4.4271386377387,4.4271386377387,8000.0
2001-10-31,6.05,6.05,5.95,6.0,43500.0,0.0,1.0,4.4271386377387,4.4271386377387,4.3539627924869,4.3905507151128,43500.0
2001-11-01,6.04,6.05,6.0,6.0,13100.0,0.0,1.0,4.4198210532135,4.4271386377387,4.3905507151128,4.3905507151128,13100.0
2001-11-02,6.05,6.06,6.0,6.0,26500.0,0.0,1.0,4.4271386377387,4.4344562222639,4.3905507151128,4.3905507151128,26500.0
2001-11-05,6.16,6.18,6.1,6.18,1400.0,0.0,1.0,4.5076320675158,4.5222672365662,4.4637265603647,4.5222672365662,1400.0
2001-11-06,6.19,6.2,6.17,6.18,11600.0,0.0,1.0,4.5295848210914,4.5369024056166,4.514949652041,4.5222672365662,11600.0
2001-11-07,6.3,6.3,6.2,6.25,42700.0,0.0,1.0,4.6100782508684,4.6100782508684,4.5369024056166,4.5734903282425,42700.0
2001-11-08,6.28,6.31,6.24,6.24,15300.0,0.0,1.0,4.5954430818181,4.6173958353936,4.5661727437173,4.5661727437173,15300.0
2001-11-09,6.21,6.21,6.17,6.19,2100.0,0.0,1.0,4.5442199901417,4.5442199901417,4.514949652041,4.5295848210914,2100.0
2001-11-12,6.26,6.31,6.19,6.31,10700.0,0.0,1.0,4.5808079127677,4.6173958353936,4.5295848210914,4.6173958353936,10700.0
2001-11-13,6.23,6.251,6.2,6.2,8100.0,0.0,1.0,4.5588551591921,4.574222086695,4.5369024056166,4.5369024056166,8100.0
2001-11-14,6.3,6.36,6.3,6.35,9500.0,0.0,1.0,4.6100782508684,4.6539837580196,4.6100782508684,4.6466661734944,9500.0
2001-11-15,6.35,6.4,6.33,6.33,11200.0,0.0,1.0,4.6466661734944,4.6832540961203,4.632031004444,4.632031004444,11200.0
2001-11-16,6.31,6.35,6.29,6.35,10500.0,0.0,1.0,4.6173958353936,4.6466661734944,4.6027606663432,4.6466661734944,10500.0
2001-11-19,6.34,6.79,6.31,6.5,24900.0,0.0,1.0,4.6393485889692,4.9686398926026,4.6173958353936,4.7564299413722,24900.0
2001-11-20,6.5,6.7,6.5,6.6,17700.0,0.0,1.0,4.7564299413722,4.902781631876,4.7564299413722,4.8296057866241,17700.0
2001-11-21,6.7,6.7,6.64,6.64,5600.0,0.0,1.0,4.902781631876,4.902781631876,4.8588761247248,4.8588761247248,5600.0
2001-11-23,6.56,6.56,6.42,6.46,19400.0,0.0,1.0,4.8003354485233,4.8003354485233,4.6978892651707,4.7271596032714,19400.0
2001-11-26,6.51,6.52,6.51,6.52,6400.0,0.0,1.0,4.7637475258974,4.7710651104226,4.7637475258974,4.7710651104226,6400.0
2001-11-27,6.57,6.57,6.5,6.55,12400.0,0.0,1.0,4.8076530330485,4.8076530330485,4.7564299413722,4.7930178639981,12400.0
2001-11-28,6.73,6.73,6.5,6.73,5600.0,0.0,1.0,4.9247343854515,4.9247343854515,4.7564299413722,4.9247343854515,5600.0
2001-11-29,6.66,6.66,6.66,6.66,200.0,0.0,1.0,4.8735112937752,4.8735112937752,4.8735112937752,4.8735112937752,200.0
2001-11-30,6.7,6.86,6.61,6.61,1600.0,0.0,1.0,4.902781631876,5.019862984279,4.8369233711493,4.8369233711493,1600.0
2001-12-03,6.611,6.611,6.53,6.53,16300.0,0.0,1.0,4.8376551296018,4.8376551296018,4.7783826949478,4.7783826949478,16300.0
2001-12-04,6.53,6.53,6.5,6.5,2800.0,0.0,1.0,4.7783826949478,4.7783826949478,4.7564299413722,4.7564299413722,2800.0
2001-12-05,6.5,6.53,6.42,6.451,6800.0,0.0,1.0,4.7564299413722,4.7783826949478,4.6978892651707,4.7205737771988,6800.0
2001-12-06,6.41,6.41,6.36,6.4,9200.0,0.0,1.0,4.6905716806455,4.6905716806455,4.6539837580196,4.6832540961203,9200.0
2001-12-07,6.5,6.5,6.41,6.5,4200.0,0.0,1.0,4.7564299413722,4.7564299413722,4.6905716806455,4.7564299413722,4200.0
2001-12-10,6.46,6.46,6.2,6.2,8400.0,0.0,1.0,4.7271596032714,4.7271596032714,4.5369024056166,4.5369024056166,8400.0
2001-12-11,6.15,6.15,5.7,6.0,17100.0,0.0,1.0,4.5003144829906,4.5003144829906,4.1710231793572,4.3905507151128,17100.0
2001-12-12,6.0,6.01,6.0,6.0,3400.0,0.0,1.0,4.3905507151128,4.397868299638,4.3905507151128,4.3905507151128,3400.0
2001-12-13,6.15,6.15,6.15,6.15,2100.0,0.0,1.0,4.5003144829906,4.5003144829906,4.5003144829906,4.5003144829906,2100.0
2001-12-14,6.15,6.15,6.15,6.15,5500.0,0.0,1.0,4.5003144829906,4.5003144829906,4.5003144829906,4.5003144829906,5500.0
2001-12-17,6.14,6.14,5.88,5.95,505500.0,0.0,1.0,4.4929968984654,4.4929968984654,4.3027397008105,4.3539627924869,505500.0
2001-12-18,6.0,6.06,5.9,6.06,8600.0,0.0,1.0,4.3905507151128,4.4344562222639,4.3173748698609,4.4344562222639,8600.0
2001-12-19,5.93,6.06,5.92,5.92,1800.0,0.0,1.0,4.3393276234365,4.4344562222639,4.3320100389113,4.3320100389113,1800.0
2001-12-20,5.9,5.9,4.85,4.9,18500.0,0.0,1.0,4.3173748698609,4.3173748698609,3.5490284947162,3.5856164173421,18500.0
2001-12-21,5.11,5.3,5.05,5.11,19100.0,0.0,1.0,3.7392856923711,3.8783197983496,3.6953801852199,3.7392856923711,19100.0
2001-12-24,5.25,5.4,5.25,5.3,3200.0,0.0,1.0,3.8417318757237,3.9514956436015,3.8417318757237,3.8783197983496,3200.0
2001-12-26,5.41,5.43,4.95,5.43,58200.0,0.0,1.0,3.9588132281267,3.9734483971771,3.6222043399681,3.9734483971771,58200.0
2001-12-27,5.45,5.45,5.2,5.4,23200.0,0.0,1.0,3.9880835662275,3.9880835662275,3.8051439530978,3.9514956436015,23200.0
2001-12-28,5.39,5.6,5.25,5.3,30900.0,0.0,1.0,3.9441780590763,4.0978473341053,3.8417318757237,3.8783197983496,30900.0
2001-12-31,5.44,5.45,5.1,5.32,41900.0,0.0,1.0,3.9807659817023,3.9880835662275,3.7319681078459,3.8929549674,41900.0
2002-01-02,5.35,5.35,4.65,5.09,78600.0,0.0,1.0,3.9149077209756,3.9149077209756,3.4026768042124,3.7246505233207,78600.0
2002-01-03,5.75,5.75,5.05,5.05,17600.0,0.0,1.0,4.2076111019831,4.2076111019831,3.6953801852199,3.6953801852199,17600.0
2002-01-04,5.3,5.5,5.295,5.43,82100.0,0.0,1.0,3.8783197983496,4.0246714888534,3.874661006087,3.9734483971771,82100.0
2002-01-07,5.7,5.8,5.6,5.7,43400.0,0.0,1.0,4.1710231793572,4.244199024609,4.0978473341053,4.1710231793572,43400.0
2002-01-08,5.79,5.8,5.6,5.69,51600.0,0.0,1.0,4.2368814400838,4.244199024609,4.0978473341053,4.163705594832,51600.0
2002-01-09,5.73,5.8,5.72,5.76,18300.0,0.0,1.0,4.1929759329327,4.244199024609,4.1856583484075,4.2149286865083,18300.0
2002-01-10,5.8,5.95,5.691,5.78,45200.0,0.0,1.0,4.244199024609,4.3539627924869,4.1644373532845,4.2295638555587,45200.0
2002-01-11,5.78,5.86,5.72,5.72,4900.0,0.0,1.0,4.2295638555587,4.2881045317602,4.1856583484075,4.1856583484075,4900.0
2002-01-14,5.78,5.83,5.71,5.83,26000.0,0.0,1.0,4.2295638555587,4.2661517781846,4.1783407638823,4.2661517781846,26000.0
2002-01-15,5.83,5.83,5.74,5.79,30100.0,0.0,1.0,4.2661517781846,4.2661517781846,4.2002935174579,4.2368814400838,30100.0
2002-01-16,5.8,6.05,5.76,6.05,54700.0,0.0,1.0,4.244199024609,4.4271386377387,4.2149286865083,4.4271386377387,54700.0
2002-01-17,6.05,6.13,5.971,5.99,11300.0,0.0,1.0,4.4271386377387,4.4856793139402,4.3693297199898,4.3832331305876,11300.0
2002-01-18,6.228,6.23,6.0,6.0,11700.0,0.0,1.0,4.5573916422871,4.5588551591921,4.3905507151128,4.3905507151128,11700.0
2002-01-22,6.22,6.23,6.07,6.07,7700.0,0.0,1.0,4.5515375746669,4.5588551591921,4.4417738067891,4.4417738067891,7700.0
2002-01-23,6.23,6.23,6.08,6.13,8000.0,0.0,1.0,4.5588551591921,4.5588551591921,4.4490913913143,4.4856793139402,8000.0
2002-01-24,6.11,6.14,6.1,6.12,3000.0,0.0,1.0,4.4710441448899,4.4929968984654,4.4637265603647,4.4783617294151,3000.0
2002-01-25,6.15,6.4,6.15,6.4,4200.0,0.0,1.0,4.5003144829906,4.6832540961203,4.5003144829906,4.6832540961203,4200.0
2002-01-28,6.38,6.5,6.25,6.31,9400.0,0.0,1.0,4.6686189270699,4.7564299413722,4.5734903282425,4.6173958353936,9400.0
2002-01-29,6.47,6.48,6.21,6.24,22500.0,0.0,1.0,4.7344771877966,4.7417947723218,4.5442199901417,4.5661727437173,22500.0
2002-01-30,6.25,6.25,6.2,6.22,9700.0,0.0,1.0,4.5734903282425,4.5734903282425,4.5369024056166,4.5515375746669,9700.0
2002-01-31,6.24,6.4,6.24,6.4,2300.0,0.0,1.0,4.5661727437173,4.6832540961203,4.5661727437173,4.6832540961203,2300.0
2002-02-01,6.4,6.4,6.35,6.35,4900.0,0.0,1.0,4.6832540961203,4.6832540961203,4.6466661734944,4.6466661734944,4900.0
2002-02-04,6.3,6.3,6.25,6.26,3900.0,0.0,1.0,4.6100782508684,4.6100782508684,4.5734903282425,4.5808079127677,3900.0
2002-02-05,6.23,6.26,6.23,6.26,11800.0,0.0,1.0,4.5588551591921,4.5808079127677,4.5588551591921,4.5808079127677,11800.0
2002-02-06,6.25,6.31,6.08,6.15,59600.0,0.0,1.0,4.5734903282425,4.6173958353936,4.4490913913143,4.5003144829906,59600.0
2002-02-07,6.15,6.24,5.98,5.98,51800.0,0.0,1.0,4.5003144829906,4.5661727437173,4.3759155460624,4.3759155460624,51800.0
2002-02-08,5.99,5.99,5.99,5.99,500.0,0.0,1.0,4.3832331305876,4.3832331305876,4.3832331305876,4.3832331305876,500.0
2002-02-11,6.0,6.05,5.94,5.94,13200.0,0.0,1.0,4.3905507151128,4.4271386377387,4.3466452079617,4.3466452079617,13200.0
2002-02-12,6.0,6.04,5.97,6.04,19400.0,0.0,1.0,4.3905507151128,4.4198210532135,4.3685979615372,4.4198210532135,19400.0
2002-02-13,5.95,5.96,5.95,5.96,500.0,0.0,1.0,4.3539627924869,4.361280377012,4.3539627924869,4.361280377012,500.0
2002-02-14,5.95,6.0,5.93,5.95,11900.0,0.0,1.0,4.3539627924869,4.3905507151128,4.3393276234365,4.3539627924869,11900.0
2002-02-15,5.95,5.95,5.95,5.95,0.0,0.0,1.0,4.3539627924869,4.3539627924869,4.3539627924869,4.3539627924869,0.0
2002-02-19,5.99,5.99,5.91,5.91,2400.0,0.0,1.0,4.3832331305876,4.3832331305876,4.3246924543861,4.3246924543861,2400.0
2002-02-20,5.99,5.99,5.91,5.93,14100.0,0.0,1.0,4.3832331305876,4.3832331305876,4.3246924543861,4.3393276234365,14100.0
2002-02-21,5.95,5.95,5.81,5.83,13800.0,0.0,1.0,4.3539627924869,4.3539627924869,4.2515166091342,4.2661517781846,13800.0
2002-02-22,5.82,5.86,5.75,5.75,12700.0,0.0,1.0,4.2588341936594,4.2881045317602,4.2076111019831,4.2076111019831,12700.0
2002-02-25,5.7,5.74,5.61,5.63,11200.0,0.0,1.0,4.1710231793572,4.2002935174579,4.1051649186305,4.1198000876808,11200.0
2002-02-26,5.52,5.65,5.52,5.65,9900.0,0.0,1.0,4.0393066579038,4.1344352567312,4.0393066579038,4.1344352567312,9900.0
2002-02-27,5.63,5.7,5.63,5.7,4300.0,0.0,1.0,4.1198000876808,4.1710231793572,4.1198000876808,4.1710231793572,4300.0
2002-02-28,5.53,5.53,5.53,5.53,1800.0,0.0,1.0,4.046624242429,4.046624242429,4.046624242429,4.046624242429,1800.0
2002-03-01,5.53,5.7,5.53,5.7,6600.0,0.0,1.0,4.046624242429,4.1710231793572,4.046624242429,4.1710231793572,6600.0
2002-03-04,5.78,6.0,5.78,5.82,9800.0,0.0,1.0,4.2295638555587,4.3905507151128,4.2295638555587,4.2588341936594,9800.0
2002-03-05,6.0,6.0,5.96,5.96,3600.0,0.0,1.0,4.3905507151128,4.3905507151128,4.361280377012,4.361280377012,3600.0
2002-03-06,5.911,6.0,5.911,6.0,18700.0,0.0,1.0,4.3254242128386,4.3905507151128,4.3254242128386,4.3905507151128,18700.0
2002-03-07,6.0,6.0,5.95,6.0,16500.0,0.0,1.0,4.3905507151128,4.3905507151128,4.3539627924869,4.3905507151128,16500.0
2002-03-08,6.0,6.0,5.98,5.98,3300.0,0.0,1.0,4.3905507151128,4.3905507151128,4.3759155460624,4.3759155460624,3300.0
2002-03-11,6.0,6.0,5.98,5.98,6000.0,0.0,1.0,4.3905507151128,4.3905507151128,4.3759155460624,4.3759155460624,6000.0
2002-03-12,6.0,6.0,5.98,5.98,3200.0,0.0,1.0,4.3905507151128,4.3905507151128,4.3759155460624,4.3759155460624,3200.0
2002-03-13,5.96,6.05,5.96,5.975,13000.0,0.0,1.0,4.361280377012,4.4271386377387,4.361280377012,4.3722567537998,13000.0
2002-03-14,6.0,6.0,5.97,5.97,3500.0,0.0,1.0,4.3905507151128,4.3905507151128,4.3685979615372,4.3685979615372,3500.0
2002-03-15,6.0,6.0,5.973,5.975,3900.0,0.0,1.0,4.3905507151128,4.3905507151128,4.3707932368948,4.3722567537998,3900.0
2002-03-18,6.0,6.0,5.84,6.0,4700.0,0.0,1.0,4.3905507151128,4.3905507151128,4.2734693627098,4.3905507151128,4700.0
2002-03-19,6.0,6.0,5.91,5.91,2600.0,0.0,1.0,4.3905507151128,4.3905507151128,4.3246924543861,4.3246924543861,2600.0
2002-03-20,5.89,5.9,5.85,5.9,25000.0,0.0,1.0,4.3100572853357,4.3173748698609,4.280786947235,4.3173748698609,25000.0
2002-03-21,5.98,5.98,5.9,5.965,5200.0,0.0,1.0,4.3759155460624,4.3759155460624,4.3173748698609,4.3649391692746,5200.0
2002-03-22,5.95,5.96,5.85,5.85,13100.0,0.0,1.0,4.3539627924869,4.361280377012,4.280786947235,4.280786947235,13100.0
2002-03-25,5.96,6.0,5.96,6.0,7500.0,0.0,1.0,4.361280377012,4.3905507151128,4.361280377012,4.3905507151128,7500.0
2002-03-26,5.973,6.08,5.96,6.0,43800.0,0.0,1.0,4.3707932368948,4.4490913913143,4.361280377012,4.3905507151128,43800.0
2002-03-27,5.96,5.989,5.96,5.989,300.0,0.0,1.0,4.361280377012,4.3825013721351,4.361280377012,4.3825013721351,300.0
2002-03-28,5.99,6.0,5.99,6.0,12100.0,0.0,1.0,4.3832331305876,4.3905507151128,4.3832331305876,4.3905507151128,12100.0
2002-04-01,6.13,6.13,6.0,6.031,4100.0,0.0,1.0,4.4856793139402,4.4856793139402,4.3905507151128,4.4132352271409,4100.0
2002-04-02,6.24,6.25,6.24,6.25,2300.0,0.0,1.0,4.5661727437173,4.5734903282425,4.5661727437173,4.5734903282425,2300.0
2002-04-03,6.25,6.3,6.15,6.21,3900.0,0.0,1.0,4.5734903282425,4.6100782508684,4.5003144829906,4.5442199901417,3900.0
2002-04-04,6.25,6.25,6.21,6.21,1100.0,0.0,1.0,4.5734903282425,4.5734903282425,4.5442199901417,4.5442199901417,1100.0
2002-04-05,6.25,6.5,6.25,6.5,3700.0,0.0,1.0,4.5734903282425,4.7564299413722,4.5734903282425,4.7564299413722,3700.0
2002-04-08,6.37,6.74,6.37,6.55,26200.0,0.0,1.0,4.6613013425448,4.9320519699767,4.6613013425448,4.7930178639981,26200.0
2002-04-09,6.74,6.95,6.6,6.6,18000.0,0.0,1.0,4.9320519699767,5.0857212450057,4.8296057866241,4.8296057866241,18000.0
2002-04-10,6.79,6.99,6.611,6.89,14300.0,0.0,1.0,4.9686398926026,5.1149915831064,4.8376551296018,5.0418157378545,14300.0
2002-04-11,6.985,7.0,6.91,6.91,8000.0,0.0,1.0,5.1113327908438,5.1223091676316,5.0564509069049,5.0564509069049,8000.0
2002-04-12,7.0,7.0,6.899,6.9,6300.0,0.0,1.0,5.1223091676316,5.1223091676316,5.0484015639272,5.0491333223797,6300.0
2002-04-15,6.9,7.0,6.86,6.86,7300.0,0.0,1.0,5.0491333223797,5.1223091676316,5.019862984279,5.019862984279,7300.0
2002-04-16,6.88,6.88,6.82,6.82,1000.0,0.0,1.0,5.0344981533293,5.0344981533293,4.9905926461782,4.9905926461782,1000.0
2002-04-17,6.899,7.001,6.88,6.88,8800.0,0.0,1.0,5.0484015639272,5.1230409260841,5.0344981533293,5.0344981533293,8800.0
2002-04-18,6.99,7.05,6.82,7.0,8100.0,0.0,1.0,5.1149915831064,5.1588970902575,4.9905926461782,5.1223091676316,8100.0
2002-04-19,7.05,7.05,6.83,6.83,1600.0,0.0,1.0,5.1588970902575,5.1588970902575,4.9979102307034,4.9979102307034,1600.0
2002-04-22,6.84,6.84,6.37,6.71,24400.0,0.0,1.0,5.0052278152286,5.0052278152286,4.6613013425448,4.9100992164011,24400.0
2002-04-23,6.71,6.71,6.45,6.54,21300.0,0.0,1.0,4.9100992164011,4.9100992164011,4.7198420187463,4.7857002794729,21300.0
2002-04-24,6.59,6.59,6.4,6.5,5200.0,0.0,1.0,4.8222882020989,4.8222882020989,4.6832540961203,4.7564299413722,5200.0
2002-04-25,6.4,6.4,6.4,6.4,3500.0,0.0,1.0,4.6832540961203,4.6832540961203,4.6832540961203,4.6832540961203,3500.0
2002-04-26,6.3,6.46,6.18,6.18,74500.0,0.0,1.0,4.6100782508684,4.7271596032714,4.5222672365662,4.5222672365662,74500.0
2002-04-29,6.22,6.45,6.21,6.21,7000.0,0.0,1.0,4.5515375746669,4.7198420187463,4.5442199901417,4.5442199901417,7000.0
2002-04-30,6.46,6.6,6.16,6.36,11700.0,0.0,1.0,4.7271596032714,4.8296057866241,4.5076320675158,4.6539837580196,11700.0
2002-05-01,6.4,6.41,6.4,6.4,11400.0,0.0,1.0,4.6832540961203,4.6905716806455,4.6832540961203,4.6832540961203,11400.0
2002-05-02,6.486,6.6,6.37,6.4,11500.0,0.0,1.0,4.7461853230369,4.8296057866241,4.6613013425448,4.6832540961203,11500.0
2002-05-03,6.6,6.6,6.59,6.59,2900.0,0.0,1.0,4.8296057866241,4.8296057866241,4.8222882020989,4.8222882020989,2900.0
2002-05-06,6.59,6.64,6.56,6.56,25100.0,0.0,1.0,4.8222882020989,4.8588761247248,4.8003354485233,4.8003354485233,25100.0
2002-05-07,6.65,6.65,6.55,6.64,3000.0,0.0,1.0,4.86619370925,4.86619370925,4.7930178639981,4.8588761247248,3000.0
2002-05-08,6.64,6.68,6.56,6.68,5800.0,0.0,1.0,4.8588761247248,4.8881464628256,4.8003354485233,4.8881464628256,5800.0
2002-05-09,6.599,6.66,6.41,6.66,6600.0,0.0,1.0,4.8288740281716,4.8735112937752,4.6905716806455,4.8735112937752,6600.0
2002-05-10,6.67,6.67,5.97,6.13,17100.0,0.0,1.0,4.8808288783004,4.8808288783004,4.3685979615372,4.4856793139402,17100.0
2002-05-13,6.12,6.49,6.12,6.49,700.0,0.0,1.0,4.4783617294151,4.749112356847,4.4783617294151,4.749112356847,700.0
2002-05-14,6.53,6.72,6.53,6.72,20400.0,0.0,1.0,4.7783826949478,4.9174168009263,4.7783826949478,4.9174168009263,20400.0
2002-05-15,6.31,6.92,6.31,6.92,15500.0,0.0,1.0,4.6173958353936,5.0637684914301,4.6173958353936,5.0637684914301,15500.0
2002-05-16,6.47,6.87,6.47,6.87,3200.0,0.0,1.0,4.7344771877966,5.0271805688042,4.7344771877966,5.0271805688042,3200.0
2002-05-17,6.87,6.87,6.87,6.87,0.0,0.0,1.0,5.0271805688042,5.0271805688042,5.0271805688042,5.0271805688042,0.0
2002-05-20,6.91,6.95,6.9,6.9,4900.0,0.0,1.0,5.0564509069049,5.0857212450057,5.0491333223797,5.0491333223797,4900.0
2002-05-21,6.9,6.9,6.9,6.9,0.0,0.0,1.0,5.0491333223797,5.0491333223797,5.0491333223797,5.0491333223797,0.0
2002-05-22,6.9,6.9,6.9,6.9,400.0,0.0,1.0,5.0491333223797,5.0491333223797,5.0491333223797,5.0491333223797,400.0
2002-05-23,6.9,7.0,6.9,7.0,18000.0,0.0,1.0,5.0491333223797,5.1223091676316,5.0491333223797,5.1223091676316,18000.0
2002-05-24,7.05,7.05,6.95,7.0,7500.0,0.0,1.0,5.1588970902575,5.1588970902575,5.0857212450057,5.1223091676316,7500.0
2002-05-28,7.0,7.0,6.95,7.0,3300.0,0.0,1.0,5.1223091676316,5.1223091676316,5.0857212450057,5.1223091676316,3300.0
2002-05-29,6.99,7.22,6.9,6.9,6900.0,0.0,1.0,5.1149915831064,5.2832960271857,5.0491333223797,5.0491333223797,6900.0
2002-05-30,6.96,6.96,6.45,6.77,3300.0,0.0,1.0,5.0930388295308,5.0930388295308,4.7198420187463,4.9540047235523,3300.0
2002-05-31,6.87,6.94,6.87,6.94,900.0,0.0,1.0,5.0271805688042,5.0784036604805,5.0271805688042,5.0784036604805,900.0
2002-06-03,6.971,6.99,6.95,6.95,19400.0,0.0,1.0,5.1010881725086,5.1149915831064,5.0857212450057,5.0857212450057,19400.0
2002-06-04,7.0,7.0,6.81,6.881,9500.0,0.0,1.0,5.1223091676316,5.1223091676316,4.983275061653,5.0352299117819,9500.0
2002-06-05,6.86,7.0,6.8,6.895,20200.0,0.0,1.0,5.019862984279,5.1223091676316,4.9759574771278,5.0454745301171,20200.0
2002-06-06,6.9,7.0,6.889,7.0,15700.0,0.0,1.0,5.0491333223797,5.1223091676316,5.041083979402,5.1223091676316,15700.0
2002-06-07,6.901,6.99,6.901,6.99,1200.0,0.0,1.0,5.0498650808322,5.1149915831064,5.0498650808322,5.1149915831064,1200.0
2002-06-10,7.0,7.089,7.0,7.06,31900.0,0.0,1.0,5.1223091676316,5.1874356699058,5.1223091676316,5.1662146747827,31900.0
2002-06-11,7.07,7.19,7.0,7.1,18200.0,0.0,1.0,5.1735322593079,5.2613432736102,5.1223091676316,5.1954850128835,18200.0
2002-06-12,7.01,7.139,7.01,7.139,1000.0,0.0,1.0,5.1296267521568,5.2240235925317,5.1296267521568,5.2240235925317,1000.0
2002-06-13,7.14,7.14,7.14,7.14,500.0,0.0,1.0,5.2247553509842,5.2247553509842,5.2247553509842,5.2247553509842,500.0
2002-06-14,7.05,7.065,7.05,7.065,300.0,0.0,1.0,5.1588970902575,5.1698734670453,5.1588970902575,5.1698734670453,300.0
2002-06-17,7.1,7.16,7.1,7.1,4200.0,0.0,1.0,5.1954850128835,5.2393905200346,5.1954850128835,5.1954850128835,4200.0
2002-06-18,7.101,7.16,7.1,7.16,6700.0,0.0,1.0,5.196216771336,5.2393905200346,5.1954850128835,5.2393905200346,6700.0
2002-06-19,7.1,7.25,6.95,7.15,10800.0,0.0,1.0,5.1954850128835,5.3052487807613,5.0857212450057,5.2320729355094,10800.0
2002-06-20,7.15,7.15,7.11,7.12,13000.0,0.0,1.0,5.2320729355094,5.2320729355094,5.2028025974087,5.2101201819339,13000.0
2002-06-21,7.01,7.13,7.01,7.02,10800.0,0.0,1.0,5.1296267521568,5.217437766459,5.1296267521568,5.136944336682,10800.0
2002-06-24,7.01,7.14,7.01,7.14,7200.0,0.0,1.0,5.1296267521568,5.2247553509842,5.1296267521568,5.2247553509842,7200.0
2002-06-25,7.01,7.03,7.01,7.02,4500.0,0.0,1.0,5.1296267521568,5.1442619212072,5.1296267521568,5.136944336682,4500.0
2002-06-26,6.95,6.95,6.8,6.8,1400.0,0.0,1.0,5.0857212450057,5.0857212450057,4.9759574771278,4.9759574771278,1400.0
2002-06-27,6.99,6.99,6.99,6.99,100.0,0.0,1.0,5.1149915831064,5.1149915831064,5.1149915831064,5.1149915831064,100.0
2002-06-28,6.95,6.99,6.84,6.99,1700.0,0.0,1.0,5.0857212450057,5.1149915831064,5.0052278152286,5.1149915831064,1700.0
2002-07-01,6.77,6.771,6.76,6.76,4500.0,0.0,1.0,4.9540047235523,4.9547364820048,4.9466871390271,4.9466871390271,4500.0
2002-07-02,6.65,6.65,6.61,6.61,2800.0,0.0,1.0,4.86619370925,4.86619370925,4.8369233711493,4.8369233711493,2800.0
2002-07-03,6.26,6.45,6.15,6.3,8700.0,0.0,1.0,4.5808079127677,4.7198420187463,4.5003144829906,4.6100782508684,8700.0
2002-07-05,6.28,6.49,6.28,6.46,3400.0,0.0,1.0,4.5954430818181,4.749112356847,4.5954430818181,4.7271596032714,3400.0
2002-07-08,6.25,6.25,6.25,6.25,500.0,0.0,1.0,4.5734903282425,4.5734903282425,4.5734903282425,4.5734903282425,500.0
2002-07-09,6.3,6.95,6.3,6.95,2800.0,0.0,1.0,4.6100782508684,5.0857212450057,4.6100782508684,5.0857212450057,2800.0
2002-07-10,6.81,6.89,6.81,6.89,1400.0,0.0,1.0,4.983275061653,5.0418157378545,4.983275061653,5.0418157378545,1400.0
2002-07-11,6.53,6.89,5.96,6.63,9700.0,0.0,1.0,4.7783826949478,5.0418157378545,4.361280377012,4.8515585401996,9700.0
2002-07-12,6.71,6.71,6.71,6.71,100.0,0.0,1.0,4.9100992164011,4.9100992164011,4.9100992164011,4.9100992164011,100.0
2002-07-15,6.5,6.9,6.3,6.72,3100.0,0.0,1.0,4.7564299413722,5.0491333223797,4.6100782508684,4.9174168009263,3100.0
2002-07-16,6.72,6.72,6.7,6.71,2500.0,0.0,1.0,4.9174168009263,4.9174168009263,4.902781631876,4.9100992164011,2500.0
2002-07-17,6.2,6.5,6.2,6.3,1800.0,0.0,1.0,4.5369024056166,4.7564299413722,4.5369024056166,4.6100782508684,1800.0
2002-07-18,6.26,6.26,6.26,6.26,1300.0,0.0,1.0,4.5808079127677,4.5808079127677,4.5808079127677,4.5808079127677,1300.0
2002-07-19,6.26,6.26,6.26,6.26,0.0,0.0,1.0,4.5808079127677,4.5808079127677,4.5808079127677,4.5808079127677,0.0
2002-07-22,6.27,6.5,6.27,6.35,10800.0,0.0,1.0,4.5881254972929,4.7564299413722,4.5881254972929,4.6466661734944,10800.0
2002-07-23,6.352,6.352,5.96,6.0,3100.0,0.0,1.0,4.6481296903994,4.6481296903994,4.361280377012,4.3905507151128,3100.0
2002-07-24,5.7,6.0,4.85,5.7,19600.0,0.0,1.0,4.1710231793572,4.3905507151128,3.5490284947162,4.1710231793572,19600.0
2002-07-25,6.0,6.005,6.0,6.0,8400.0,0.0,1.0,4.3905507151128,4.3942095073754,4.3905507151128,4.3905507151128,8400.0
2002-07-26,6.271,6.3,6.271,6.271,1600.0,0.0,1.0,4.5888572557454,4.6100782508684,4.5888572557454,4.5888572557454,1600.0
2002-07-29,6.13,6.81,6.13,6.81,1400.0,0.0,1.0,4.4856793139402,4.983275061653,4.4856793139402,4.983275061653,1400.0
2002-07-30,6.56,6.75,6.56,6.56,6000.0,0.0,1.0,4.8003354485233,4.9393695545019,4.8003354485233,4.8003354485233,6000.0
2002-07-31,6.74,6.74,6.41,6.41,2700.0,0.0,1.0,4.9320519699767,4.9320519699767,4.6905716806455,4.6905716806455,2700.0
2002-08-01,6.41,6.41,6.41,6.41,0.0,0.0,1.0,4.6905716806455,4.6905716806455,4.6905716806455,4.6905716806455,0.0
2002-08-02,6.41,6.41,6.41,6.41,0.0,0.0,1.0,4.6905716806455,4.6905716806455,4.6905716806455,4.6905716806455,0.0
2002-08-05,6.3,6.31,6.3,6.3,2500.0,0.0,1.0,4.6100782508684,4.6173958353936,4.6100782508684,4.6100782508684,2500.0
2002-08-06,6.22,6.22,6.2,6.2,1900.0,0.0,1.0,4.5515375746669,4.5515375746669,4.5369024056166,4.5369024056166,1900.0
2002-08-07,6.12,6.35,6.12,6.35,1100.0,0.0,1.0,4.4783617294151,4.6466661734944,4.4783617294151,4.6466661734944,1100.0
2002-08-08,6.26,6.26,6.26,6.26,800.0,0.0,1.0,4.5808079127677,4.5808079127677,4.5808079127677,4.5808079127677,800.0
2002-08-09,6.34,6.351,6.34,6.351,3200.0,0.0,1.0,4.6393485889692,4.6473979319469,4.6393485889692,4.6473979319469,3200.0
2002-08-12,6.36,6.373,6.35,6.35,3200.0,0.0,1.0,4.6539837580196,4.6634966179023,4.6466661734944,4.6466661734944,3200.0
2002-08-13,6.5,6.5,6.5,6.5,100.0,0.0,1.0,4.7564299413722,4.7564299413722,4.7564299413722,4.7564299413722,100.0
2002-08-14,6.371,6.45,6.37,6.449,2300.0,0.0,1.0,4.6620331009973,4.7198420187463,4.6613013425448,4.7191102602937,2300.0
2002-08-15,6.411,6.451,6.41,6.41,26900.0,0.0,1.0,4.691303439098,4.7205737771988,4.6905716806455,4.6905716806455,26900.0
2002-08-16,6.341,6.6,6.341,6.561,5700.0,0.0,1.0,4.6400803474217,4.8296057866241,4.6400803474217,4.8010672069758,5700.0
2002-08-19,6.55,6.6,6.51,6.6,2400.0,0.0,1.0,4.7930178639981,4.8296057866241,4.7637475258974,4.8296057866241,2400.0
2002-08-20,6.5,6.51,6.5,6.5,3900.0,0.0,1.0,4.7564299413722,4.7637475258974,4.7564299413722,4.7564299413722,3900.0
2002-08-21,6.599,6.6,6.599,6.6,200.0,0.0,1.0,4.8288740281716,4.8296057866241,4.8288740281716,4.8296057866241,200.0
2002-08-22,6.49,6.491,6.48,6.48,4300.0,0.0,1.0,4.749112356847,4.7498441152995,4.7417947723218,4.7417947723218,4300.0
2002-08-23,6.598,7.0,6.58,6.949,28200.0,0.0,1.0,4.828142269719,5.1223091676316,4.8149706175737,5.0849894865531,28200.0
2002-08-26,7.0,7.0,6.89,6.89,4500.0,0.0,1.0,5.1223091676316,5.1223091676316,5.0418157378545,5.0418157378545,4500.0
2002-08-27,6.88,6.9,6.77,6.78,6400.0,0.0,1.0,5.0344981533293,5.0491333223797,4.9540047235523,4.9613223080775,6400.0
2002-08-28,6.75,6.75,6.75,6.75,1800.0,0.0,1.0,4.9393695545019,4.9393695545019,4.9393695545019,4.9393695545019,1800.0
2002-08-29,6.65,6.74,6.62,6.63,15300.0,0.0,1.0,4.86619370925,4.9320519699767,4.8442409556745,4.8515585401996,15300.0
2002-08-30,6.61,6.99,6.61,6.99,2600.0,0.0,1.0,4.8369233711493,5.1149915831064,4.8369233711493,5.1149915831064,2600.0
2002-09-03,6.95,6.98,6.95,6.98,4700.0,0.0,1.0,5.0857212450057,5.1076739985812,5.0857212450057,5.1076739985812,4700.0
2002-09-04,6.95,7.0,6.94,6.95,36700.0,0.0,1.0,5.0857212450057,5.1223091676316,5.0784036604805,5.0857212450057,36700.0
2002-09-05,6.94,6.94,6.94,6.94,1000.0,0.0,1.0,5.0784036604805,5.0784036604805,5.0784036604805,5.0784036604805,1000.0
2002-09-06,6.94,6.94,6.94,6.94,0.0,0.0,1.0,5.0784036604805,5.0784036604805,5.0784036604805,5.0784036604805,0.0
2002-09-09,6.94,6.941,6.94,6.941,1000.0,0.0,1.0,5.0784036604805,5.079135418933,5.0784036604805,5.079135418933,1000.0
2002-09-10,6.87,6.881,6.87,6.881,900.0,0.0,1.0,5.0271805688042,5.0352299117819,5.0271805688042,5.0352299117819,900.0
2002-09-11,6.821,6.821,6.821,6.821,100.0,0.0,1.0,4.9913244046307,4.9913244046307,4.9913244046307,4.9913244046307,100.0
2002-09-12,6.899,6.899,6.899,6.899,500.0,0.0,1.0,5.0484015639272,5.0484015639272,5.0484015639272,5.0484015639272,500.0
2002-09-13,6.86,6.86,6.86,6.86,500.0,0.0,1.0,5.019862984279,5.019862984279,5.019862984279,5.019862984279,500.0
2002-09-16,6.91,6.91,6.91,6.91,100.0,0.0,1.0,5.0564509069049,5.0564509069049,5.0564509069049,5.0564509069049,100.0
2002-09-17,6.9,6.949,6.66,6.67,21700.0,0.0,1.0,5.0491333223797,5.0849894865531,4.8735112937752,4.8808288783004,21700.0
2002-09-18,6.68,6.68,6.67,6.67,700.0,0.0,1.0,4.8881464628256,4.8881464628256,4.8808288783004,4.8808288783004,700.0
2002-09-19,6.67,6.79,6.67,6.79,600.0,0.0,1.0,4.8808288783004,4.9686398926026,4.8808288783004,4.9686398926026,600.0
2002-09-20,6.69,6.69,6.69,6.69,2000.0,0.0,1.0,4.8954640473508,4.8954640473508,4.8954640473508,4.8954640473508,2000.0
2002-09-23,6.69,6.69,6.69,6.69,200.0,0.0,1.0,4.8954640473508,4.8954640473508,4.8954640473508,4.8954640473508,200.0
2002-09-24,6.69,6.69,6.65,6.65,4700.0,0.0,1.0,4.8954640473508,4.8954640473508,4.86619370925,4.86619370925,4700.0
2002-09-25,6.66,6.66,6.66,6.66,700.0,0.0,1.0,4.8735112937752,4.8735112937752,4.8735112937752,4.8735112937752,700.0
2002-09-26,6.65,6.65,6.5,6.5,3100.0,0.0,1.0,4.86619370925,4.86619370925,4.7564299413722,4.7564299413722,3100.0
2002-09-27,6.6,6.6,6.6,6.6,100.0,0.0,1.0,4.8296057866241,4.8296057866241,4.8296057866241,4.8296057866241,100.0
2002-09-30,6.6,6.6,6.6,6.6,0.0,0.0,1.0,4.8296057866241,4.8296057866241,4.8296057866241,4.8296057866241,0.0
2002-10-01,6.54,6.6,6.5,6.6,7800.0,0.0,1.0,4.7857002794729,4.8296057866241,4.7564299413722,4.8296057866241,7800.0
2002-10-02,6.6,6.8,6.25,6.8,4500.0,0.0,1.0,4.8296057866241,4.9759574771278,4.5734903282425,4.9759574771278,4500.0
2002-10-03,6.6,6.779,6.6,6.779,2500.0,0.0,1.0,4.8296057866241,4.9605905496249,4.8296057866241,4.9605905496249,2500.0
2002-10-04,6.79,6.79,6.55,6.78,2500.0,0.0,1.0,4.9686398926026,4.9686398926026,4.7930178639981,4.9613223080775,2500.0
2002-10-07,6.6,6.6,6.6,6.6,1100.0,0.0,1.0,4.8296057866241,4.8296057866241,4.8296057866241,4.8296057866241,1100.0
2002-10-08,6.6,6.61,6.6,6.61,1000.0,0.0,1.0,4.8296057866241,4.8369233711493,4.8296057866241,4.8369233711493,1000.0
2002-10-09,6.55,6.55,6.55,6.55,200.0,0.0,1.0,4.7930178639981,4.7930178639981,4.7930178639981,4.7930178639981,200.0
2002-10-10,6.6,6.7,6.551,6.7,4100.0,0.0,1.0,4.8296057866241,4.902781631876,4.7937496224507,4.902781631876,4100.0
2002-10-11,6.719,7.0,6.7,6.9,26900.0,0.0,1.0,4.9166850424738,5.1223091676316,4.902781631876,5.0491333223797,26900.0
2002-10-14,6.87,6.87,6.87,6.87,500.0,0.0,1.0,5.0271805688042,5.0271805688042,5.0271805688042,5.0271805688042,500.0
2002-10-15,6.95,6.95,6.95,6.95,1800.0,0.0,1.0,5.0857212450057,5.0857212450057,5.0857212450057,5.0857212450057,1800.0
2002-10-16,7.01,7.09,7.01,7.09,3600.0,0.0,1.0,5.1296267521568,5.1881674283583,5.1296267521568,5.1881674283583,3600.0
2002-10-17,7.11,7.22,7.11,7.11,3000.0,0.0,1.0,5.2028025974087,5.2832960271857,5.2028025974087,5.2028025974087,3000.0
2002-10-18,7.15,7.25,7.15,7.21,7500.0,0.0,1.0,5.2320729355094,5.3052487807613,5.2320729355094,5.2759784426605,7500.0
2002-10-21,7.22,7.41,7.19,7.27,13700.0,0.0,1.0,5.2832960271857,5.4223301331643,5.2613432736102,5.3198839498117,13700.0
2002-10-22,7.35,7.35,7.25,7.27,2700.0,0.0,1.0,5.3784246260132,5.3784246260132,5.3052487807613,5.3198839498117,2700.0
2002-10-23,7.469,7.469,7.32,7.34,3200.0,0.0,1.0,5.4655038818629,5.4655038818629,5.3564718724376,5.371107041488,3200.0
2002-10-24,7.34,7.47,7.31,7.32,9400.0,0.0,1.0,5.371107041488,5.4662356403154,5.3491542879124,5.3564718724376,9400.0
2002-10-25,7.45,7.45,7.44,7.44,500.0,0.0,1.0,5.4516004712651,5.4516004712651,5.4442828867399,5.4442828867399,500.0
2002-10-28,7.38,7.391,7.38,7.391,11100.0,0.0,1.0,5.4003773795887,5.4084267225664,5.4003773795887,5.4084267225664,11100.0
2002-10-29,7.48,7.98,7.36,7.62,56000.0,0.0,1.0,5.4735532248406,5.8394324511,5.3857422105384,5.5759994081933,56000.0
2002-10-30,8.0,8.0,7.8,7.8,2800.0,0.0,1.0,5.8540676201504,5.8540676201504,5.7077159296466,5.7077159296466,2800.0
2002-10-31,8.0,8.02,7.96,8.0,15000.0,0.0,1.0,5.8540676201504,5.8687027892008,5.8247972820496,5.8540676201504,15000.0
2002-11-01,8.0,8.235,8.0,8.235,15400.0,0.0,1.0,5.8540676201504,6.0260308564923,5.8540676201504,6.0260308564923,15400.0
2002-11-04,8.21,8.44,7.65,8.3,24500.0,0.0,1.0,6.0077368951793,6.1760413392587,5.5979521617688,6.073595155906,24500.0
2002-11-05,8.43,8.43,8.26,8.31,2800.0,0.0,1.0,6.1687237547335,6.1687237547335,6.0443248178053,6.0809127404312,2800.0
2002-11-06,8.36,8.42,8.3,8.35,12300.0,0.0,1.0,6.1175006630572,6.1614061702083,6.073595155906,6.110183078532,12300.0
2002-11-07,8.44,8.5,8.37,8.5,11100.0,0.0,1.0,6.1760413392587,6.2199468464098,6.1248182475823,6.2199468464098,11100.0
2002-11-08,8.54,8.54,8.42,8.45,1200.0,0.0,1.0,6.2492171845105,6.2492171845105,6.1614061702083,6.1833589237839,1200.0
2002-11-11,8.45,8.6,8.35,8.41,6400.0,0.0,1.0,6.1833589237839,6.2931226916617,6.110183078532,6.1540885856831,6400.0
2002-11-12,8.64,8.95,8.64,8.651,19300.0,0.0,1.0,6.3223930297624,6.5492381500433,6.3223930297624,6.3304423727401,19300.0
2002-11-13,8.61,8.8,8.61,8.78,4700.0,0.0,1.0,6.3004402761869,6.4394743821654,6.3004402761869,6.4248392131151,4700.0
2002-11-14,8.78,8.87,8.75,8.87,5800.0,0.0,1.0,6.4248392131151,6.4906974738417,6.4028864595395,6.4906974738417,5800.0
2002-11-15,8.85,9.0,8.85,8.92,28600.0,0.0,1.0,6.4760623047914,6.5858260726692,6.4760623047914,6.5272853964677,28600.0
2002-11-18,9.0,9.1,8.87,9.1,44300.0,0.0,1.0,6.5858260726692,6.6590019179211,6.4906974738417,6.6590019179211,44300.0
2002-11-19,9.079,9.1,9.05,9.1,11000.0,0.0,1.0,6.6436349904182,6.6590019179211,6.6224139952951,6.6590019179211,11000.0
2002-11-20,9.09,9.14,9.09,9.11,9400.0,0.0,1.0,6.6516843333959,6.6882722560218,6.6516843333959,6.6663195024463,9400.0
2002-11-21,9.23,9.3,9.121,9.3,7500.0,0.0,1.0,6.7541305167485,6.8053536084248,6.674368845424,6.8053536084248,7500.0
2002-11-22,9.32,9.35,9.32,9.33,15400.0,0.0,1.0,6.8199887774752,6.8419415310508,6.8199887774752,6.8273063620004,15400.0
2002-11-25,9.35,9.62,9.1,9.3,21400.0,0.0,1.0,6.8419415310508,7.0395163132308,6.6590019179211,6.8053536084248,21400.0
2002-11-26,9.13,9.29,9.13,9.27,2100.0,0.0,1.0,6.6809546714966,6.7980360238996,6.6809546714966,6.7834008548493,2100.0
2002-11-27,9.18,9.279,9.18,9.18,5800.0,0.0,1.0,6.7175425941226,6.7899866809219,6.7175425941226,6.7175425941226,5800.0
2002-11-29,9.22,9.22,9.2,9.2,7200.0,0.0,1.0,6.7468129322233,6.7468129322233,6.732177763173,6.732177763173,7200.0
2002-12-02,9.24,9.31,9.2,9.2,4000.0,0.0,1.0,6.7614481012737,6.81267119295,6.732177763173,6.732177763173,4000.0
2002-12-03,9.2,9.2,9.2,9.2,0.0,0.0,1.0,6.732177763173,6.732177763173,6.732177763173,6.732177763173,0.0
2002-12-04,9.3,9.3,9.2,9.21,4400.0,0.0,1.0,6.8053536084248,6.8053536084248,6.732177763173,6.7394953476981,4400.0
2002-12-05,9.21,9.21,9.2,9.21,3600.0,0.0,1.0,6.7394953476981,6.7394953476981,6.732177763173,6.7394953476981,3600.0
2002-12-06,9.2,9.239,9.2,9.239,2500.0,0.0,1.0,6.732177763173,6.7607163428212,6.732177763173,6.7607163428212,2500.0
2002-12-09,9.16,9.25,9.09,9.169,15000.0,0.0,1.0,6.7029074250722,6.7687656857989,6.6516843333959,6.7094932511449,15000.0
2002-12-10,9.101,9.17,9.101,9.15,3300.0,0.0,1.0,6.6597336763736,6.7102250095974,6.6597336763736,6.695589840547,3300.0
2002-12-11,9.16,9.22,9.16,9.22,12400.0,0.0,1.0,6.7029074250722,6.7468129322233,6.7029074250722,6.7468129322233,12400.0
2002-12-12,9.22,9.3,9.22,9.29,48700.0,0.0,1.0,6.7468129322233,6.8053536084248,6.7468129322233,6.7980360238996,48700.0
2002-12-13,9.25,9.35,9.25,9.3,8100.0,0.0,1.0,6.7687656857989,6.8419415310508,6.7687656857989,6.8053536084248,8100.0
2002-12-16,9.34,9.441,9.34,9.441,1600.0,0.0,1.0,6.8346239465256,6.90853155023,6.8346239465256,6.90853155023,1600.0
2002-12-17,9.45,9.5,9.45,9.5,600.0,0.0,1.0,6.9151173763027,6.9517052989286,6.9151173763027,6.9517052989286,600.0
2002-12-18,9.451,9.5,9.3,9.35,11800.0,0.0,1.0,6.9158491347552,6.9517052989286,6.8053536084248,6.8419415310508,11800.0
2002-12-19,9.39,9.5,9.35,9.489,1900.0,0.0,1.0,6.8712118691515,6.9517052989286,6.8419415310508,6.9436559559509,1900.0
2002-12-20,9.45,9.51,9.45,9.5,7500.0,0.0,1.0,6.9151173763027,6.9590228834538,6.9151173763027,6.9517052989286,7500.0
2002-12-23,9.31,9.6,9.31,9.56,9100.0,0.0,1.0,6.81267119295,7.0248811441805,6.81267119295,6.9956108060797,9100.0
2002-12-24,9.56,9.56,9.56,9.56,800.0,0.0,1.0,6.9956108060797,6.9956108060797,6.9956108060797,6.9956108060797,800.0
2002-12-26,9.9,9.9,9.81,9.81,400.0,0.0,1.0,7.2444086799361,7.2444086799361,7.1785504192094,7.1785504192094,400.0
2002-12-27,9.6,9.8,9.5,9.8,6200.0,0.0,1.0,7.0248811441805,7.1712328346842,6.9517052989286,7.1712328346842,6200.0
2002-12-30,9.85,10.19,9.85,10.07,19900.0,0.0,1.0,7.2078207573102,7.4566186311666,7.2078207573102,7.3688076168643,19900.0
2002-12-31,9.95,10.17,9.921,10.07,4800.0,0.0,1.0,7.2809966025621,7.4419834621162,7.259775607439,7.3688076168643,4800.0
2003-01-02,10.04,10.44,9.9,10.01,45200.0,0.0,1.0,7.3468548632887,7.6395582442963,7.2444086799361,7.3249021097132,45200.0
2003-01-03,10.0,10.07,9.95,10.0,25600.0,0.0,1.0,7.317584525188,7.3688076168643,7.2809966025621,7.317584525188,25600.0
2003-01-06,10.06,10.62,10.0,10.47,18600.0,0.0,1.0,7.3614900323391,7.7712747657496,7.317584525188,7.6615109978718,18600.0
2003-01-07,10.48,10.96,10.48,10.74,31100.0,0.0,1.0,7.668828582397,8.020072639606,7.668828582397,7.8590857800519,31100.0
2003-01-08,10.5,10.81,10.48,10.72,16900.0,0.0,1.0,7.6834637514474,7.9103088717282,7.668828582397,7.8444506110015,16900.0
2003-01-09,10.5,10.6,10.41,10.57,3900.0,0.0,1.0,7.6834637514474,7.7566395966993,7.6176054907207,7.7346868431237,3900.0
2003-01-10,10.5,10.73,10.42,10.61,11900.0,0.0,1.0,7.6834637514474,7.8517681955267,7.6249230752459,7.7639571812245,11900.0
2003-01-13,11.24,11.61,10.9,11.01,35300.0,0.0,1.0,8.2249650063113,8.4957156337433,7.9761671324549,8.056660562232,35300.0
2003-01-14,11.04,11.31,10.51,11.1,38100.0,0.0,1.0,8.0786133158075,8.2761880979876,7.6907813359726,8.1225188229587,38100.0
2003-01-15,11.23,11.4,10.8,11.2,14500.0,0.0,1.0,8.2176474217861,8.3420463587143,7.902991287203,8.1956946682106,14500.0
2003-01-16,11.08,11.08,10.85,10.93,3100.0,0.0,1.0,8.1078836539083,8.1078836539083,7.939579209829,7.9981198860305,3100.0
2003-01-17,10.83,11.2,10.13,10.57,16400.0,0.0,1.0,7.9249440407786,8.1956946682106,7.4127131240154,7.7346868431237,16400.0
2003-01-21,12.2,12.2,10.9,11.48,134400.0,0.0,1.0,8.9274531207294,8.9274531207294,7.9761671324549,8.4005870349158,134400.0
2003-01-22,11.55,12.6,11.55,12.52,156500.0,0.0,1.0,8.4518101265921,9.2201565017369,8.4518101265921,9.1616158255354,156500.0
2003-01-23,12.4,12.55,12.25,12.53,32600.0,0.0,1.0,9.0738048112331,9.1835685791109,8.9640410433553,9.1689334100606,32600.0
2003-01-24,12.58,12.9,12.35,12.85,61900.0,0.0,1.0,9.2055213326865,9.4396840374925,9.0372168886072,9.4030961148666,61900.0
2003-01-27,12.8,12.85,12.03,12.37,64100.0,0.0,1.0,9.3665081922406,9.4030961148666,8.8030541838012,9.0518520576575,64100.0
2003-01-28,12.37,12.97,12.34,12.95,78900.0,0.0,1.0,9.0518520576575,9.4909071291688,9.029899304082,9.4762719601185,78900.0
2003-01-29,12.37,12.97,12.34,12.95,89200.0,0.0,1.0,9.0518520576575,9.4909071291688,9.029899304082,9.4762719601185,89200.0
2003-01-30,13.05,13.05,12.75,12.8,14100.0,0.0,1.0,9.5494478053703,9.5494478053703,9.3299202696147,9.3665081922406,14100.0
2003-01-31,12.8,13.82,12.77,13.7,114700.0,0.0,1.0,9.3665081922406,10.11290181381,9.3445554386651,10.025090799508,114700.0
2003-02-03,13.99,14.3,13.5,13.69,136500.0,0.0,1.0,10.237300750738,10.464145871019,9.8787391090038,10.017773214982,136500.0
2003-02-04,13.68,13.94,13.31,13.62,132200.0,0.0,1.0,10.010455630457,10.200712828112,9.7397050030252,9.966550123306,132200.0
2003-02-05,13.43,13.71,13.27,13.69,97100.0,0.0,1.0,9.8275160173275,10.032408384033,9.7104346649245,10.017773214982,97100.0
2003-02-06,13.71,13.71,13.5,13.5,12700.0,0.0,1.0,10.032408384033,10.032408384033,9.8787391090038,9.8787391090038,12700.0
2003-02-07,13.41,13.54,13.15,13.2,22500.0,0.0,1.0,9.8128808482771,9.9080094471045,9.6226236506222,9.6592115732482,22500.0
2003-02-10,13.11,13.24,11.92,12.65,80400.0,0.0,1.0,9.5933533125215,9.6884819113489,8.7225607540241,9.2567444243628,80400.0
2003-02-11,12.75,12.75,12.12,12.15,24100.0,0.0,1.0,9.3299202696147,9.3299202696147,8.8689124445278,8.8908651981034,24100.0
2003-02-12,12.21,12.43,11.16,11.57,78200.0,0.0,1.0,8.9347707052545,9.0957575648087,8.1664243301098,8.4664452956425,78200.0
2003-02-13,11.4,11.66,11.25,11.59,40400.0,0.0,1.0,8.3420463587143,8.5323035563692,8.2322825908365,8.4810804646929,40400.0
2003-02-14,11.63,11.83,11.63,11.81,13100.0,0.0,1.0,8.5103508027936,8.6567024932974,8.5103508027936,8.642067324247,13100.0
2003-02-18,11.65,11.75,11.56,11.64,44200.0,0.0,1.0,8.524985971844,8.5981618170959,8.4591277111173,8.5176683873188,44200.0
2003-02-19,11.7,12.4,11.62,12.38,44200.0,0.0,1.0,8.56157389447,9.0738048112331,8.5030332182684,9.0591696421827,44200.0
2003-02-20,12.5,12.5,12.08,12.34,24700.0,0.0,1.0,9.146980656485,9.146980656485,8.8396421064271,9.029899304082,24700.0
2003-02-21,12.37,13.0,12.26,13.0,70600.0,0.0,1.0,9.0518520576575,9.5128598827444,8.9713586278805,9.5128598827444,70600.0
2003-02-24,13.0,13.5,12.78,13.0,92900.0,0.0,1.0,9.5128598827444,9.8787391090038,9.3518730231903,9.5128598827444,92900.0
2003-02-25,13.13,13.22,12.92,13.09,34300.0,0.0,1.0,9.6079884815718,9.6738467422985,9.4543192065429,9.5787181434711,34300.0
2003-02-26,13.08,13.18,12.95,13.05,38600.0,0.0,1.0,9.5714005589459,9.6445764041978,9.4762719601185,9.5494478053703,38600.0
2003-02-27,13.07,13.2,12.86,13.1,28200.0,0.0,1.0,9.5640829744207,9.6592115732482,9.4104136993918,9.5860357279963,28200.0
2003-02-28,13.2,13.45,13.04,13.3,9200.0,0.0,1.0,9.6592115732482,9.8421511863779,9.5421302208451,9.7323874185,9200.0
2003-03-03,13.44,13.65,13.2,13.5,19100.0,0.0,1.0,9.8348336018527,9.9885028768816,9.6592115732482,9.8787391090038,19100.0
2003-03-04,13.48,13.62,13.06,13.2,39100.0,0.0,1.0,9.8641039399534,9.966550123306,9.5567653898955,9.6592115732482,39100.0
2003-03-05,13.08,13.6,13.06,13.5,23600.0,0.0,1.0,9.5714005589459,9.9519149542557,9.5567653898955,9.8787391090038,23600.0
2003-03-06,13.5,13.75,13.15,13.6,30400.0,0.0,1.0,9.8787391090038,10.061678722133,9.6226236506222,9.9519149542557,30400.0
2003-03-07,13.5,13.62,13.11,13.12,26500.0,0.0,1.0,9.8787391090038,9.966550123306,9.5933533125215,9.6006708970466,26500.0
2003-03-10,13.1,13.18,12.52,13.09,39700.0,0.0,1.0,9.5860357279963,9.6445764041978,9.1616158255354,9.5787181434711,39700.0
2003-03-11,12.99,13.62,12.85,13.57,29700.0,0.0,1.0,9.5055422982192,9.966550123306,9.4030961148666,9.9299622006801,29700.0
2003-03-12,13.54,13.54,13.35,13.49,16300.0,0.0,1.0,9.9080094471045,9.9080094471045,9.768975341126,9.8714215244786,16300.0
2003-03-13,13.4,13.51,13.17,13.46,34000.0,0.0,1.0,9.8055632637519,9.886056693529,9.6372588196726,9.849468770903,34000.0
2003-03-14,13.46,13.46,12.73,13.39,49200.0,0.0,1.0,9.849468770903,9.849468770903,9.3152851005643,9.7982456792267,49200.0
2003-03-17,12.76,13.43,12.76,12.9,23900.0,0.0,1.0,9.3372378541399,9.8275160173275,9.3372378541399,9.4396840374925,23900.0
2003-03-18,13.04,13.05,12.16,13.0,44300.0,0.0,1.0,9.5421302208451,9.5494478053703,8.8981827826286,9.5128598827444,44300.0
2003-03-19,12.6,13.01,12.6,12.94,6500.0,0.0,1.0,9.2201565017369,9.5201774672696,9.2201565017369,9.4689543755933,6500.0
2003-03-20,12.87,13.02,12.8,12.8,2800.0,0.0,1.0,9.4177312839169,9.5274950517948,9.3665081922406,9.3665081922406,2800.0
2003-03-21,12.84,12.84,12.6,12.7,9200.0,0.0,1.0,9.3957785303414,9.3957785303414,9.2201565017369,9.2933323469888,9200.0
2003-03-24,12.85,12.95,12.72,12.95,11500.0,0.0,1.0,9.4030961148666,9.4762719601185,9.3079675160391,9.4762719601185,11500.0
2003-03-25,12.99,13.05,12.93,13.05,22400.0,0.0,1.0,9.5055422982192,9.5494478053703,9.4616367910681,9.5494478053703,22400.0
2003-03-26,13.09,13.26,12.98,13.26,15100.0,0.0,1.0,9.5787181434711,9.7031170803993,9.498224713694,9.7031170803993,15100.0
2003-03-27,13.0,14.31,13.0,14.23,83900.0,0.0,1.0,9.5128598827444,10.471463455544,9.5128598827444,10.412922779343,83900.0
2003-03-28,14.0,14.95,14.0,14.79,94700.0,0.0,1.0,10.244618335263,10.939788865156,10.244618335263,10.822707512753,94700.0
2003-03-31,14.8,14.85,14.21,14.35,38600.0,0.0,1.0,10.830025097278,10.866613019904,10.398287610292,10.500733793645,38600.0
2003-04-01,14.3,14.74,14.3,14.6,42100.0,0.0,1.0,10.464145871019,10.786119590127,10.464145871019,10.683673406774,42100.0
2003-04-02,14.69,14.75,14.4,14.62,23000.0,0.0,1.0,10.749531667501,10.793437174652,10.537321716271,10.698308575825,23000.0
2003-04-03,14.69,14.75,14.5,14.737,24500.0,0.0,1.0,10.749531667501,10.793437174652,10.610497561523,10.78392431477,24500.0
2003-04-04,14.8,15.7,14.68,15.67,92000.0,0.0,1.0,10.830025097278,11.488607704545,10.742214082976,11.46665495097,92000.0
2003-04-07,15.83,15.83,14.86,15.62,123700.0,0.0,1.0,11.583736303373,11.583736303373,10.873930604429,11.430067028344,123700.0
2003-04-08,15.58,15.8,15.45,15.5,29300.0,0.0,1.0,11.400796690243,11.561783549797,11.305668091415,11.342256014041,29300.0
2003-04-09,15.454,15.6,15.3,15.4,35000.0,0.0,1.0,11.308595125226,11.415431859293,11.195904323538,11.26908016879,35000.0
2003-04-10,14.9,15.39,14.7,15.25,40800.0,0.0,1.0,10.90320094253,11.261762584264,10.756849252026,11.159316400912,40800.0
2003-04-11,15.4,15.4,15.09,15.24,22800.0,0.0,1.0,11.26908016879,11.26908016879,11.042235048509,11.151998816387,22800.0
2003-04-14,15.4,15.4,15.19,15.3,43600.0,0.0,1.0,11.26908016879,11.26908016879,11.115410893761,11.195904323538,43600.0
2003-04-15,15.5,15.5,15.01,15.45,35700.0,0.0,1.0,11.342256014041,11.342256014041,10.983694372307,11.305668091415,35700.0
2003-04-16,15.5,15.5,15.12,15.41,46000.0,0.0,1.0,11.342256014041,11.342256014041,11.064187802084,11.276397753315,46000.0
2003-04-17,15.5,16.21,15.399,16.0,99300.0,0.0,1.0,11.342256014041,11.86180451533,11.268348410337,11.708135240301,99300.0
2003-04-21,16.26,17.85,16.2,17.04,230200.0,0.0,1.0,11.898392437956,13.061888377461,11.854486930805,12.46916403092,230200.0
2003-04-22,17.25,17.5,16.2,16.9,142300.0,0.0,1.0,12.622833305949,12.805772919079,11.854486930805,12.366717847568,142300.0
2003-04-23,16.9,17.15,16.05,16.4,157600.0,0.0,1.0,12.366717847568,12.549657460697,11.744723162927,12.000838621308,157600.0
2003-04-24,16.4,17.25,16.3,17.25,108500.0,0.0,1.0,12.000838621308,12.622833305949,11.927662776056,12.622833305949,108500.0
2003-04-25,17.1,17.1,16.75,17.1,65300.0,0.0,1.0,12.513069538071,12.513069538071,12.25695407969,12.513069538071,65300.0
2003-04-28,17.16,17.996,16.4,17.84,241400.0,0.0,1.0,12.556975045223,13.168725111528,12.000838621308,13.054570792935,241400.0
2003-04-29,17.55,19.2,17.26,19.19,314800.0,0.0,1.0,12.842360841705,14.049762288361,12.630150890474,14.042444703836,314800.0
2003-04-30,19.39,19.39,18.3,18.799,158000.0,0.0,1.0,14.18879639434,14.18879639434,13.391179681094,13.756327148901,158000.0
2003-05-01,18.83,19.01,18.33,18.33,66200.0,0.0,1.0,13.779011660929,13.910728182382,13.41313243467,13.41313243467,66200.0
2003-05-02,18.36,19.0,17.93,18.53,58000.0,0.0,1.0,13.435085188245,13.903410597857,13.120429053662,13.559484125173,58000.0
2003-05-05,18.96,19.41,18.89,19.4,147500.0,0.0,1.0,13.874140259756,14.20343156339,13.82291716808,14.196113978865,147500.0
2003-05-06,19.43,19.43,18.86,18.951,77500.0,0.0,1.0,14.21806673244,14.21806673244,13.800964414505,13.867554433684,77500.0
2003-05-07,18.94,19.06,16.94,17.98,200400.0,0.0,1.0,13.859505090706,13.947316105008,12.395988185668,13.157016976288,200400.0
2003-05-08,17.29,17.78,16.101,16.74,177400.0,0.0,1.0,12.65210364405,13.010665285784,11.782042844005,12.249636495165,177400.0
2003-05-09,16.25,17.81,16.25,17.81,82900.0,0.0,1.0,11.89107485343,13.03261803936,11.89107485343,13.03261803936,82900.0
2003-05-12,18.22,18.41,17.82,18.24,87100.0,0.0,1.0,13.332639004893,13.471673110871,13.039935623885,13.347274173943,87100.0
2003-05-13,18.24,18.902,18.1,18.82,124200.0,0.0,1.0,13.347274173943,13.83169826951,13.24482799059,13.771694076404,124200.0
2003-05-14,18.85,18.98,18.48,18.8,85800.0,0.0,1.0,13.793646829979,13.888775428807,13.522896202547,13.757058907353,85800.0
2003-05-15,18.66,19.0,18.22,18.62,61700.0,0.0,1.0,13.654612724001,13.903410597857,13.332639004893,13.6253423859,61700.0
2003-05-16,18.23,18.8,17.66,17.99,36800.0,0.0,1.0,13.339956589418,13.757058907353,12.922854271482,13.164334560813,36800.0
2003-05-19,17.03,17.28,14.5,16.34,209600.0,0.0,1.0,12.461846446395,12.644786059525,10.610497561523,11.956933114157,209600.0
2003-05-20,16.34,16.6,14.95,16.56,134200.0,0.0,1.0,11.956933114157,12.147190311812,10.939788865156,12.117919973711,134200.0
2003-05-21,16.0,16.45,15.11,15.5,137500.0,0.0,1.0,11.708135240301,12.037426543934,11.056870217559,11.342256014041,137500.0
2003-05-22,15.21,16.4,15.21,16.08,60200.0,0.0,1.0,11.130046062811,12.000838621308,11.130046062811,11.766675916502,60200.0
2003-05-23,15.41,16.149,15.41,15.69,58000.0,0.0,1.0,11.276397753315,11.817167249726,11.276397753315,11.48129012002,58000.0
2003-05-27,14.61,15.47,14.11,14.37,170300.0,0.0,1.0,10.6909909913,11.320303260466,10.32511176504,10.515368962695,170300.0
2003-05-28,14.01,14.289,13.53,13.83,204000.0,0.0,1.0,10.251935919788,10.456096528041,9.9006918625794,10.120219398335,204000.0
2003-05-29,14.5,16.24,14.4,15.62,219800.0,0.0,1.0,10.610497561523,11.883757268905,10.537321716271,11.430067028344,219800.0
2003-05-30,16.29,16.29,15.401,15.76,63700.0,0.0,1.0,11.920345191531,11.920345191531,11.269811927242,11.532513211696,63700.0
2003-06-02,16.14,16.2,15.1,15.8,123500.0,0.0,1.0,11.810581423653,11.854486930805,11.049552633034,11.561783549797,123500.0
2003-06-03,15.98,16.2,15.53,15.94,67600.0,0.0,1.0,11.69350007125,11.854486930805,11.364208767617,11.66422973315,67600.0
2003-06-04,16.19,16.19,15.36,15.36,60900.0,0.0,1.0,11.847169346279,11.847169346279,11.239809830689,11.239809830689,60900.0
2003-06-05,15.05,16.05,14.96,16.02,53700.0,0.0,1.0,11.012964710408,11.744723162927,10.947106449681,11.722770409351,53700.0
2003-06-06,16.0,16.0,15.45,15.62,23800.0,0.0,1.0,11.708135240301,11.708135240301,11.305668091415,11.430067028344,23800.0
2003-06-09,15.65,17.17,15.62,16.64,157600.0,0.0,1.0,11.452019781919,12.564292629748,11.430067028344,12.176460649913,157600.0
2003-06-10,17.28,17.35,16.38,16.99,60300.0,0.0,1.0,12.644786059525,12.696009151201,11.986203452258,12.432576108294,60300.0
2003-06-11,17.0,17.08,16.49,16.811,65500.0,0.0,1.0,12.43989369282,12.498434369021,12.066696882035,12.301591345294,65500.0
2003-06-12,17.18,17.18,16.6,16.81,41000.0,0.0,1.0,12.571610214273,12.571610214273,12.147190311812,12.300859586841,41000.0
2003-06-13,16.65,17.099,16.65,16.91,26900.0,0.0,1.0,12.183778234438,12.512337779619,12.183778234438,12.374035432093,26900.0
2003-06-16,17.15,18.22,17.1,17.95,95500.0,0.0,1.0,12.549657460697,13.332639004893,12.513069538071,13.135064222712,95500.0
2003-06-17,17.96,18.05,17.69,18.0,44800.0,0.0,1.0,13.142381807238,13.208240067964,12.944807025058,13.171652145338,44800.0
2003-06-18,18.0,18.0,16.95,17.89,42900.0,0.0,1.0,13.171652145338,13.171652145338,12.403305770194,13.091158715561,42900.0
2003-06-19,17.96,18.0,17.05,18.0,42800.0,0.0,1.0,13.142381807238,13.171652145338,12.476481615446,13.171652145338,42800.0
2003-06-20,17.8,17.8,16.91,17.07,32100.0,0.0,1.0,13.025300454835,13.025300454835,12.374035432093,12.491116784496,32100.0
2003-06-23,17.15,18.0,17.08,17.51,108100.0,0.0,1.0,12.549657460697,13.171652145338,12.498434369021,12.813090503604,108100.0
2003-06-24,17.6,18.0,17.25,17.31,73600.0,0.0,1.0,12.878948764331,13.171652145338,12.622833305949,12.6667388131,73600.0
2003-06-25,17.8,17.8,17.17,17.26,36900.0,0.0,1.0,13.025300454835,13.025300454835,12.564292629748,12.630150890474,36900.0
2003-06-26,17.48,17.65,16.1,16.45,105300.0,0.0,1.0,12.791137750029,12.915536686957,11.781311085553,12.037426543934,105300.0
2003-06-27,17.0,17.25,16.32,16.65,105600.0,0.0,1.0,12.43989369282,12.622833305949,11.942297945107,12.183778234438,105600.0
2003-06-30,16.26,16.756,15.67,16.32,423900.0,0.0,1.0,11.898392437956,12.261344630405,11.46665495097,11.942297945107,423900.0
2003-07-01,16.19,16.19,15.26,15.849,91800.0,0.0,1.0,11.847169346279,11.847169346279,11.166633985437,11.59763971397,91800.0
2003-07-02,15.97,16.18,15.66,16.05,54200.0,0.0,1.0,11.686182486725,11.839851761754,11.459337366444,11.744723162927,54200.0
2003-07-03,15.76,16.09,15.76,16.02,16300.0,0.0,1.0,11.532513211696,11.773993501027,11.532513211696,11.722770409351,16300.0
2003-07-07,15.4,16.0,15.4,15.85,97800.0,0.0,1.0,11.26908016879,11.708135240301,11.26908016879,11.598371472423,97800.0
2003-07-08,15.99,17.21,15.75,17.21,79400.0,0.0,1.0,11.700817655776,12.593562967849,11.525195627171,12.593562967849,79400.0
2003-07-09,17.25,17.49,16.78,17.15,93300.0,0.0,1.0,12.622833305949,12.798455334554,12.278906833265,12.549657460697,93300.0
2003-07-10,17.04,17.07,16.3,16.61,60300.0,0.0,1.0,12.46916403092,12.491116784496,11.927662776056,12.154507896337,60300.0
2003-07-11,16.03,16.82,16.03,16.666,52400.0,0.0,1.0,11.730087993876,12.308177171366,11.730087993876,12.195486369678,52400.0
2003-07-14,17.19,17.25,16.7,17.25,95300.0,0.0,1.0,12.578927798798,12.622833305949,12.220366157064,12.622833305949,95300.0
2003-07-15,17.31,17.74,17.16,17.74,53300.0,0.0,1.0,12.6667388131,12.981394947683,12.556975045223,12.981394947683,53300.0
2003-07-16,17.35,17.75,17.35,17.4,47300.0,0.0,1.0,12.696009151201,12.988712532209,12.696009151201,12.732597073827,47300.0
2003-07-17,16.89,17.0,14.2,15.1,169200.0,0.0,1.0,12.359400263043,12.43989369282,10.390970025767,11.049552633034,169200.0
2003-07-18,15.0,15.15,14.5,15.09,39700.0,0.0,1.0,10.976376787782,11.08614055566,10.610497561523,11.042235048509,39700.0
2003-07-21,15.05,15.48,15.03,15.45,56500.0,0.0,1.0,11.012964710408,11.327620844991,10.998329541358,11.305668091415,56500.0
2003-07-22,15.46,15.75,15.37,15.7,31900.0,0.0,1.0,11.312985675941,11.525195627171,11.247127415214,11.488607704545,31900.0
2003-07-23,15.68,16.38,15.52,16.31,39500.0,0.0,1.0,11.473972535495,11.986203452258,11.356891183092,11.934980360582,39500.0
2003-07-24,16.2,16.24,14.4,15.34,59900.0,0.0,1.0,11.854486930805,11.883757268905,10.537321716271,11.225174661638,59900.0
2003-07-25,15.26,15.32,15.15,15.16,44800.0,0.0,1.0,11.166633985437,11.210539492588,11.08614055566,11.093458140185,44800.0
2003-07-28,15.16,15.62,15.0,15.5,51700.0,0.0,1.0,11.093458140185,11.430067028344,10.976376787782,11.342256014041,51700.0
2003-07-29,15.2,15.91,15.2,15.81,24100.0,0.0,1.0,11.122728478286,11.642276979574,11.122728478286,11.569101134322,24100.0
2003-07-30,14.6,15.7,14.6,14.98,37700.0,0.0,1.0,10.683673406774,11.488607704545,10.683673406774,10.961741618732,37700.0
2003-07-31,14.71,15.68,14.71,15.09,13200.0,0.0,1.0,10.764166836552,11.473972535495,10.764166836552,11.042235048509,13200.0
2003-08-01,14.94,15.4,13.54,13.54,96700.0,0.0,1.0,10.932471280631,11.26908016879,9.9080094471045,9.9080094471045,96700.0
2003-08-04,13.54,14.11,11.92,13.2,87900.0,0.0,1.0,9.9080094471045,10.32511176504,8.7225607540241,9.6592115732482,87900.0
2003-08-05,12.61,13.37,12.31,12.5,153300.0,0.0,1.0,9.2274740862621,9.7836105101763,9.0079465505064,9.146980656485,153300.0
2003-08-06,12.7,13.0,12.2,12.72,141800.0,0.0,1.0,9.2933323469888,9.5128598827444,8.9274531207294,9.3079675160391,141800.0
2003-08-07,12.52,12.74,12.52,12.65,20700.0,0.0,1.0,9.1616158255354,9.3226026850895,9.1616158255354,9.2567444243628,20700.0
2003-08-08,12.93,12.93,12.21,12.51,29500.0,0.0,1.0,9.4616367910681,9.4616367910681,8.9347707052545,9.1542982410102,29500.0
2003-08-11,12.51,12.95,12.51,12.95,10000.0,0.0,1.0,9.1542982410102,9.4762719601185,9.1542982410102,9.4762719601185,10000.0
2003-08-12,13.1,13.1,12.51,12.85,51400.0,0.0,1.0,9.5860357279963,9.5860357279963,9.1542982410102,9.4030961148666,51400.0
2003-08-13,13.0,13.05,12.8,13.05,14900.0,0.0,1.0,9.5128598827444,9.5494478053703,9.3665081922406,9.5494478053703,14900.0
2003-08-14,13.23,13.23,12.62,13.02,6600.0,0.0,1.0,9.6811643268237,9.6811643268237,9.2347916707872,9.5274950517948,6600.0
2003-08-15,13.27,13.4,13.2,13.4,7500.0,0.0,1.0,9.7104346649245,9.8055632637519,9.6592115732482,9.8055632637519,7500.0
2003-08-18,13.4,13.75,13.21,13.739,27500.0,0.0,1.0,9.8055632637519,10.061678722133,9.6665291577733,10.053629379156,27500.0
2003-08-19,15.08,15.6,14.66,14.761,77100.0,0.0,1.0,11.034917463983,11.415431859293,10.727578913926,10.80148651763,77100.0
2003-08-20,14.92,15.5,14.89,15.4,45900.0,0.0,1.0,10.91783611158,11.342256014041,10.895883358005,11.26908016879,45900.0
2003-08-21,15.55,15.69,15.411,15.51,23900.0,0.0,1.0,11.378843936667,11.48129012002,11.277129511767,11.349573598567,23900.0
2003-08-22,15.69,15.69,15.33,15.45,31100.0,0.0,1.0,11.48129012002,11.48129012002,11.217857077113,11.305668091415,31100.0
2003-08-25,15.49,16.31,15.35,16.09,26600.0,0.0,1.0,11.334938429516,11.934980360582,11.232492246164,11.773993501027,26600.0
2003-08-26,16.25,16.43,16.03,16.43,20300.0,0.0,1.0,11.89107485343,12.022791374884,11.730087993876,12.022791374884,20300.0
2003-08-27,16.5,16.5,16.0,16.31,23100.0,0.0,1.0,12.07401446656,12.07401446656,11.708135240301,11.934980360582,23100.0
2003-08-28,16.47,16.47,16.07,16.25,26700.0,0.0,1.0,12.052061712985,12.052061712985,11.759358331977,11.89107485343,26700.0
2003-08-29,16.23,16.5,16.22,16.44,11600.0,0.0,1.0,11.87643968438,12.07401446656,11.869122099855,12.030108959409,11600.0
2003-09-02,16.5,16.5,16.03,16.42,19800.0,0.0,1.0,12.07401446656,12.07401446656,11.730087993876,12.015473790359,19800.0
2003-09-03,16.44,17.0,16.44,16.96,26900.0,0.0,1.0,12.030108959409,12.43989369282,12.030108959409,12.410623354719,26900.0
2003-09-04,16.749,17.05,16.6,17.033,15800.0,0.0,1.0,12.256222321237,12.476481615446,12.147190311812,12.464041721753,15800.0
2003-09-05,17.04,18.0,17.02,17.9,83500.0,0.0,1.0,12.46916403092,13.171652145338,12.45452886187,13.098476300087,83500.0
2003-09-08,17.57,18.72,16.94,18.47,73400.0,0.0,1.0,12.856996010755,13.698518231152,12.395988185668,13.515578618022,73400.0
2003-09-09,18.39,18.64,18.1,18.51,66500.0,0.0,1.0,13.457037941821,13.63997755495,13.24482799059,13.544848956123,66500.0
2003-09-10,18.4,18.998,18.4,18.55,32800.0,0.0,1.0,13.464355526346,13.901947080952,13.464355526346,13.574119294224,32800.0
2003-09-11,18.25,18.7,18.25,18.5,13200.0,0.0,1.0,13.354591758468,13.683883062102,13.354591758468,13.537531371598,13200.0
2003-09-12,18.53,18.689,18.45,18.53,14100.0,0.0,1.0,13.559484125173,13.675833719124,13.500943448972,13.559484125173,14100.0
2003-09-15,18.54,18.69,18.1,18.5,20200.0,0.0,1.0,13.566801709699,13.676565477576,13.24482799059,13.537531371598,20200.0
2003-09-16,18.61,18.66,18.5,18.5,17500.0,0.0,1.0,13.618024801375,13.654612724001,13.537531371598,13.537531371598,17500.0
2003-09-17,18.5,19.98,18.5,19.2,42800.0,0.0,1.0,13.537531371598,14.620533881326,13.537531371598,14.049762288361,42800.0
2003-09-18,19.6,19.6,19.05,19.276,29700.0,0.0,1.0,14.342465669368,14.342465669368,13.939998520483,14.105375930752,29700.0
2003-09-19,19.291,19.71,19.11,19.595,24500.0,0.0,1.0,14.11635230754,14.422959099146,13.983904027634,14.338806877106,24500.0
2003-09-22,19.74,19.74,19.17,19.56,22200.0,0.0,1.0,14.444911852721,14.444911852721,14.027809534785,14.313195331268,22200.0
2003-09-23,19.5,20.0,19.5,19.99,28100.0,0.0,1.0,14.269289824117,14.635169050376,14.269289824117,14.627851465851,28100.0
2003-09-24,20.02,21.41,20.001,21.2,73400.0,0.0,1.0,14.649804219426,15.666948468427,14.635900808829,15.513279193399,73400.0
2003-09-25,21.3,21.94,19.6,21.639,152600.0,0.0,1.0,15.58645503865,16.054780448262,14.342465669368,15.834521154054,152600.0
2003-09-26,21.96,21.96,20.51,21.0,64400.0,0.0,1.0,16.069415617313,16.069415617313,15.008365861161,15.366927502895,64400.0
2003-09-29,21.5,21.5,21.1,21.42,44600.0,0.0,1.0,15.732806729154,15.732806729154,15.440103348147,15.674266052953,44600.0
2003-09-30,21.52,21.64,21.26,21.27,22100.0,0.0,1.0,15.747441898205,15.835252912507,15.55718470055,15.564502285075,22100.0
2003-10-01,21.449,21.48,21.25,21.4,27000.0,0.0,1.0,15.695487048076,15.718171560104,15.549867116024,15.659630883902,27000.0
2003-10-02,21.4,21.45,21.25,21.25,37000.0,0.0,1.0,15.659630883902,15.696218806528,15.549867116024,15.549867116024,37000.0
2003-10-03,21.77,22.0,21.25,21.65,23900.0,0.0,1.0,15.930381511334,16.098685955414,15.549867116024,15.842570497032,23900.0
2003-10-06,21.9,22.83,21.4,22.8,67200.0,0.0,1.0,16.025510110162,16.706045471004,15.659630883902,16.684092717429,67200.0
2003-10-07,22.9,24.5,22.9,23.8,109700.0,0.0,1.0,16.757268562681,17.928082086711,16.757268562681,17.415851169947,109700.0
2003-10-08,23.79,23.91,23.4,23.4,24400.0,0.0,1.0,17.408533585422,17.496344599724,17.12314778894,17.12314778894,24400.0
2003-10-09,23.41,23.55,23.3,23.5,17900.0,0.0,1.0,17.130465373465,17.232911556818,17.049971943688,17.196323634192,17900.0
2003-10-10,22.94,23.47,22.9,23.05,27300.0,0.0,1.0,16.786538900781,17.174370880616,16.757268562681,16.867032330558,27300.0
2003-10-13,23.15,23.53,22.92,23.45,46100.0,0.0,1.0,16.94020817581,17.218276387767,16.771903731731,17.159735711566,46100.0
2003-10-14,23.5,24.25,23.5,24.23,87800.0,0.0,1.0,17.196323634192,17.745142473581,17.196323634192,17.730507304531,87800.0
2003-10-15,24.35,24.75,23.99,24.61,65400.0,0.0,1.0,17.818318318833,18.11102169984,17.554885275926,18.008575516488,65400.0
2003-10-16,24.75,24.75,23.0,23.96,32700.0,0.0,1.0,18.11102169984,18.11102169984,16.830444407932,17.53293252235,32700.0
2003-10-17,23.75,24.34,23.65,23.66,11300.0,0.0,1.0,17.379263247321,17.811000734308,17.30608740207,17.313404986595,11300.0
2003-10-20,24.06,24.62,23.501,24.28,65000.0,0.0,1.0,17.606108367602,18.015893101013,17.197055392644,17.767095227156,65000.0
2003-10-21,24.62,24.65,23.65,24.01,21400.0,0.0,1.0,18.015893101013,18.037845854588,17.30608740207,17.569520444976,21400.0
2003-10-22,25.47,29.13,25.12,28.28,354100.0,0.0,1.0,18.637887785654,21.316123721873,18.381772327272,20.694129037232,354100.0
2003-10-23,28.02,29.59,28.02,28.61,172100.0,0.0,1.0,20.503871839577,21.652732610031,20.503871839577,20.935609326563,172100.0
2003-10-24,28.45,28.6,28.1,28.21,65200.0,0.0,1.0,20.81852797416,20.928291742038,20.562412515778,20.642905945555,65200.0
2003-10-27,28.49,29.69,28.3,28.9,182200.0,0.0,1.0,20.847798312261,21.725908455283,20.708764206282,21.147819277793,182200.0
2003-10-28,29.5,32.16,29.0,30.86,264600.0,0.0,1.0,21.586874349305,23.533351833005,21.220995123045,22.58206584473,264600.0
2003-10-29,31.89,32.9,31.37,32.3,239500.0,0.0,1.0,23.335777050825,24.074853087868,22.955262655515,23.635798016357,239500.0
2003-10-30,33.2,36.0,32.98,34.98,301400.0,0.0,1.0,24.294380623624,26.343304290677,24.13339376407,25.596910669108,301400.0
2003-10-31,35.8,35.8,33.08,34.561,159300.0,0.0,1.0,26.196952600173,26.196952600173,24.206569609322,25.290303877502,159300.0
2003-11-03,34.87,37.98,34.57,36.94,362200.0,0.0,1.0,25.516417239331,27.792186026664,25.296889703575,27.031157236044,362200.0
2003-11-04,36.9,37.15,36.24,36.9,233100.0,0.0,1.0,27.001886897944,27.184826511073,26.518926319281,27.001886897944,233100.0
2003-11-05,36.99,38.0,36.26,37.46,171400.0,0.0,1.0,27.06774515867,27.806821195714,26.533561488332,27.411671631354,171400.0
2003-11-06,38.24,39.09,36.67,37.96,201900.0,0.0,1.0,27.982443224319,28.60443790896,26.833582453864,27.777550857614,201900.0
2003-11-07,39.25,39.96,38.15,39.27,220100.0,0.0,1.0,28.721519261363,29.241067762651,27.916584963592,28.736154430413,220100.0
2003-11-10,40.2,40.3,38.67,39.4,334900.0,0.0,1.0,29.416689791256,29.489865636508,28.297099358902,28.831283029241,334900.0
2003-11-11,39.41,39.71,35.2,36.17,436900.0,0.0,1.0,28.838600613766,29.058128149522,25.757897528662,26.467703227605,436900.0
2003-11-12,35.4,36.7,33.0,36.02,301700.0,0.0,1.0,25.904249219165,26.85553520744,24.14802893312,26.357939459727,301700.0
2003-11-13,36.59,38.49,36.0,37.23,201800.0,0.0,1.0,26.775041777663,28.165382837449,26.343304290677,27.243367187275,201800.0
2003-11-14,38.6,39.5,37.27,39.0,302500.0,0.0,1.0,28.245876267226,28.904458874493,27.272637525376,28.538579648233,302500.0
2003-11-17,38.58,38.83,37.28,38.25,152200.0,0.0,1.0,28.231241098175,28.414180711305,27.279955109901,27.989760808844,152200.0
2003-11-18,38.2,38.25,37.2,37.54,109800.0,0.0,1.0,27.953172886218,27.989760808844,27.221414433699,27.470212307556,109800.0
2003-11-19,36.94,37.84,35.0,36.01,211500.0,0.0,1.0,27.031157236044,27.689739843311,25.611545838158,26.350621875202,211500.0
2003-11-20,35.8,36.15,33.57,34.07,294400.0,0.0,1.0,26.196952600173,26.453068058555,24.565131251056,24.931010477315,294400.0
2003-11-21,33.45,33.77,32.95,33.539,229500.0,0.0,1.0,24.477320236754,24.71148294156,24.111441010494,24.542446739028,229500.0
2003-11-24,33.77,34.22,33.61,33.97,287600.0,0.0,1.0,24.71148294156,25.040774245193,24.594401589157,24.857834632064,287600.0
2003-11-25,34.73,38.48,34.26,37.7,334000.0,0.0,1.0,25.413971055978,28.158065252923,25.070044583294,27.587293659959,334000.0
2003-11-26,38.31,39.44,36.66,38.8,231900.0,0.0,1.0,28.033666315995,28.860553367341,26.826264869339,28.392227957729,231900.0
2003-11-28,39.6,40.0,39.09,39.8,79400.0,0.0,1.0,28.977634719744,29.270338100752,28.60443790896,29.123986410248,79400.0
2003-12-01,41.45,44.25,40.42,43.9,500600.0,0.0,1.0,30.331387856904,32.380311523957,29.57767665081,32.124196065575,500600.0
2003-12-02,44.19,44.66,41.12,41.7,343900.0,0.0,1.0,32.336406016806,32.68033248949,30.089907567573,30.514327470034,343900.0
2003-12-03,42.94,42.94,37.31,39.02,288100.0,0.0,1.0,31.421707951157,31.421707951157,27.301907863476,28.553214817284,288100.0
2003-12-04,38.43,41.22,37.98,40.712,185400.0,0.0,1.0,28.121477330297,30.163083412825,27.792186026664,29.791350118945,185400.0
2003-12-05,40.89,42.5,39.83,41.52,315800.0,0.0,1.0,29.921603123494,31.099734232049,29.145939163824,30.382610948581,315800.0
2003-12-08,44.8,44.99,43.1,43.65,420000.0,0.0,1.0,32.782778672842,32.921812778821,31.53878930356,31.941256452446,420000.0
2003-12-09,44.3,47.2,43.81,45.48,444600.0,0.0,1.0,32.416899446583,34.538998958887,32.058337804849,33.280374420555,444600.0
2003-12-10,46.17,47.836,45.48,46.3,545400.0,0.0,1.0,33.785287752793,35.004397334689,33.280374420555,33.88041635162,545400.0
2003-12-11,46.59,46.7,44.05,45.919,558100.0,0.0,1.0,34.092626302851,34.173119732628,32.233959833453,33.601616381211,558100.0
2003-12-12,46.55,46.69,44.26,44.66,223700.0,0.0,1.0,34.06335596475,34.165802148103,32.387629108482,32.68033248949,223700.0
2003-12-15,47.6,47.6,45.06,45.58,298200.0,0.0,1.0,34.831702339895,34.831702339895,32.973035870497,33.353550265807,298200.0
2003-12-16,45.3,46.94,43.5,46.85,355600.0,0.0,1.0,33.148657899102,34.348741761232,31.831492684568,34.282883500506,355600.0
2003-12-17,46.95,47.4,46.0,47.01,172200.0,0.0,1.0,34.356059345758,34.685350649391,33.660888815865,34.399964852909,172200.0
2003-12-18,47.25,48.75,46.76,47.79,286100.0,0.0,1.0,34.575586881513,35.673224560291,34.217025239779,34.970736445873,286100.0
2003-12-19,48.7,49.09,47.52,49.08,233300.0,0.0,1.0,35.636636637666,35.922022434148,34.773161663693,35.914704849623,233300.0
2003-12-22,49.25,50.55,48.18,49.211,274800.0,0.0,1.0,36.039103786551,36.990389774825,35.256122242356,36.010565206903,274800.0
2003-12-23,49.5,50.9,47.71,50.2,186600.0,0.0,1.0,36.222043399681,37.246505233207,34.912195769672,36.734274316444,186600.0
2003-12-24,50.67,51.11,49.35,49.71,80800.0,0.0,1.0,37.078200789128,37.400174508236,36.112279631803,36.37571267471,80800.0
2003-12-26,50.2,51.3,49.46,50.98,69700.0,0.0,1.0,36.734274316444,37.539208614214,36.19277306158,37.305045909408,69700.0
2003-12-29,51.61,54.38,50.78,53.5,311300.0,0.0,1.0,37.766053734495,39.793024647972,37.158694218905,39.149077209756,311300.0
2003-12-30,53.29,53.8,52.53,52.97,124000.0,0.0,1.0,38.995407934727,39.368604745511,38.439271510813,38.761245229921,124000.0
2003-12-31,53.22,54.25,49.8,51.04,295000.0,0.0,1.0,38.944184843051,39.697896049145,36.441570935436,37.34895141656,295000.0
2004-01-02,51.95,53.7,50.84,51.69,221200.0,0.0,1.0,38.014851608352,39.29542890026,37.202599726056,37.824594410697,221200.0
2004-01-05,53.0,53.78,52.11,53.17,212600.0,0.0,1.0,38.783197983496,39.353969576461,38.131932960755,38.907596920425,212600.0
2004-01-06,54.05,55.0,52.93,54.901,168500.0,0.0,1.0,39.551544358641,40.246714888534,38.73197489182,40.174270801735,168500.0
2004-01-07,55.3,55.82,52.66,52.96,291800.0,0.0,1.0,40.46624242429,40.846756819599,38.53440010964,38.753927645396,291800.0
2004-01-08,52.75,54.25,47.2,47.53,810400.0,0.0,1.0,38.600258370367,39.697896049145,34.538998958887,34.780479248219,810400.0
2004-01-09,46.72,48.33,44.15,46.84,668500.0,0.0,1.0,34.187754901678,35.365886010234,32.307135678705,34.275565915981,668500.0
2004-01-12,46.75,48.91,45.25,46.63,281800.0,0.0,1.0,34.209707655254,35.790305912694,33.112069976476,34.121896640952,281800.0
2004-01-13,45.91,47.29,44.52,46.219,252900.0,0.0,1.0,33.595030555138,34.604857219614,32.577886306137,33.821143916966,252900.0
2004-01-14,47.0,48.5,46.11,48.5,239900.0,0.0,1.0,34.392647268384,35.490284947162,33.741382245642,35.490284947162,239900.0
2004-01-15,49.24,49.5,47.56,49.0,165000.0,0.0,1.0,36.031786202026,36.222043399681,34.802432001794,35.856164173421,165000.0
2004-01-16,50.0,51.4,49.121,50.859,248400.0,0.0,1.0,36.58792262594,37.612384459466,35.944706946176,37.216503136654,248400.0
2004-01-20,51.49,51.49,46.55,47.7,411200.0,0.0,1.0,37.678242720193,37.678242720193,34.06335596475,34.904878185147,411200.0
2004-01-21,46.84,48.98,46.73,48.46,111300.0,0.0,1.0,34.275565915981,35.841529004371,34.195072486203,35.461014609061,111300.0
2004-01-22,48.46,49.76,47.44,47.55,163400.0,0.0,1.0,35.461014609061,36.412300597335,34.714620987492,34.795114417269,163400.0
2004-01-23,47.99,50.5,45.75,50.06,317700.0,0.0,1.0,35.117088136377,36.953801852199,33.477949202735,36.631828133091,317700.0
2004-01-26,50.51,52.41,50.51,51.35,235500.0,0.0,1.0,36.961119436725,38.35146049651,36.961119436725,37.57579653684,235500.0
2004-01-27,47.59,48.47,45.82,46.3,551900.0,0.0,1.0,34.82438475537,35.468332193586,33.529172294411,33.88041635162,551900.0
2004-01-28,45.55,46.24,39.44,39.8,961300.0,0.0,1.0,33.331597512231,33.836510844469,28.860553367341,29.123986410248,961300.0
2004-01-29,40.13,40.13,36.34,37.98,478300.0,0.0,1.0,29.365466699579,29.365466699579,26.592102164533,27.792186026664,478300.0
2004-01-30,37.29,37.8,36.08,36.8,263500.0,0.0,1.0,27.287272694426,27.660469505211,26.401844966878,26.928711052692,263500.0
2004-02-02,36.99,37.25,34.61,35.24,456000.0,0.0,1.0,27.06774515867,27.258002356325,25.326160041676,25.787167866762,456000.0
2004-02-03,34.8,36.0,34.5,35.0,287600.0,0.0,1.0,25.465194147654,26.343304290677,25.245666611899,25.611545838158,287600.0
2004-02-04,34.3,36.71,34.16,35.18,388400.0,0.0,1.0,25.099314921395,26.862852791965,24.996868738042,25.743262359611,388400.0
2004-02-05,34.84,35.85,34.75,34.9,145700.0,0.0,1.0,25.494464485755,26.233540522799,25.428606225028,25.538369992906,145700.0
2004-02-06,35.6,36.39,34.59,35.5,192600.0,0.0,1.0,26.050600909669,26.628690087159,25.311524872625,25.977425064417,192600.0
2004-02-09,35.9155,36.8,35.11,35.7,220500.0,0.0,1.0,26.281470701439,26.928711052692,25.692039267935,26.123776754921,220500.0
2004-02-10,35.76,36.45,35.2,35.71,141400.0,0.0,1.0,26.167682262072,26.67259559431,25.757897528662,26.131094339446,141400.0
2004-02-11,35.27,36.15,35.27,35.5,116300.0,0.0,1.0,25.809120620338,26.453068058555,25.809120620338,25.977425064417,116300.0
2004-02-12,34.95,36.5,34.95,36.18,183000.0,0.0,1.0,25.574957915532,26.709183516936,25.574957915532,26.47502081213,183000.0
2004-02-13,36.99,37.06,34.48,35.08,235400.0,0.0,1.0,27.06774515867,27.118968250347,25.231031442848,25.670086514359,235400.0
2004-02-17,35.72,35.72,31.74,32.45,548300.0,0.0,1.0,26.138411923972,26.138411923972,23.226013282947,23.745561784235,548300.0
2004-02-18,31.55,33.63,31.51,33.45,251300.0,0.0,1.0,23.086979176968,24.609036758207,23.057708838867,24.477320236754,251300.0
2004-02-19,33.9,34.79,33.5,34.34,269700.0,0.0,1.0,24.806611540387,25.457876563129,24.51390815938,25.128585259496,269700.0
2004-02-20,35.01,35.49,34.5,34.5,276500.0,0.0,1.0,25.618863422683,25.970107479892,25.245666611899,25.245666611899,276500.0
2004-02-23,35.03,35.21,34.62,34.76,140900.0,0.0,1.0,25.633498591734,25.765215113187,25.333477626201,25.435923809553,140900.0
2004-02-24,34.64,34.93,33.9,34.33,118800.0,0.0,1.0,25.348112795251,25.560322746482,24.806611540387,25.12126767497,118800.0
2004-02-25,34.62,35.34,33.9,33.9,100300.0,0.0,1.0,25.333477626201,25.860343712014,24.806611540387,24.806611540387,100300.0
2004-02-26,34.06,34.8,33.8,34.09,45100.0,0.0,1.0,24.92369289279,25.465194147654,24.733435695135,24.945645646366,45100.0
2004-02-27,33.81,34.4,33.6,33.79,47700.0,0.0,1.0,24.740753279661,25.172490766647,24.587084004632,24.72611811061,47700.0
2004-03-01,34.47,34.47,33.45,34.07,69800.0,0.0,1.0,25.223713858323,25.223713858323,24.477320236754,24.931010477315,69800.0
2004-03-02,34.07,34.853,34.07,34.59,38400.0,0.0,1.0,24.931010477315,25.503977345638,24.931010477315,25.311524872625,38400.0
2004-03-03,34.85,35.2,34.11,34.49,79900.0,0.0,1.0,25.50178207028,25.757897528662,24.960280815416,25.238349027373,79900.0
2004-03-04,34.705,35.0,31.57,32.17,389100.0,0.0,1.0,25.395677094665,25.611545838158,23.101614346018,23.54066941753,389100.0
2004-03-05,32.08,32.9,31.71,32.26,204100.0,0.0,1.0,23.474811156803,24.074853087868,23.204060529371,23.606527678256,204100.0
2004-03-08,32.26,34.3,32.1,33.64,203500.0,0.0,1.0,23.606527678256,25.099314921395,23.489446325853,24.616354342732,203500.0
2004-03-09,34.06,34.29,33.4,33.65,148900.0,0.0,1.0,24.92369289279,25.09199733687,24.440732314128,24.623671927258,148900.0
2004-03-10,33.91,34.05,33.56,33.78,164500.0,0.0,1.0,24.813929124912,24.916375308265,24.557813666531,24.718800526085,164500.0
2004-03-11,33.67,34.2,33.25,33.5,52300.0,0.0,1.0,24.638307096308,25.026139076143,24.33096854625,24.51390815938,52300.0
2004-03-12,33.46,34.01,33.2,33.74,135400.0,0.0,1.0,24.484637821279,24.887104970164,24.294380623624,24.689530187984,135400.0
2004-03-15,33.58,33.74,33.14,33.64,81300.0,0.0,1.0,24.572448835581,24.689530187984,24.250475116473,24.616354342732,81300.0
2004-03-16,33.74,33.98,32.51,33.1,56100.0,0.0,1.0,24.689530187984,24.865152216589,23.789467291386,24.221204778372,56100.0
2004-03-17,33.95,33.95,32.91,33.62,57900.0,0.0,1.0,24.843199463013,24.843199463013,24.082170672394,24.601719173682,57900.0
2004-03-18,33.75,36.5,33.55,35.21,299800.0,0.0,1.0,24.696847772509,26.709183516936,24.550496082006,25.765215113187,299800.0
2004-03-19,35.41,37.93,35.26,36.99,364700.0,0.0,1.0,25.911566803691,27.755598104038,25.801803035813,27.06774515867,364700.0
2004-03-22,36.99,37.08,35.22,36.16,123900.0,0.0,1.0,27.06774515867,27.133603419397,25.772532697712,26.46038564308,123900.0
2004-03-23,36.49,36.85,35.77,36.58,65100.0,0.0,1.0,26.701865932411,26.965298975318,26.174999846597,26.767724193138,65100.0
2004-03-24,36.0,37.48,36.0,36.86,607000.0,0.0,1.0,26.343304290677,27.426306800405,26.343304290677,26.972616559843,607000.0
2004-03-25,37.49,37.75,36.5,37.67,198700.0,0.0,1.0,27.43362438493,27.623881582585,26.709183516936,27.565340906383,198700.0
2004-03-26,37.13,38.42,37.13,37.41,102100.0,0.0,1.0,27.170191342023,28.114159745772,27.170191342023,27.375083708728,102100.0
2004-03-29,37.98,38.22,37.42,37.85,97200.0,0.0,1.0,27.792186026664,27.967808055269,27.382401293253,27.697057427837,97200.0
2004-03-30,37.2,38.0,36.54,37.14,86200.0,0.0,1.0,27.221414433699,27.806821195714,26.738453855037,27.177508926548,86200.0
2004-03-31,37.42,37.42,36.09,36.7,166400.0,0.0,1.0,27.382401293253,27.382401293253,26.409162551403,26.85553520744,166400.0
2004-04-01,36.74,37.29,35.75,36.23,119800.0,0.0,1.0,26.884805545541,27.287272694426,26.160364677547,26.511608734756,119800.0
2004-04-02,36.49,36.89,36.0,36.32,114900.0,0.0,1.0,26.701865932411,26.994569313419,26.343304290677,26.577466995483,114900.0
2004-04-05,36.47,36.7,35.46,35.84,174300.0,0.0,1.0,26.687230763361,26.85553520744,25.948154726317,26.226222938274,174300.0
2004-04-06,35.68,36.21,35.45,36.11,109800.0,0.0,1.0,26.109141585871,26.496973565706,25.940837141791,26.423797720454,109800.0
2004-04-07,35.75,38.0,35.75,37.03,94400.0,0.0,1.0,26.160364677547,27.806821195714,26.160364677547,27.097015496771,94400.0
2004-04-08,37.3,38.35,37.3,37.74,157700.0,0.0,1.0,27.294590278951,28.062936654096,27.294590278951,27.616563998059,157700.0
2004-04-12,38.18,38.29,37.03,37.76,127600.0,0.0,1.0,27.938537717168,28.019031146945,27.097015496771,27.63119916711,127600.0
2004-04-13,38.09,39.03,37.08,37.81,131000.0,0.0,1.0,27.872679456441,28.560532401809,27.133603419397,27.667787089736,131000.0
2004-04-14,37.65,37.86,37.33,37.37,99900.0,0.0,1.0,27.550705737333,27.704375012362,27.316543032527,27.345813370628,99900.0
2004-04-15,37.29,37.54,36.63,37.0,86700.0,0.0,1.0,27.287272694426,27.470212307556,26.804312115764,27.075062743196,86700.0
2004-04-16,37.17,37.25,36.88,37.0,73000.0,0.0,1.0,27.199461680124,27.258002356325,26.987251728893,27.075062743196,73000.0
2004-04-19,36.66,37.25,36.66,36.88,69500.0,0.0,1.0,26.826264869339,27.258002356325,26.826264869339,26.987251728893,69500.0
2004-04-20,37.01,37.17,36.7,36.72,125300.0,0.0,1.0,27.082380327721,27.199461680124,26.85553520744,26.87017037649,125300.0
2004-04-21,37.0,37.31,36.69,37.29,135500.0,0.0,1.0,27.075062743196,27.301907863476,26.848217622915,27.287272694426,135500.0
2004-04-22,34.45,34.5,32.4,33.72,980700.0,0.0,1.0,25.209078689273,25.245666611899,23.708973861609,24.674895018934,980700.0
2004-04-23,33.91,33.91,32.82,33.05,254200.0,0.0,1.0,24.813929124912,24.813929124912,24.016312411667,24.184616855746,254200.0
2004-04-26,32.82,33.5,32.6,33.2,282200.0,0.0,1.0,24.016312411667,24.51390815938,23.855325552113,24.294380623624,282200.0
2004-04-27,33.23,33.73,32.85,33.17,147800.0,0.0,1.0,24.3163333772,24.682212603459,24.038265165243,24.272427870049,147800.0
2004-04-28,32.69,33.06,32.57,32.92,133100.0,0.0,1.0,23.92118381284,24.191934440272,23.833372798537,24.089488256919,133100.0
2004-04-29,32.45,32.77,31.84,32.09,251300.0,0.0,1.0,23.745561784235,23.979724489041,23.299189128199,23.482128741328,251300.0
2004-04-30,31.84,32.5,30.77,31.37,249200.0,0.0,1.0,23.299189128199,23.782149706861,22.516207584003,22.955262655515,249200.0
2004-05-03,31.85,31.95,30.7,31.44,221500.0,0.0,1.0,23.306506712724,23.379682557976,22.464984492327,23.006485747191,221500.0
2004-05-04,31.88,32.07,30.16,30.44,165200.0,0.0,1.0,23.328459466299,23.467493572278,22.069834927967,22.274727294672,165200.0
2004-05-05,30.21,30.72,29.0,29.68,322800.0,0.0,1.0,22.106422850593,22.479619661378,21.220995123045,21.718590870758,322800.0
2004-05-06,28.88,30.67,28.88,30.5,299300.0,0.0,1.0,21.133184108743,22.443031738752,21.133184108743,22.318632801823,299300.0
2004-05-07,30.2,30.63,29.3,29.35,73500.0,0.0,1.0,22.099105266068,22.413761400651,21.440522658801,21.477110581427,73500.0
2004-05-10,29.34,29.565,28.69,28.88,117300.0,0.0,1.0,21.469792996902,21.634438648718,20.994150002764,21.133184108743,117300.0
2004-05-11,28.72,28.9,27.71,28.62,90900.0,0.0,1.0,21.01610275634,21.147819277793,20.277026719296,20.942926911088,90900.0
2004-05-12,28.59,29.53,27.5,29.06,143400.0,0.0,1.0,20.920974157512,21.60882710288,20.123357444267,21.264900630196,143400.0
2004-05-13,28.57,29.1,28.11,28.6,102900.0,0.0,1.0,20.906338988462,21.294170968297,20.569730100303,20.928291742038,102900.0
2004-05-14,28.43,29.17,27.52,27.67,100700.0,0.0,1.0,20.803892805109,21.345394059973,20.137992613317,20.247756381195,100700.0
2004-05-17,27.99,28.33,26.42,28.03,280200.0,0.0,1.0,20.481919086001,20.730716959858,19.333058315547,20.511189424102,280200.0
2004-05-18,28.24,28.52,27.55,27.6,92200.0,0.0,1.0,20.664858699131,20.869751065836,20.159945366893,20.196533289519,92200.0
2004-05-19,27.3,28.45,27.3,28.32,100500.0,0.0,1.0,19.977005753763,20.81852797416,19.977005753763,20.723399375332,100500.0
2004-05-20,28.12,28.5,27.73,28.1,75600.0,0.0,1.0,20.577047684829,20.855115896786,20.291661888346,20.562412515778,75600.0
2004-05-21,27.91,28.19,26.81,27.03,111000.0,0.0,1.0,20.4233784098,20.628270776505,19.618444112029,19.779430971583,111000.0
2004-05-24,26.95,27.77,26.95,27.29,97800.0,0.0,1.0,19.720890295382,20.320932226447,19.720890295382,19.969688169238,97800.0
2004-05-25,27.24,27.49,27.0,27.11,166100.0,0.0,1.0,19.933100246612,20.116039859742,19.757478218008,19.837971647785,166100.0
2004-05-26,27.0,27.1,25.22,25.36,486000.0,0.0,1.0,19.757478218008,19.830654063259,18.454948172524,18.557394355877,486000.0
2004-05-27,25.25,25.49,24.67,24.91,361200.0,0.0,1.0,18.4769009261,18.652522954704,18.052481023639,18.228103052243,361200.0
2004-05-28,24.99,25.25,24.53,24.91,162900.0,0.0,1.0,18.286643728445,18.4769009261,17.950034840286,18.228103052243,162900.0
2004-06-01,24.73,25.41,24.66,25.07,135000.0,0.0,1.0,18.09638653079,18.593982278503,18.045163439114,18.345184404646,135000.0
2004-06-02,24.76,25.5,24.76,25.23,103500.0,0.0,1.0,18.118339284365,18.659840539229,18.118339284365,18.462265757049,103500.0
2004-06-03,24.93,25.49,24.92,25.01,76500.0,0.0,1.0,18.242738221294,18.652522954704,18.235420636768,18.301278897495,76500.0
2004-06-04,25.15,25.31,24.2,25.16,64400.0,0.0,1.0,18.403725080848,18.520806433251,17.708554550955,18.411042665373,64400.0
2004-06-07,25.25,26.41,25.25,25.9,149400.0,0.0,1.0,18.4769009261,19.325740731021,18.4769009261,18.952543920237,149400.0
2004-06-08,25.56,25.93,25.4,25.5,73200.0,0.0,1.0,18.703746046381,18.974496673812,18.586664693978,18.659840539229,73200.0
2004-06-09,25.45,25.52,24.52,24.52,102600.0,0.0,1.0,18.623252616603,18.67447570828,17.942717255761,17.942717255761,102600.0
2004-06-10,24.52,25.01,24.51,24.83,133100.0,0.0,1.0,17.942717255761,18.301278897495,17.935399671236,18.169562376042,133100.0
2004-06-14,24.68,24.875,24.5,24.54,87600.0,0.0,1.0,18.059798608164,18.202491506405,17.928082086711,17.957352424811,87600.0
2004-06-15,24.54,24.75,24.29,24.62,57300.0,0.0,1.0,17.957352424811,18.11102169984,17.774412811682,18.015893101013,57300.0
2004-06-16,24.63,24.73,23.9,24.14,72500.0,0.0,1.0,18.023210685538,18.09638653079,17.489027015199,17.664649043804,72500.0
2004-06-17,24.11,24.4,22.91,23.25,136600.0,0.0,1.0,17.642696290228,17.854906241459,16.764586147206,17.013384021062,136600.0
2004-06-18,23.04,23.35,22.44,23.33,123300.0,0.0,1.0,16.859714746033,17.086559866314,16.420659674522,17.071924697264,123300.0
2004-06-21,23.6,23.99,23.05,23.2,129200.0,0.0,1.0,17.269499479444,17.554885275926,16.867032330558,16.976796098436,129200.0
2004-06-22,23.64,25.95,23.16,25.82,263900.0,0.0,1.0,17.298769817544,18.989131842863,16.947525760335,18.894003244035,263900.0
2004-06-23,25.85,26.117,25.2,25.61,138300.0,0.0,1.0,18.915955997611,19.111335504433,18.440313003474,18.740333969006,138300.0
2004-06-24,25.61,25.92,25.39,25.6,69500.0,0.0,1.0,18.740333969006,18.967179089287,18.579347109452,18.733016384481,69500.0
2004-06-25,25.58,26.095,25.41,26.08,81100.0,0.0,1.0,18.718381215431,19.095236818478,18.593982278503,19.08426044169,81100.0
2004-06-28,26.09,26.18,25.3,25.8,81300.0,0.0,1.0,19.091578026215,19.157436286942,18.513488848726,18.879368074985,81300.0
2004-06-29,25.28,26.5,25.25,26.15,57400.0,0.0,1.0,18.498853679675,19.391598991748,18.4769009261,19.135483533367,57400.0
2004-06-30,25.5,26.72,25.5,26.72,76700.0,0.0,1.0,18.659840539229,19.552585851302,18.659840539229,19.552585851302,76700.0
2004-07-01,27.06,27.13,26.38,26.73,115400.0,0.0,1.0,19.801383725159,19.852606816835,19.303787977446,19.559903435828,115400.0
2004-07-02,27.25,27.67,26.95,27.48,70200.0,0.0,1.0,19.940417831137,20.247756381195,19.720890295382,20.108722275217,70200.0
2004-07-06,27.17,27.68,26.4,27.03,77500.0,0.0,1.0,19.881877154936,20.25507396572,19.318423146496,19.779430971583,77500.0
2004-07-07,26.7,27.0,26.59,26.63,53600.0,0.0,1.0,19.537950682252,19.757478218008,19.457457252475,19.486727590576,53600.0
2004-07-08,26.03,27.2,26.01,26.62,52800.0,0.0,1.0,19.047672519064,19.903829908511,19.033037350014,19.47941000605,52800.0
2004-07-09,26.68,26.82,26.46,26.53,34200.0,0.0,1.0,19.523315513202,19.625761696554,19.362328653647,19.413551745324,34200.0
2004-07-12,26.38,27.0,26.38,26.65,124300.0,0.0,1.0,19.303787977446,19.757478218008,19.303787977446,19.501362759626,124300.0
2004-07-13,26.75,26.8,26.57,26.71,35300.0,0.0,1.0,19.574538604878,19.611126527504,19.442822083424,19.545268266777,35300.0
2004-07-14,27.07,27.1,26.5,26.683,42800.0,0.0,1.0,19.808701309684,19.830654063259,19.391598991748,19.525510788559,42800.0
2004-07-15,26.68,27.0,26.65,26.74,24100.0,0.0,1.0,19.523315513202,19.757478218008,19.501362759626,19.567221020353,24100.0
2004-07-16,26.77,27.0,26.62,26.65,52100.0,0.0,1.0,19.589173773928,19.757478218008,19.47941000605,19.501362759626,52100.0
2004-07-19,26.65,27.16,26.43,26.85,102900.0,0.0,1.0,19.501362759626,19.874559570411,19.340375900072,19.64771445013,102900.0
2004-07-20,26.57,27.04,26.51,26.68,73600.0,0.0,1.0,19.442822083424,19.786748556108,19.398916576273,19.523315513202,73600.0
2004-07-21,27.23,27.34,26.5,26.74,44100.0,0.0,1.0,19.925782662087,20.006276091864,19.391598991748,19.567221020353,44100.0
2004-07-22,26.55,26.83,26.25,26.55,56500.0,0.0,1.0,19.428186914374,19.633079281079,19.208659378618,19.428186914374,56500.0
2004-07-23,26.55,26.855,26.52,26.52,46300.0,0.0,1.0,19.428186914374,19.651373242392,19.406234160799,19.406234160799,46300.0
2004-07-26,27.01,27.01,26.25,26.57,28600.0,0.0,1.0,19.764795802533,19.764795802533,19.208659378618,19.442822083424,28600.0
2004-07-27,26.54,26.95,26.54,26.68,26000.0,0.0,1.0,19.420869329849,19.720890295382,19.420869329849,19.523315513202,26000.0
2004-07-28,26.66,26.82,26.0,26.71,75100.0,0.0,1.0,19.508680344151,19.625761696554,19.025719765489,19.545268266777,75100.0
2004-07-29,26.645,26.9,26.5,26.68,46800.0,0.0,1.0,19.497703967363,19.684302372756,19.391598991748,19.523315513202,46800.0
2004-07-30,26.9,26.94,26.52,26.55,27500.0,0.0,1.0,19.684302372756,19.713572710856,19.406234160799,19.428186914374,27500.0
2004-08-02,27.0,27.5,26.56,27.24,62500.0,0.0,1.0,19.757478218008,20.123357444267,19.435504498899,19.933100246612,62500.0
2004-08-03,26.89,27.42,26.52,26.65,44600.0,0.0,1.0,19.676984788231,20.064816768065,19.406234160799,19.501362759626,44600.0
2004-08-04,26.97,26.97,25.94,25.94,69800.0,0.0,1.0,19.735525464432,19.735525464432,18.981814258338,18.981814258338,69800.0
2004-08-05,25.74,25.94,23.47,23.83,149400.0,0.0,1.0,18.835462567834,18.981814258338,17.174370880616,17.437803923523,149400.0
2004-08-06,23.29,23.68,22.68,22.74,60400.0,0.0,1.0,17.042654359163,17.328040155645,16.596281703126,16.640187210277,60400.0
2004-08-09,23.38,23.38,22.11,22.36,45800.0,0.0,1.0,17.10851261989,17.10851261989,16.179179385191,16.36211899832,45800.0
2004-08-10,22.31,23.32,22.31,23.1,62800.0,0.0,1.0,16.325531075694,17.064607112738,16.325531075694,16.903620253184,62800.0
2004-08-11,22.91,22.91,21.38,22.5,82200.0,0.0,1.0,16.764586147206,16.764586147206,15.644995714852,16.464565181673,82200.0
2004-08-12,22.42,23.09,21.52,22.55,38800.0,0.0,1.0,16.406024505471,16.896302668659,15.747441898205,16.501153104299,38800.0
2004-08-13,22.08,23.28,22.08,23.06,36200.0,0.0,1.0,16.157226631615,17.035336774638,16.157226631615,16.874349915084,36200.0
2004-08-16,22.71,23.7,22.71,22.92,69800.0,0.0,1.0,16.618234456702,17.342675324696,16.618234456702,16.771903731731,69800.0
2004-08-17,23.41,23.91,22.74,23.27,39500.0,0.0,1.0,17.130465373465,17.496344599724,16.640187210277,17.028019190112,39500.0
2004-08-18,22.77,24.75,22.77,24.2,63200.0,0.0,1.0,16.662139963853,18.11102169984,16.662139963853,17.708554550955,63200.0
2004-08-19,26.26,27.96,25.31,27.0,269100.0,0.0,1.0,19.215976963144,20.459966332426,18.520806433251,19.757478218008,269100.0
2004-08-20,27.12,27.57,26.87,27.5,118000.0,0.0,1.0,19.84528923231,20.174580535943,19.66234961918,20.123357444267,118000.0
2004-08-23,27.44,27.64,26.76,26.87,53100.0,0.0,1.0,20.079451937116,20.22580362762,19.581856189403,19.66234961918,53100.0
2004-08-24,27.05,27.4,26.53,26.53,61000.0,0.0,1.0,19.794066140634,20.050181599015,19.413551745324,19.413551745324,61000.0
2004-08-25,26.5,27.08,26.26,27.08,113800.0,0.0,1.0,19.391598991748,19.816018894209,19.215976963144,19.816018894209,113800.0
2004-08-26,27.25,28.57,26.92,27.73,95200.0,0.0,1.0,19.940417831137,20.906338988462,19.698937541806,20.291661888346,95200.0
2004-08-27,28.07,28.75,27.55,28.74,55100.0,0.0,1.0,20.540459762203,21.038055509915,20.159945366893,21.03073792539,55100.0
2004-08-30,28.38,28.75,28.38,28.59,39000.0,0.0,1.0,20.767304882484,21.038055509915,20.767304882484,20.920974157512,39000.0
2004-08-31,28.4,28.59,28.29,28.3,39300.0,0.0,1.0,20.781940051534,20.920974157512,20.701446621757,20.708764206282,39300.0
2004-09-01,28.65,29.47,27.3,27.34,43500.0,0.0,1.0,20.964879664664,21.564921595729,19.977005753763,20.006276091864,43500.0
2004-09-02,27.21,27.73,27.21,27.72,32700.0,0.0,1.0,19.911147493037,20.291661888346,19.911147493037,20.284344303821,32700.0
2004-09-03,27.95,28.34,27.95,27.98,32100.0,0.0,1.0,20.4526487479,20.738034544383,20.4526487479,20.474601501476,32100.0
2004-09-07,27.6,28.54,27.6,28.28,50200.0,0.0,1.0,20.196533289519,20.884386234887,20.196533289519,20.694129037232,50200.0
2004-09-08,28.03,29.09,28.03,29.08,37100.0,0.0,1.0,20.511189424102,21.286853383772,20.511189424102,21.279535799247,37100.0
2004-09-09,28.99,29.0,28.26,28.37,148500.0,0.0,1.0,21.21367753852,21.220995123045,20.679493868181,20.759987297958,148500.0
2004-09-10,28.1,28.45,27.63,28.17,37400.0,0.0,1.0,20.562412515778,20.81852797416,20.218486043094,20.613635607455,37400.0
2004-09-13,28.39,28.39,26.72,26.88,48600.0,0.0,1.0,20.774622467009,20.774622467009,19.552585851302,19.669667203705,48600.0
2004-09-14,26.79,27.17,26.59,26.59,21100.0,0.0,1.0,19.603808942979,19.881877154936,19.457457252475,19.457457252475,21100.0
2004-09-15,26.665,26.83,25.26,25.67,137600.0,0.0,1.0,19.512339136414,19.633079281079,18.484218510625,18.784239476158,137600.0
2004-09-16,25.1,25.74,25.1,25.52,48100.0,0.0,1.0,18.367137158222,18.835462567834,18.367137158222,18.67447570828,48100.0
2004-09-17,25.66,26.0,24.91,25.09,63800.0,0.0,1.0,18.776921891632,19.025719765489,18.228103052243,18.359819573697,63800.0
2004-09-20,25.56,25.69,24.98,25.44,46300.0,0.0,1.0,18.703746046381,18.798874645208,18.27932614392,18.615935032078,46300.0
2004-09-21,25.61,25.7,25.39,25.53,19600.0,0.0,1.0,18.740333969006,18.806192229733,18.579347109452,18.681793292805,19600.0
2004-09-22,25.04,25.6,25.02,25.31,20300.0,0.0,1.0,18.323231651071,18.733016384481,18.30859648202,18.520806433251,20300.0
2004-09-23,25.31,25.49,25.12,25.17,13600.0,0.0,1.0,18.520806433251,18.652522954704,18.381772327272,18.418360249898,13600.0
2004-09-24,25.21,25.71,24.9,24.91,32700.0,0.0,1.0,18.447630587999,18.813509814258,18.220785467718,18.228103052243,32700.0
2004-09-27,24.91,25.43,24.76,25.22,39300.0,0.0,1.0,18.228103052243,18.608617447553,18.118339284365,18.454948172524,39300.0
2004-09-28,25.264,25.6,25.264,25.6,20100.0,0.0,1.0,18.487145544435,18.733016384481,18.487145544435,18.733016384481,20100.0
2004-09-29,25.7,26.09,25.44,26.09,34700.0,0.0,1.0,18.806192229733,19.091578026215,18.615935032078,19.091578026215,34700.0
2004-09-30,26.3,26.45,25.54,26.2,55500.0,0.0,1.0,19.245247301244,19.355011069122,18.68911087733,19.172071455993,55500.0
2004-10-01,26.27,26.4,25.61,26.08,23800.0,0.0,1.0,19.223294547669,19.318423146496,18.740333969006,19.08426044169,23800.0
2004-10-04,25.94,26.5,25.94,26.03,37000.0,0.0,1.0,18.981814258338,19.391598991748,18.981814258338,19.047672519064,37000.0
2004-10-05,25.94,26.05,24.57,24.58,36800.0,0.0,1.0,18.981814258338,19.062307688115,17.979305178387,17.986622762912,36800.0
2004-10-06,24.6,25.0,24.53,24.8,26800.0,0.0,1.0,18.001257931962,18.29396131297,17.950034840286,18.147609622466,26800.0
2004-10-07,24.8,24.8,24.05,24.16,33700.0,0.0,1.0,18.147609622466,18.147609622466,17.598790783077,17.679284212854,33700.0
2004-10-08,24.28,24.58,24.21,24.4,21700.0,0.0,1.0,17.767095227156,17.986622762912,17.71587213548,17.854906241459,21700.0
2004-10-11,24.3,24.94,24.27,24.62,30000.0,0.0,1.0,17.781730396207,18.250055805819,17.759777642631,18.015893101013,30000.0
2004-10-12,25.05,25.05,24.5,24.65,28800.0,0.0,1.0,18.330549235596,18.330549235596,17.928082086711,18.037845854588,28800.0
2004-10-13,24.785,24.81,23.23,23.89,45000.0,0.0,1.0,18.136633245678,18.154927206991,16.998748852012,17.481709430674,45000.0
2004-10-14,23.4,23.77,23.1,23.1,67500.0,0.0,1.0,17.12314778894,17.393898416372,16.903620253184,16.903620253184,67500.0
2004-10-15,23.22,23.45,23.15,23.25,21000.0,0.0,1.0,16.991431267487,17.159735711566,16.94020817581,17.013384021062,21000.0
2004-10-18,23.73,24.0,22.42,22.86,72100.0,0.0,1.0,17.364628078271,17.562202860451,16.406024505471,16.72799822458,72100.0
2004-10-19,22.32,22.74,22.32,22.48,48700.0,0.0,1.0,16.33284866022,16.640187210277,16.33284866022,16.449930012623,48700.0
2004-10-20,22.5,22.7,22.32,22.6,42000.0,0.0,1.0,16.464565181673,16.610916872177,16.33284866022,16.537741026925,42000.0
2004-10-21,23.02,23.11,22.15,22.33,45100.0,0.0,1.0,16.845079576983,16.910937837709,16.208449723291,16.340166244745,45100.0
2004-10-22,22.57,22.75,21.4,22.4,69400.0,0.0,1.0,16.515788273349,16.647504794803,15.659630883902,16.391389336421,69400.0
2004-10-25,16.59,16.95,14.54,15.6,2046800.0,0.0,1.0,12.139872727287,12.403305770194,10.639767899623,11.415431859293,2046800.0
2004-10-26,15.62,16.6,15.5,16.25,267600.0,0.0,1.0,11.430067028344,12.147190311812,11.342256014041,11.89107485343,267600.0
2004-10-27,16.26,16.45,15.59,16.04,143900.0,0.0,1.0,11.898392437956,12.037426543934,11.408114274768,11.737405578402,143900.0
2004-10-28,16.34,16.66,16.02,16.599,180500.0,0.0,1.0,11.956933114157,12.191095818963,11.722770409351,12.14645855336,180500.0
2004-10-29,16.6,18.5,16.6,18.03,332800.0,0.0,1.0,12.147190311812,13.537531371598,12.147190311812,13.193604898914,332800.0
2004-11-01,18.0,18.94,17.68,18.53,152200.0,0.0,1.0,13.171652145338,13.859505090706,12.937489440532,13.559484125173,152200.0
2004-11-02,18.95,19.25,18.3,18.87,119000.0,0.0,1.0,13.866822675231,14.086350210987,13.391179681094,13.80828199903,119000.0
2004-11-03,19.16,19.5,18.51,18.84,101500.0,0.0,1.0,14.02049195026,14.269289824117,13.544848956123,13.786329245454,101500.0
2004-11-04,18.85,18.95,18.01,18.5,95100.0,0.0,1.0,13.793646829979,13.866822675231,13.178969729864,13.537531371598,95100.0
2004-11-05,18.77,19.15,18.35,18.75,180400.0,0.0,1.0,13.735106153778,14.013174365735,13.42776760372,13.720470984727,180400.0
2004-11-08,18.92,18.93,18.337,18.53,133500.0,0.0,1.0,13.844869921656,13.852187506181,13.418254743837,13.559484125173,133500.0
2004-11-09,18.68,18.75,18.31,18.4,247300.0,0.0,1.0,13.669247893051,13.720470984727,13.398497265619,13.464355526346,247300.0
2004-11-10,18.33,18.82,18.33,18.82,71800.0,0.0,1.0,13.41313243467,13.771694076404,13.41313243467,13.771694076404,71800.0
2004-11-11,18.96,19.43,18.9,19.4,150300.0,0.0,1.0,13.874140259756,14.21806673244,13.830234752605,14.196113978865,150300.0
2004-11-12,19.47,19.94,19.28,19.92,177000.0,0.0,1.0,14.247337070541,14.591263543225,14.108302964562,14.576628374174,177000.0
2004-11-15,19.9,20.67,19.8,20.31,145500.0,0.0,1.0,14.561993205124,15.125447213564,14.488817359872,14.862014170657,145500.0
2004-11-16,20.5,20.5,19.64,20.0,109300.0,0.0,1.0,15.001048276635,15.001048276635,14.371736007469,14.635169050376,109300.0
2004-11-17,20.48,20.48,19.8,19.91,102700.0,0.0,1.0,14.986413107585,14.986413107585,14.488817359872,14.569310789649,102700.0
2004-11-18,20.58,20.59,19.61,20.33,69700.0,0.0,1.0,15.059588952837,15.066906537362,14.349783253894,14.876649339707,69700.0
2004-11-19,20.41,20.41,19.92,20.3,43900.0,0.0,1.0,14.935190015909,14.935190015909,14.576628374174,14.854696586132,43900.0
2004-11-22,20.5,20.5,19.9,20.24,96200.0,0.0,1.0,15.001048276635,15.001048276635,14.561993205124,14.81079107898,96200.0
2004-11-23,20.25,21.16,20.04,21.16,84900.0,0.0,1.0,14.818108663506,15.484008855298,14.664439388477,15.484008855298,84900.0
2004-11-24,21.0,21.18,20.9,21.15,58700.0,0.0,1.0,15.366927502895,15.498644024348,15.293751657643,15.476691270773,58700.0
2004-11-26,20.58,21.05,20.58,21.05,29900.0,0.0,1.0,15.059588952837,15.403515425521,15.059588952837,15.403515425521,29900.0
2004-11-29,21.1,22.03,21.1,22.0,131400.0,0.0,1.0,15.440103348147,16.120638708989,15.440103348147,16.098685955414,131400.0
2004-11-30,22.32,22.32,21.78,22.2,92300.0,0.0,1.0,16.33284866022,16.33284866022,15.937699095859,16.245037645917,92300.0
2004-12-01,22.33,23.1,22.07,22.99,175400.0,0.0,1.0,16.340166244745,16.903620253184,16.14990904709,16.823126823407,175400.0
2004-12-02,23.2,23.2,22.85,23.12,59700.0,0.0,1.0,16.976796098436,16.976796098436,16.720680640055,16.918255422235,59700.0
2004-12-03,22.75,23.15,22.75,23.13,52400.0,0.0,1.0,16.647504794803,16.94020817581,16.647504794803,16.92557300676,52400.0
2004-12-06,23.2,23.28,22.35,22.5,74800.0,0.0,1.0,16.976796098436,17.035336774638,16.354801413795,16.464565181673,74800.0
2004-12-07,22.8,22.8,20.65,22.1,446300.0,0.0,1.0,16.684092717429,16.684092717429,15.110812044513,16.171861800665,446300.0
2004-12-08,22.27,23.39,21.849,23.27,86200.0,0.0,1.0,16.296260737594,17.115830204415,15.988190429083,17.028019190112,86200.0
2004-12-09,22.97,23.57,22.5,23.4,105800.0,0.0,1.0,16.808491654357,17.247546725868,16.464565181673,17.12314778894,105800.0
2004-12-10,23.5,23.53,23.24,23.36,56600.0,0.0,1.0,17.196323634192,17.218276387767,17.006066436537,17.093877450839,56600.0
2004-12-13,23.36,23.45,23.0,23.24,49000.0,0.0,1.0,17.093877450839,17.159735711566,16.830444407932,17.006066436537,49000.0
2004-12-14,23.45,23.5,22.775,23.1,92000.0,0.0,1.0,17.159735711566,17.196323634192,16.665798756116,16.903620253184,92000.0
2004-12-15,23.15,23.49,22.951,23.44,56700.0,0.0,1.0,16.94020817581,17.189006049667,16.794588243759,17.152418127041,56700.0
2004-12-16,23.4,23.6,22.99,23.41,126100.0,0.0,1.0,17.12314778894,17.269499479444,16.823126823407,17.130465373465,126100.0
2004-12-17,23.06,23.82,23.06,23.66,53800.0,0.0,1.0,16.874349915084,17.430486338998,16.874349915084,17.313404986595,53800.0
2004-12-20,23.79,23.98,23.6,23.7,135300.0,0.0,1.0,17.408533585422,17.547567691401,17.269499479444,17.342675324696,135300.0
2004-12-21,23.9,25.67,23.84,25.22,308600.0,0.0,1.0,17.489027015199,18.784239476158,17.445121508048,18.454948172524,308600.0
2004-12-22,25.6,26.22,24.98,26.03,65000.0,0.0,1.0,18.733016384481,19.186706625043,18.27932614392,19.047672519064,65000.0
2004-12-23,25.68,26.05,25.68,26.05,32400.0,0.0,1.0,18.791557060683,19.062307688115,18.791557060683,19.062307688115,32400.0
2004-12-27,26.25,26.25,25.65,25.7,46600.0,0.0,1.0,19.208659378618,19.208659378618,18.769604307107,18.806192229733,46600.0
2004-12-28,25.6,26.93,25.6,26.8,79300.0,0.0,1.0,18.733016384481,19.706255126331,18.733016384481,19.611126527504,79300.0
2004-12-29,26.6,26.97,25.7,25.89,39800.0,0.0,1.0,19.464774837,19.735525464432,18.806192229733,18.945226335712,39800.0
2004-12-30,25.64,26.24,25.64,26.24,56200.0,0.0,1.0,18.762286722582,19.201341794093,18.762286722582,19.201341794093,56200.0
2004-12-31,25.78,25.95,25.6,25.78,119000.0,0.0,1.0,18.864732905935,18.989131842863,18.733016384481,18.864732905935,119000.0
2005-01-03,25.6,25.601,24.31,24.6,154800.0,0.0,1.0,18.733016384481,18.733748142934,17.789047980732,18.001257931962,154800.0
2005-01-04,24.25,24.74,24.25,24.52,152000.0,0.0,1.0,17.745142473581,18.103704115315,17.745142473581,17.942717255761,152000.0
2005-01-05,24.28,24.6,24.1,24.53,56700.0,0.0,1.0,17.767095227156,18.001257931962,17.635378705703,17.950034840286,56700.0
2005-01-06,24.25,24.66,24.03,24.39,70300.0,0.0,1.0,17.745142473581,18.045163439114,17.584155614027,17.847588656934,70300.0
2005-01-07,24.7,24.7,24.0,24.41,61100.0,0.0,1.0,18.074433777214,18.074433777214,17.562202860451,17.862223825984,61100.0
2005-01-10,24.6,24.6,23.67,24.0,55500.0,0.0,1.0,18.001257931962,18.001257931962,17.32072257112,17.562202860451,55500.0
2005-01-11,23.67,24.08,23.561,24.0,78700.0,0.0,1.0,17.32072257112,17.620743536653,17.240960899795,17.562202860451,78700.0
2005-01-12,23.46,24.2,23.46,24.18,91500.0,0.0,1.0,17.167053296091,17.708554550955,17.167053296091,17.693919381905,91500.0
2005-01-13,23.94,23.94,23.7,23.75,63800.0,0.0,1.0,17.5182973533,17.5182973533,17.342675324696,17.379263247321,63800.0
2005-01-14,23.5,24.09,23.5,23.92,54100.0,0.0,1.0,17.196323634192,17.628061121178,17.196323634192,17.50366218425,54100.0
2005-01-18,23.96,24.09,23.5,23.83,45600.0,0.0,1.0,17.53293252235,17.628061121178,17.196323634192,17.437803923523,45600.0
2005-01-19,23.5,24.39,23.5,23.94,42600.0,0.0,1.0,17.196323634192,17.847588656934,17.196323634192,17.5182973533,42600.0
2005-01-20,23.7,24.59,23.64,24.32,58300.0,0.0,1.0,17.342675324696,17.993940347437,17.298769817544,17.796365565257,58300.0
2005-01-21,24.25,24.81,24.25,24.38,15800.0,0.0,1.0,17.745142473581,18.154927206991,17.745142473581,17.840271072408,15800.0
2005-01-24,24.16,24.22,23.73,23.86,74900.0,0.0,1.0,17.679284212854,17.723189720005,17.364628078271,17.459756677099,74900.0
2005-01-25,24.51,25.13,24.17,25.11,37300.0,0.0,1.0,17.935399671236,18.389089911797,17.686601797379,18.374454742747,37300.0
2005-01-26,25.17,25.21,24.8,25.21,36100.0,0.0,1.0,18.418360249898,18.447630587999,18.147609622466,18.447630587999,36100.0
2005-01-27,24.5,26.18,23.0,25.63,249700.0,0.0,1.0,17.928082086711,19.157436286942,16.830444407932,18.754969138057,249700.0
2005-01-28,25.14,25.86,25.12,25.63,123900.0,0.0,1.0,18.396407496323,18.923273582136,18.381772327272,18.754969138057,123900.0
2005-01-31,25.12,26.02,25.12,25.82,122200.0,0.0,1.0,18.381772327272,19.040354934539,18.381772327272,18.894003244035,122200.0
2005-02-01,25.35,26.69,25.35,26.64,95700.0,0.0,1.0,18.550076771352,19.530633097727,18.550076771352,19.494045175101,95700.0
2005-02-02,26.11,26.7,26.11,26.65,84300.0,0.0,1.0,19.106213195266,19.537950682252,19.106213195266,19.501362759626,84300.0
2005-02-03,26.54,26.62,26.25,26.6,54400.0,0.0,1.0,19.420869329849,19.47941000605,19.208659378618,19.464774837,54400.0
2005-02-04,26.0,26.23,25.49,25.51,107900.0,0.0,1.0,19.025719765489,19.194024209568,18.652522954704,18.667158123755,107900.0
2005-02-07,25.32,26.31,25.3,26.0,80800.0,0.0,1.0,18.528124017776,19.25256488577,18.513488848726,19.025719765489,80800.0
2005-02-08,25.51,26.1,25.51,26.03,63300.0,0.0,1.0,18.667158123755,19.098895610741,18.667158123755,19.047672519064,63300.0
2005-02-09,26.0,26.15,25.75,25.88,31500.0,0.0,1.0,19.025719765489,19.135483533367,18.842780152359,18.937908751187,31500.0
2005-02-10,25.44,25.61,25.04,25.54,19100.0,0.0,1.0,18.615935032078,18.740333969006,18.323231651071,18.68911087733,19100.0
2005-02-11,25.07,26.23,25.07,26.21,43800.0,0.0,1.0,18.345184404646,19.194024209568,18.345184404646,19.179389040518,43800.0
2005-02-14,26.02,26.209,25.89,26.05,38000.0,0.0,1.0,19.040354934539,19.178657282065,18.945226335712,19.062307688115,38000.0
2005-02-15,26.01,26.18,25.89,25.99,71500.0,0.0,1.0,19.033037350014,19.157436286942,18.945226335712,19.018402180964,71500.0
2005-02-16,25.8,26.36,25.8,26.19,57700.0,0.0,1.0,18.879368074985,19.289152808396,18.879368074985,19.164753871467,57700.0
2005-02-17,26.01,26.06,25.62,26.0,55100.0,0.0,1.0,19.033037350014,19.06962527264,18.747651553532,19.025719765489,55100.0
2005-02-18,26.24,26.24,25.66,26.0,36700.0,0.0,1.0,19.201341794093,19.201341794093,18.776921891632,19.025719765489,36700.0
2005-02-22,25.61,26.0,25.43,25.92,42200.0,0.0,1.0,18.740333969006,19.025719765489,18.608617447553,18.967179089287,42200.0
2005-02-23,25.74,25.84,25.59,25.78,15300.0,0.0,1.0,18.835462567834,18.908638413086,18.725698799956,18.864732905935,15300.0
2005-02-24,25.37,26.04,25.35,26.04,25200.0,0.0,1.0,18.564711940402,19.05499010359,18.550076771352,19.05499010359,25200.0
2005-02-25,25.65,26.02,25.65,25.98,20600.0,0.0,1.0,18.769604307107,19.040354934539,18.769604307107,19.011084596438,20600.0
2005-02-28,25.95,26.11,25.83,25.995,85000.0,0.0,1.0,18.989131842863,19.106213195266,18.901320828561,19.022060973226,85000.0
2005-03-01,25.511,26.33,25.511,26.25,56000.0,0.0,1.0,18.667889882207,19.26720005482,18.667889882207,19.208659378618,56000.0
2005-03-02,26.11,26.5,25.78,26.43,50400.0,0.0,1.0,19.106213195266,19.391598991748,18.864732905935,19.340375900072,50400.0
2005-03-03,26.1,26.25,26.1,26.21,29000.0,0.0,1.0,19.098895610741,19.208659378618,19.098895610741,19.179389040518,29000.0
2005-03-04,26.04,26.39,25.88,26.34,31800.0,0.0,1.0,19.05499010359,19.311105561971,18.937908751187,19.274517639345,31800.0
2005-03-07,25.96,26.35,25.96,26.14,30400.0,0.0,1.0,18.996449427388,19.28183522387,18.996449427388,19.128165948841,30400.0
2005-03-08,26.11,26.26,25.5,25.57,71700.0,0.0,1.0,19.106213195266,19.215976963144,18.659840539229,18.711063630906,71700.0
2005-03-09,25.3,25.44,23.6,23.94,50300.0,0.0,1.0,18.513488848726,18.615935032078,17.269499479444,17.5182973533,50300.0
2005-03-10,23.85,24.56,23.85,24.49,96100.0,0.0,1.0,17.452439092573,17.971987593862,17.452439092573,17.920764502185,96100.0
2005-03-11,24.4,24.54,23.15,23.63,61400.0,0.0,1.0,17.854906241459,17.957352424811,16.94020817581,17.291452233019,61400.0
2005-03-14,23.75,24.24,23.55,23.88,33700.0,0.0,1.0,17.379263247321,17.737824889056,17.232911556818,17.474391846149,33700.0
2005-03-15,24.03,24.03,23.51,23.51,16300.0,0.0,1.0,17.584155614027,17.584155614027,17.203641218717,17.203641218717,16300.0
2005-03-16,23.08,23.81,23.07,23.54,27700.0,0.0,1.0,16.888985084134,17.423168754473,16.881667499609,17.225593972293,27700.0
2005-03-17,23.7,23.7,22.88,23.25,25500.0,0.0,1.0,17.342675324696,17.342675324696,16.74263339363,17.013384021062,25500.0
2005-03-18,23.3,23.3,22.96,23.03,37300.0,0.0,1.0,17.049971943688,17.049971943688,16.801174069832,16.852397161508,37300.0
2005-03-21,23.0,23.46,22.7,22.87,52600.0,0.0,1.0,16.830444407932,17.167053296091,16.610916872177,16.735315809105,52600.0
2005-03-22,22.74,24.68,22.74,23.79,52700.0,0.0,1.0,16.640187210277,18.059798608164,16.640187210277,17.408533585422,52700.0
2005-03-23,23.39,23.73,23.24,23.45,41000.0,0.0,1.0,17.115830204415,17.364628078271,17.006066436537,17.159735711566,41000.0
2005-03-24,23.499,24.0,23.28,23.36,63200.0,0.0,1.0,17.195591875739,17.562202860451,17.035336774638,17.093877450839,63200.0
2005-03-28,23.18,23.47,23.16,23.3,33400.0,0.0,1.0,16.962160929386,17.174370880616,16.947525760335,17.049971943688,33400.0
2005-03-29,23.05,23.49,23.05,23.35,29200.0,0.0,1.0,16.867032330558,17.189006049667,16.867032330558,17.086559866314,29200.0
2005-03-30,23.52,24.06,23.52,24.0,10000.0,0.0,1.0,17.210958803242,17.606108367602,17.210958803242,17.562202860451,10000.0
2005-03-31,23.67,24.73,23.67,24.58,45800.0,0.0,1.0,17.32072257112,18.09638653079,17.32072257112,17.986622762912,45800.0
2005-04-01,24.27,24.72,23.76,23.87,44100.0,0.0,1.0,17.759777642631,18.089068946265,17.386580831847,17.467074261624,44100.0
2005-04-04,23.37,24.96,23.37,24.25,46700.0,0.0,1.0,17.101195035364,18.264690974869,17.101195035364,17.745142473581,46700.0
2005-04-05,24.4,24.55,24.11,24.38,31500.0,0.0,1.0,17.854906241459,17.964670009337,17.642696290228,17.840271072408,31500.0
2005-04-06,24.24,24.81,23.9,24.65,67800.0,0.0,1.0,17.737824889056,18.154927206991,17.489027015199,18.037845854588,67800.0
2005-04-07,24.43,24.7,24.33,24.49,30400.0,0.0,1.0,17.876858995034,18.074433777214,17.803683149782,17.920764502185,30400.0
2005-04-08,24.26,24.46,23.69,23.7,24300.0,0.0,1.0,17.752460058106,17.89881174861,17.33535774017,17.342675324696,24300.0
2005-04-11,23.71,23.75,23.12,23.35,35700.0,0.0,1.0,17.349992909221,17.379263247321,16.918255422235,17.086559866314,35700.0
2005-04-12,23.0,23.83,22.81,23.5,30200.0,0.0,1.0,16.830444407932,17.437803923523,16.691410301954,17.196323634192,30200.0
2005-04-13,23.45,23.62,22.7,22.91,23700.0,0.0,1.0,17.159735711566,17.284134648494,16.610916872177,16.764586147206,23700.0
2005-04-14,22.8,22.94,22.47,22.5,41600.0,0.0,1.0,16.684092717429,16.786538900781,16.442612428097,16.464565181673,41600.0
2005-04-15,22.33,22.5,21.7,21.94,32000.0,0.0,1.0,16.340166244745,16.464565181673,15.879158419658,16.054780448262,32000.0
2005-04-18,21.6,21.932,21.42,21.54,28300.0,0.0,1.0,15.805982574406,16.048926380642,15.674266052953,15.762077067255,28300.0
2005-04-19,21.43,21.61,21.131,21.43,44900.0,0.0,1.0,15.681583637478,15.813300158931,15.462787860175,15.681583637478,44900.0
2005-04-20,21.439,21.439,20.38,20.57,41200.0,0.0,1.0,15.688169463551,15.688169463551,14.913237262333,15.052271368312,41200.0
2005-04-21,20.53,21.13,20.34,20.6,53900.0,0.0,1.0,15.023001030211,15.462056101722,14.883966924232,15.074224121887,53900.0
2005-04-22,20.55,20.62,19.627,20.2,71500.0,0.0,1.0,15.037636199261,15.088859290938,14.362223147586,14.78152074088,71500.0
2005-04-25,20.21,23.87,20.21,23.34,164100.0,0.0,1.0,14.788838325405,17.467074261624,14.788838325405,17.079242281789,164100.0
2005-04-26,23.46,23.54,22.85,22.85,110600.0,0.0,1.0,17.167053296091,17.225593972293,16.720680640055,16.720680640055,110600.0
2005-04-27,22.68,23.14,22.1,23.02,76900.0,0.0,1.0,16.596281703126,16.932890591285,16.171861800665,16.845079576983,76900.0
2005-04-28,23.09,23.24,22.79,22.85,60300.0,0.0,1.0,16.896302668659,17.006066436537,16.676775132903,16.720680640055,60300.0
2005-04-29,23.29,23.32,22.38,22.46,35200.0,0.0,1.0,17.042654359163,17.064607112738,16.376754167371,16.435294843572,35200.0
2005-05-02,22.24,22.7,22.24,22.42,74400.0,0.0,1.0,16.274307984018,16.610916872177,16.274307984018,16.406024505471,74400.0
2005-05-03,22.21,23.07,22.02,22.51,34100.0,0.0,1.0,16.252355230443,16.881667499609,16.113321124464,16.471882766198,34100.0
2005-05-04,22.53,23.08,21.54,22.55,26500.0,0.0,1.0,16.486517935249,16.888985084134,15.762077067255,16.501153104299,26500.0
2005-05-05,22.54,22.94,22.34,22.5,14900.0,0.0,1.0,16.493835519774,16.786538900781,16.34748382927,16.464565181673,14900.0
2005-05-06,22.77,22.82,22.33,22.61,12200.0,0.0,1.0,16.662139963853,16.698727886479,16.340166244745,16.54505861145,12200.0
2005-05-09,22.272,22.76,22.26,22.75,13300.0,0.0,1.0,16.297724254499,16.654822379328,16.288943153068,16.647504794803,13300.0
2005-05-10,22.49,22.55,21.37,21.82,23200.0,0.0,1.0,16.457247597148,16.501153104299,15.637678130327,15.96696943396,23200.0
2005-05-11,21.4,21.94,21.4,21.88,22400.0,0.0,1.0,15.659630883902,16.054780448262,15.659630883902,16.010874941111,22400.0
2005-05-12,21.69,21.81,21.51,21.51,14400.0,0.0,1.0,15.871840835133,15.959651849435,15.740124313679,15.740124313679,14400.0
2005-05-13,21.35,21.68,21.35,21.58,27600.0,0.0,1.0,15.623042961276,15.864523250608,15.623042961276,15.791347405356,27600.0
2005-05-16,21.25,21.53,20.77,21.11,31000.0,0.0,1.0,15.549867116024,15.75475948273,15.198623058815,15.447420932672,31000.0
2005-05-17,21.21,21.26,20.81,21.1,26500.0,0.0,1.0,15.520596777924,15.55718470055,15.227893396916,15.440103348147,26500.0
2005-05-18,21.34,21.55,20.88,21.37,21900.0,0.0,1.0,15.615725376751,15.76939465178,15.279116488593,15.637678130327,21900.0
2005-05-19,21.49,21.93,21.07,21.36,43300.0,0.0,1.0,15.725489144629,16.047462863737,15.418150594571,15.630360545802,43300.0
2005-05-20,21.51,21.51,20.93,21.16,26100.0,0.0,1.0,15.740124313679,15.740124313679,15.315704411218,15.484008855298,26100.0
2005-05-23,20.95,21.46,20.63,21.24,17300.0,0.0,1.0,15.330339580269,15.703536391053,15.096176875463,15.542549531499,17300.0
2005-05-24,21.14,21.65,21.0,21.29,52100.0,0.0,1.0,15.469373686247,15.842570497032,15.366927502895,15.579137454125,52100.0
2005-05-25,21.08,21.26,20.9,20.9,23600.0,0.0,1.0,15.425468179096,15.55718470055,15.293751657643,15.293751657643,23600.0
2005-05-26,21.45,21.45,20.8,21.11,59100.0,0.0,1.0,15.696218806528,15.696218806528,15.220575812391,15.447420932672,59100.0
2005-05-27,21.23,21.24,21.0,21.16,17100.0,0.0,1.0,15.535231946974,15.542549531499,15.366927502895,15.484008855298,17100.0
2005-05-31,21.28,21.42,21.07,21.15,32900.0,0.0,1.0,15.5718198696,15.674266052953,15.418150594571,15.476691270773,32900.0
2005-06-01,21.41,21.5,21.15,21.39,44800.0,0.0,1.0,15.666948468427,15.732806729154,15.476691270773,15.652313299377,44800.0
2005-06-02,21.05,21.9,21.05,21.76,22600.0,0.0,1.0,15.403515425521,16.025510110162,15.403515425521,15.923063926809,22600.0
2005-06-03,21.34,21.81,21.34,21.63,15400.0,0.0,1.0,15.615725376751,15.959651849435,15.615725376751,15.827935327982,15400.0
2005-06-06,21.71,21.71,21.11,21.22,18800.0,0.0,1.0,15.886476004183,15.886476004183,15.447420932672,15.527914362449,18800.0
2005-06-07,21.24,21.81,21.16,21.2,27100.0,0.0,1.0,15.542549531499,15.959651849435,15.484008855298,15.513279193399,27100.0
2005-06-08,21.12,21.62,21.07,21.2,26800.0,0.0,1.0,15.454738517197,15.820617743456,15.418150594571,15.513279193399,26800.0
2005-06-09,21.27,21.52,21.18,21.21,19900.0,0.0,1.0,15.564502285075,15.747441898205,15.498644024348,15.520596777924,19900.0
2005-06-10,21.21,21.38,21.2,21.2,13400.0,0.0,1.0,15.520596777924,15.644995714852,15.513279193399,15.513279193399,13400.0
2005-06-13,21.35,21.47,21.2,21.42,16600.0,0.0,1.0,15.623042961276,15.710853975579,15.513279193399,15.674266052953,16600.0
2005-06-14,21.55,21.55,21.22,21.48,16200.0,0.0,1.0,15.76939465178,15.76939465178,15.527914362449,15.718171560104,16200.0
2005-06-15,21.23,21.52,20.81,21.51,32600.0,0.0,1.0,15.535231946974,15.747441898205,15.227893396916,15.740124313679,32600.0
2005-06-16,21.55,21.98,21.25,21.84,21700.0,0.0,1.0,15.76939465178,16.084050786363,15.549867116024,15.981604603011,21700.0
2005-06-17,22.0,22.11,21.8101,21.92,46000.0,0.0,1.0,16.098685955414,16.179179385191,15.95972502528,16.040145279212,46000.0
2005-06-20,21.89,22.3,21.25,21.65,30000.0,0.0,1.0,16.018192525637,16.318213491169,15.549867116024,15.842570497032,30000.0
2005-06-21,21.54,22.14,21.38,21.65,20500.0,0.0,1.0,15.762077067255,16.201132138766,15.644995714852,15.842570497032,20500.0
2005-06-22,21.59,21.82,21.35,21.81,29100.0,0.0,1.0,15.798664989881,15.96696943396,15.623042961276,15.959651849435,29100.0
2005-06-23,21.7,22.04,21.67,21.9,21700.0,0.0,1.0,15.879158419658,16.127956293514,15.857205666082,16.025510110162,21700.0
2005-06-24,21.67,22.8,21.5,21.69,119200.0,0.0,1.0,15.857205666082,16.684092717429,15.732806729154,15.871840835133,119200.0
2005-06-27,21.73,21.8,21.6,21.73,34900.0,0.0,1.0,15.901111173234,15.95233426491,15.805982574406,15.901111173234,34900.0
2005-06-28,21.89,22.56,21.39,22.56,33800.0,0.0,1.0,16.018192525637,16.508470688824,15.652313299377,16.508470688824,33800.0
2005-06-29,22.73,23.14,22.146,22.76,27800.0,0.0,1.0,16.632869625752,16.932890591285,16.205522689481,16.654822379328,27800.0
2005-06-30,22.87,23.17,22.52,23.06,24500.0,0.0,1.0,16.735315809105,16.954843344861,16.479200350723,16.874349915084,24500.0
2005-07-01,23.18,23.18,21.72,22.84,49100.0,0.0,1.0,16.962160929386,16.962160929386,15.893793588708,16.713363055529,49100.0
2005-07-05,22.91,22.91,22.49,22.8,23200.0,0.0,1.0,16.764586147206,16.764586147206,16.457247597148,16.684092717429,23200.0
2005-07-06,22.54,22.8,22.54,22.55,18500.0,0.0,1.0,16.493835519774,16.684092717429,16.493835519774,16.501153104299,18500.0
2005-07-07,22.61,22.61,21.9,22.22,15300.0,0.0,1.0,16.54505861145,16.54505861145,16.025510110162,16.259672814968,15300.0
2005-07-08,22.22,22.39,22.03,22.38,19200.0,0.0,1.0,16.259672814968,16.384071751896,16.120638708989,16.376754167371,19200.0
2005-07-11,22.49,23.42,22.38,23.29,32600.0,0.0,1.0,16.457247597148,17.13778295799,16.376754167371,17.042654359163,32600.0
2005-07-12,23.29,23.35,22.81,22.81,20600.0,0.0,1.0,17.042654359163,17.086559866314,16.691410301954,16.691410301954,20600.0
2005-07-13,23.03,23.03,22.12,22.87,20500.0,0.0,1.0,16.852397161508,16.852397161508,16.186496969716,16.735315809105,20500.0
2005-07-14,22.98,22.98,22.26,22.48,11500.0,0.0,1.0,16.815809238882,16.815809238882,16.288943153068,16.449930012623,11500.0
2005-07-15,22.16,22.49,22.15,22.48,16700.0,0.0,1.0,16.215767307817,16.457247597148,16.208449723291,16.449930012623,16700.0
2005-07-18,22.15,22.5,22.15,22.4,14700.0,0.0,1.0,16.208449723291,16.464565181673,16.208449723291,16.391389336421,14700.0
2005-07-19,22.53,22.64,22.37,22.49,26700.0,0.0,1.0,16.486517935249,16.567011365026,16.369436582846,16.457247597148,26700.0
2005-07-20,22.34,22.57,22.34,22.45,11300.0,0.0,1.0,16.34748382927,16.515788273349,16.34748382927,16.427977259047,11300.0
2005-07-21,22.28,22.5,22.28,22.39,17600.0,0.0,1.0,16.303578322119,16.464565181673,16.303578322119,16.384071751896,17600.0
2005-07-22,22.15,22.57,22.15,22.57,26300.0,0.0,1.0,16.208449723291,16.515788273349,16.208449723291,16.515788273349,26300.0
2005-07-25,22.64,23.0,22.53,22.67,61600.0,0.0,1.0,16.567011365026,16.830444407932,16.486517935249,16.588964118601,61600.0
2005-07-26,22.55,22.83,21.95,22.35,26700.0,0.0,1.0,16.501153104299,16.706045471004,16.062098032788,16.354801413795,26700.0
2005-07-27,22.43,22.56,22.33,22.56,11800.0,0.0,1.0,16.413342089997,16.508470688824,16.340166244745,16.508470688824,11800.0
2005-07-28,22.45,23.0,22.45,22.96,15700.0,0.0,1.0,16.427977259047,16.830444407932,16.427977259047,16.801174069832,15700.0
2005-07-29,23.0,23.0,22.72,22.75,19100.0,0.0,1.0,16.830444407932,16.830444407932,16.625552041227,16.647504794803,19100.0
2005-08-01,22.49,23.049,22.44,22.94,36500.0,0.0,1.0,16.457247597148,16.866300572106,16.420659674522,16.786538900781,36500.0
2005-08-02,22.79,22.94,22.51,22.69,15600.0,0.0,1.0,16.676775132903,16.786538900781,16.471882766198,16.603599287652,15600.0
2005-08-03,22.77,23.03,22.45,23.03,23300.0,0.0,1.0,16.662139963853,16.852397161508,16.427977259047,16.852397161508,23300.0
2005-08-04,22.81,23.05,22.81,22.91,28200.0,0.0,1.0,16.691410301954,16.867032330558,16.691410301954,16.764586147206,28200.0
2005-08-05,22.65,22.72,22.35,22.43,16600.0,0.0,1.0,16.574328949551,16.625552041227,16.354801413795,16.413342089997,16600.0
2005-08-08,22.73,22.96,22.37,22.54,10100.0,0.0,1.0,16.632869625752,16.801174069832,16.369436582846,16.493835519774,10100.0
2005-08-09,22.7,23.0,22.7,22.94,6800.0,0.0,1.0,16.610916872177,16.830444407932,16.610916872177,16.786538900781,6800.0
2005-08-10,22.85,23.03,22.1,22.28,20100.0,0.0,1.0,16.720680640055,16.852397161508,16.171861800665,16.303578322119,20100.0
2005-08-11,22.12,23.03,22.11,23.03,17100.0,0.0,1.0,16.186496969716,16.852397161508,16.179179385191,16.852397161508,17100.0
2005-08-12,22.79,22.83,21.8,22.22,58200.0,0.0,1.0,16.676775132903,16.706045471004,15.95233426491,16.259672814968,58200.0
2005-08-15,22.17,22.68,22.13,22.14,11700.0,0.0,1.0,16.223084892342,16.596281703126,16.193814554241,16.201132138766,11700.0
2005-08-16,21.94,22.35,21.18,22.2,25000.0,0.0,1.0,16.054780448262,16.354801413795,15.498644024348,16.245037645917,25000.0
2005-08-17,22.11,22.73,22.11,22.38,10700.0,0.0,1.0,16.179179385191,16.632869625752,16.179179385191,16.376754167371,10700.0
2005-08-18,22.24,22.41,21.89,22.0,13500.0,0.0,1.0,16.274307984018,16.398706920946,16.018192525637,16.098685955414,13500.0
2005-08-19,22.0,22.47,22.0,22.33,7800.0,0.0,1.0,16.098685955414,16.442612428097,16.098685955414,16.340166244745,7800.0
2005-08-22,22.5,22.5,21.25,22.03,33400.0,0.0,1.0,16.464565181673,16.464565181673,15.549867116024,16.120638708989,33400.0
2005-08-23,21.8,22.02,21.5,21.92,30700.0,0.0,1.0,15.95233426491,16.113321124464,15.732806729154,16.040145279212,30700.0
2005-08-24,21.0,21.0,19.03,19.39,244100.0,0.0,1.0,15.366927502895,15.366927502895,13.925363351433,14.18879639434,244100.0
2005-08-25,19.4,19.51,18.75,19.12,206700.0,0.0,1.0,14.196113978865,14.276607408642,13.720470984727,13.991221612159,206700.0
2005-08-26,19.02,19.37,18.81,18.85,75400.0,0.0,1.0,13.918045766908,14.174161225289,13.764376491879,13.793646829979,75400.0
2005-08-29,18.85,18.85,18.22,18.46,60100.0,0.0,1.0,13.793646829979,13.793646829979,13.332639004893,13.508261033497,60100.0
2005-08-30,18.46,18.46,18.0,18.06,67500.0,0.0,1.0,13.508261033497,13.508261033497,13.171652145338,13.21555765249,67500.0
2005-08-31,18.09,18.18,17.37,18.1,84500.0,0.0,1.0,13.237510406065,13.303368666792,12.710644320252,13.24482799059,84500.0
2005-09-01,18.23,18.23,17.78,17.87,70600.0,0.0,1.0,13.339956589418,13.339956589418,13.010665285784,13.076523546511,70600.0
2005-09-02,17.96,18.15,17.75,17.9,50100.0,0.0,1.0,13.142381807238,13.281415913216,12.988712532209,13.098476300087,50100.0
2005-09-06,18.14,18.36,17.6,18.3,188000.0,0.0,1.0,13.274098328691,13.435085188245,12.878948764331,13.391179681094,188000.0
2005-09-07,18.28,18.59,18.01,18.59,86600.0,0.0,1.0,13.376544512044,13.603389632324,13.178969729864,13.603389632324,86600.0
2005-09-08,18.5,18.71,18.32,18.42,56100.0,0.0,1.0,13.537531371598,13.691200646627,13.405814850144,13.478990695396,56100.0
2005-09-09,18.43,18.75,18.4,18.51,103500.0,0.0,1.0,13.486308279921,13.720470984727,13.464355526346,13.544848956123,103500.0
2005-09-12,18.42,18.55,18.1,18.27,135000.0,0.0,1.0,13.478990695396,13.574119294224,13.24482799059,13.369226927518,135000.0
2005-09-13,18.3,18.54,18.06,18.54,199600.0,0.0,1.0,13.391179681094,13.566801709699,13.21555765249,13.566801709699,199600.0
2005-09-14,18.55,18.64,18.35,18.4,40000.0,0.0,1.0,13.574119294224,13.63997755495,13.42776760372,13.464355526346,40000.0
2005-09-15,18.35,18.45,18.16,18.34,54800.0,0.0,1.0,13.42776760372,13.500943448972,13.288733497741,13.420450019195,54800.0
2005-09-16,18.48,18.48,17.63,18.07,87300.0,0.0,1.0,13.522896202547,13.522896202547,12.900901517906,13.222875237015,87300.0
2005-09-19,18.01,18.49,17.76,17.82,43700.0,0.0,1.0,13.178969729864,13.530213787073,12.996030116734,13.039935623885,43700.0
2005-09-20,17.87,17.87,17.01,17.41,127300.0,0.0,1.0,13.076523546511,13.076523546511,12.447211277345,12.739914658352,127300.0
2005-09-21,17.3,17.3,16.86,16.88,125300.0,0.0,1.0,12.659421228575,12.659421228575,12.337447509467,12.352082678517,125300.0
2005-09-22,16.96,17.38,16.87,17.1,118200.0,0.0,1.0,12.410623354719,12.717961904777,12.344765093992,12.513069538071,118200.0
2005-09-23,17.19,17.24,16.8899,17.03,46200.0,0.0,1.0,12.578927798798,12.615515721424,12.359327087197,12.461846446395,46200.0
2005-09-26,17.12,17.96,17.12,17.71,106600.0,0.0,1.0,12.527704707122,13.142381807238,12.527704707122,12.959442194108,106600.0
2005-09-27,17.81,17.95,17.45,17.68,75500.0,0.0,1.0,13.03261803936,13.135064222712,12.769184996453,12.937489440532,75500.0
2005-09-28,17.52,17.8,17.41,17.51,101100.0,0.0,1.0,12.820408088129,13.025300454835,12.739914658352,12.813090503604,101100.0
2005-09-29,17.44,17.64,17.38,17.63,49900.0,0.0,1.0,12.761867411928,12.908219102432,12.717961904777,12.900901517906,49900.0
2005-09-30,17.49,17.67,17.4,17.5,33400.0,0.0,1.0,12.798455334554,12.930171856007,12.732597073827,12.805772919079,33400.0
2005-10-03,17.61,17.84,17.43,17.78,63900.0,0.0,1.0,12.886266348856,13.054570792935,12.754549827403,13.010665285784,63900.0
2005-10-04,17.96,18.24,17.7,17.98,68600.0,0.0,1.0,13.142381807238,13.347274173943,12.952124609583,13.157016976288,68600.0
2005-10-05,17.92,17.92,17.5,17.53,31000.0,0.0,1.0,13.113111469137,13.113111469137,12.805772919079,12.827725672655,31000.0
2005-10-06,17.7,17.79,17.41,17.56,37100.0,0.0,1.0,12.952124609583,13.017982870309,12.739914658352,12.84967842623,37100.0
2005-10-07,17.63,17.81,17.5,17.54,66300.0,0.0,1.0,12.900901517906,13.03261803936,12.805772919079,12.83504325718,66300.0
2005-10-10,17.36,17.49,16.85,17.21,49200.0,0.0,1.0,12.703326735726,12.798455334554,12.330129924942,12.593562967849,49200.0
2005-10-11,17.26,18.05,17.26,17.93,78900.0,0.0,1.0,12.630150890474,13.208240067964,12.630150890474,13.120429053662,78900.0
2005-10-12,17.86,17.9,17.01,17.27,24000.0,0.0,1.0,13.069205961986,13.098476300087,12.447211277345,12.637468475,24000.0
2005-10-13,17.46,17.62,17.0,17.29,68800.0,0.0,1.0,12.776502580978,12.893583933381,12.43989369282,12.65210364405,68800.0
2005-10-14,17.43,17.5,17.0,17.21,25500.0,0.0,1.0,12.754549827403,12.805772919079,12.43989369282,12.593562967849,25500.0
2005-10-17,17.25,17.46,17.01,17.4,25000.0,0.0,1.0,12.622833305949,12.776502580978,12.447211277345,12.732597073827,25000.0
2005-10-18,17.48,17.48,17.14,17.27,31800.0,0.0,1.0,12.791137750029,12.791137750029,12.542339876172,12.637468475,31800.0
2005-10-19,17.17,17.23,16.99,17.09,32300.0,0.0,1.0,12.564292629748,12.608198136899,12.432576108294,12.505751953546,32300.0
2005-10-20,17.04,17.55,17.04,17.46,26000.0,0.0,1.0,12.46916403092,12.842360841705,12.46916403092,12.776502580978,26000.0
2005-10-21,17.46,18.06,17.0,17.38,50300.0,0.0,1.0,12.776502580978,13.21555765249,12.43989369282,12.717961904777,50300.0
2005-10-24,17.52,18.0,17.48,18.0,35700.0,0.0,1.0,12.820408088129,13.171652145338,12.791137750029,13.171652145338,35700.0
2005-10-25,17.89,18.5,17.78,18.03,36200.0,0.0,1.0,13.091158715561,13.537531371598,13.010665285784,13.193604898914,36200.0
2005-10-26,18.35,18.41,18.05,18.05,48900.0,0.0,1.0,13.42776760372,13.471673110871,13.208240067964,13.208240067964,48900.0
2005-10-27,18.01,18.03,17.42,17.55,34300.0,0.0,1.0,13.178969729864,13.193604898914,12.747232242877,12.842360841705,34300.0
2005-10-28,17.76,18.05,17.71,18.05,43400.0,0.0,1.0,12.996030116734,13.208240067964,12.959442194108,13.208240067964,43400.0
2005-10-31,17.96,18.43,17.92,18.28,43500.0,0.0,1.0,13.142381807238,13.486308279921,13.113111469137,13.376544512044,43500.0
2005-11-01,15.795,15.8,13.4,13.44,836100.0,0.0,1.0,11.558124757534,11.561783549797,9.8055632637519,9.8348336018527,836100.0
2005-11-02,13.72,13.75,13.28,13.39,670700.0,0.0,1.0,10.039725968558,10.061678722133,9.7177522494497,9.7982456792267,670700.0
2005-11-03,13.49,13.75,13.43,13.72,171400.0,0.0,1.0,9.8714215244786,10.061678722133,9.8275160173275,10.039725968558,171400.0
2005-11-04,13.74,14.011,13.67,13.95,185700.0,0.0,1.0,10.054361137608,10.252667678241,10.003138045932,10.208030412637,185700.0
2005-11-07,14.01,14.08,13.69,13.89,103000.0,0.0,1.0,10.251935919788,10.303159011465,10.017773214982,10.164124905486,103000.0
2005-11-08,13.95,14.23,13.77,13.84,77800.0,0.0,1.0,10.208030412637,10.412922779343,10.076313891184,10.12753698286,77800.0
2005-11-09,13.88,13.92,13.55,13.57,54800.0,0.0,1.0,10.156807320961,10.186077659062,9.9153270316297,9.9299622006801,54800.0
2005-11-10,13.58,13.82,13.55,13.615,58600.0,0.0,1.0,9.9372797852053,10.11290181381,9.9153270316297,9.9628913310435,58600.0
2005-11-11,13.67,13.94,13.63,13.89,76800.0,0.0,1.0,10.003138045932,10.200712828112,9.9738677078312,10.164124905486,76800.0
2005-11-14,14.0,14.05,13.75,13.8,36000.0,0.0,1.0,10.244618335263,10.281206257889,10.061678722133,10.098266644759,36000.0
2005-11-15,13.84,14.04,13.75,13.82,42700.0,0.0,1.0,10.12753698286,10.273888673364,10.061678722133,10.11290181381,42700.0
2005-11-16,13.89,14.03,13.77,13.78,75000.0,0.0,1.0,10.164124905486,10.266571088839,10.076313891184,10.083631475709,75000.0
2005-11-17,13.83,14.0,13.69,13.7,39300.0,0.0,1.0,10.120219398335,10.244618335263,10.017773214982,10.025090799508,39300.0
2005-11-18,13.93,14.01,13.71,13.99,67800.0,0.0,1.0,10.193395243587,10.251935919788,10.032408384033,10.237300750738,67800.0
2005-11-21,14.01,14.21,13.81,14.13,70300.0,0.0,1.0,10.251935919788,10.398287610292,10.105584229285,10.339746934091,70300.0
2005-11-22,14.03,14.19,13.57,13.59,67900.0,0.0,1.0,10.266571088839,10.383652441242,9.9299622006801,9.9445973697305,67900.0
2005-11-23,13.67,14.06,13.61,14.04,24500.0,0.0,1.0,10.003138045932,10.288523842414,9.9592325387809,10.273888673364,24500.0
2005-11-25,13.8,14.16,13.8,14.0,7400.0,0.0,1.0,10.098266644759,10.361699687666,10.098266644759,10.244618335263,7400.0
2005-11-28,14.01,14.12,13.69,13.93,39800.0,0.0,1.0,10.251935919788,10.332429349565,10.017773214982,10.193395243587,39800.0
2005-11-29,14.0,14.03,13.81,13.86,41500.0,0.0,1.0,10.244618335263,10.266571088839,10.105584229285,10.142172151911,41500.0
2005-11-30,13.88,13.97,13.6001,13.71,31800.0,0.0,1.0,10.156807320961,10.222665581688,9.9519881301009,10.032408384033,31800.0
2005-12-01,13.98,14.04,13.58,13.85,48300.0,0.0,1.0,10.229983166213,10.273888673364,9.9372797852053,10.134854567385,48300.0
2005-12-02,14.02,14.02,13.75,13.91,30100.0,0.0,1.0,10.259253504314,10.259253504314,10.061678722133,10.178760074536,30100.0
2005-12-05,14.0,14.02,13.7,13.76,39500.0,0.0,1.0,10.244618335263,10.259253504314,10.025090799508,10.068996306659,39500.0
2005-12-06,13.86,13.91,13.4,13.43,52000.0,0.0,1.0,10.142172151911,10.178760074536,9.8055632637519,9.8275160173275,52000.0
2005-12-07,13.43,13.7,13.43,13.48,24600.0,0.0,1.0,9.8275160173275,10.025090799508,9.8275160173275,9.8641039399534,24600.0
2005-12-08,13.55,13.69,13.33,13.69,36100.0,0.0,1.0,9.9153270316297,10.017773214982,9.7543401720756,10.017773214982,36100.0
2005-12-09,13.61,13.75,13.5,13.53,64500.0,0.0,1.0,9.9592325387809,10.061678722133,9.8787391090038,9.9006918625794,64500.0
2005-12-12,13.6,13.69,13.44,13.47,61000.0,0.0,1.0,9.9519149542557,10.017773214982,9.8348336018527,9.8567863554282,61000.0
2005-12-13,13.5,13.73,13.48,13.51,49200.0,0.0,1.0,9.8787391090038,10.047043553083,9.8641039399534,9.886056693529,49200.0
2005-12-14,13.5,13.57,13.4,13.46,86100.0,0.0,1.0,9.8787391090038,9.9299622006801,9.8055632637519,9.849468770903,86100.0
2005-12-15,13.58,13.67,13.25,13.31,40800.0,0.0,1.0,9.9372797852053,10.003138045932,9.6957994958741,9.7397050030252,40800.0
2005-12-16,13.25,13.35,12.7,13.07,118300.0,0.0,1.0,9.6957994958741,9.768975341126,9.2933323469888,9.5640829744207,118300.0
2005-12-19,13.1,13.1,12.71,12.99,212300.0,0.0,1.0,9.5860357279963,9.5860357279963,9.3006499315139,9.5055422982192,212300.0
2005-12-20,12.75,13.0,12.75,12.86,77800.0,0.0,1.0,9.3299202696147,9.5128598827444,9.3299202696147,9.4104136993918,77800.0
2005-12-21,12.9,13.0,12.86,12.9,74000.0,0.0,1.0,9.4396840374925,9.5128598827444,9.4104136993918,9.4396840374925,74000.0
2005-12-22,12.95,12.99,12.7,12.79,118400.0,0.0,1.0,9.4762719601185,9.5055422982192,9.2933323469888,9.3591906077154,118400.0
2005-12-23,12.74,13.06,12.73,12.86,111300.0,0.0,1.0,9.3226026850895,9.5567653898955,9.3152851005643,9.4104136993918,111300.0
2005-12-27,12.8,13.11,12.3,13.05,153700.0,0.0,1.0,9.3665081922406,9.5933533125215,9.0006289659812,9.5494478053703,153700.0
2005-12-28,13.05,13.29,12.9,13.03,77700.0,0.0,1.0,9.5494478053703,9.7250698339748,9.4396840374925,9.53481263632,77700.0
2005-12-29,12.99,13.28,12.956,13.1,88100.0,0.0,1.0,9.5055422982192,9.7177522494497,9.4806625108336,9.5860357279963,88100.0
2005-12-30,13.09,13.09,12.83,12.93,71200.0,0.0,1.0,9.5787181434711,9.5787181434711,9.3884609458162,9.4616367910681,71200.0
2006-01-03,12.99,13.04,12.84,12.96,38800.0,0.0,1.0,9.5055422982192,9.5421302208451,9.3957785303414,9.4835895446436,38800.0
2006-01-04,13.0,13.0,12.86,12.95,98500.0,0.0,1.0,9.5128598827444,9.5128598827444,9.4104136993918,9.4762719601185,98500.0
2006-01-05,13.0,13.08,12.86,12.87,57800.0,0.0,1.0,9.5128598827444,9.5714005589459,9.4104136993918,9.4177312839169,57800.0
2006-01-06,13.0,13.0,12.89,12.9,64300.0,0.0,1.0,9.5128598827444,9.5128598827444,9.4323664529673,9.4396840374925,64300.0
2006-01-09,12.83,12.84,12.3,12.4,268500.0,0.0,1.0,9.3884609458162,9.3957785303414,9.0006289659812,9.0738048112331,268500.0
2006-01-10,12.81,12.81,11.94,12.24,429600.0,0.0,1.0,9.3738257767658,9.3738257767658,8.7371959230745,8.9567234588301,429600.0
2006-01-11,12.3,12.4,12.2,12.36,390300.0,0.0,1.0,9.0006289659812,9.0738048112331,8.9274531207294,9.0445344731324,390300.0
2006-01-12,12.36,12.72,12.36,12.6,101500.0,0.0,1.0,9.0445344731324,9.3079675160391,9.0445344731324,9.2201565017369,101500.0
2006-01-13,12.74,13.16,12.63,12.89,649000.0,0.0,1.0,9.3226026850895,9.6299412351474,9.2421092553124,9.4323664529673,649000.0
2006-01-17,12.93,12.93,12.5,12.58,76100.0,0.0,1.0,9.4616367910681,9.4616367910681,9.146980656485,9.2055213326865,76100.0
2006-01-18,12.5,13.27,12.5,13.15,149700.0,0.0,1.0,9.146980656485,9.7104346649245,9.146980656485,9.6226236506222,149700.0
2006-01-19,13.28,13.32,13.01,13.04,39600.0,0.0,1.0,9.7177522494497,9.7470225875504,9.5201774672696,9.5421302208451,39600.0
2006-01-20,13.05,13.05,12.8,12.9,44100.0,0.0,1.0,9.5494478053703,9.5494478053703,9.3665081922406,9.4396840374925,44100.0
2006-01-23,12.96,13.07,12.88,13.07,85100.0,0.0,1.0,9.4835895446436,9.5640829744207,9.4250488684421,9.5640829744207,85100.0
2006-01-24,12.99,13.06,12.79,12.89,121200.0,0.0,1.0,9.5055422982192,9.5567653898955,9.3591906077154,9.4323664529673,121200.0
2006-01-25,12.86,13.47,12.86,13.28,48700.0,0.0,1.0,9.4104136993918,9.8567863554282,9.4104136993918,9.7177522494497,48700.0
2006-01-26,13.48,13.48,12.81,13.06,114400.0,0.0,1.0,9.8641039399534,9.8641039399534,9.3738257767658,9.5567653898955,114400.0
2006-01-27,12.99,13.35,12.88,13.33,44000.0,0.0,1.0,9.5055422982192,9.768975341126,9.4250488684421,9.7543401720756,44000.0
2006-01-30,13.23,13.33,12.88,13.0,66300.0,0.0,1.0,9.6811643268237,9.7543401720756,9.4250488684421,9.5128598827444,66300.0
2006-01-31,12.95,13.13,12.95,13.13,75300.0,0.0,1.0,9.4762719601185,9.6079884815718,9.4762719601185,9.6079884815718,75300.0
2006-02-01,13.0,13.2,12.9,13.0,326600.0,0.0,1.0,9.5128598827444,9.6592115732482,9.4396840374925,9.5128598827444,326600.0
2006-02-02,13.04,13.1,12.95,13.09,122500.0,0.0,1.0,9.5421302208451,9.5860357279963,9.4762719601185,9.5787181434711,122500.0
2006-02-03,12.11,12.73,11.61,12.66,403600.0,0.0,1.0,8.8615948600027,9.3152851005643,8.4957156337433,9.264062008888,403600.0
2006-02-06,12.58,12.75,12.4999,12.7,199000.0,0.0,1.0,9.2055213326865,9.3299202696147,9.1469074806397,9.2933323469888,199000.0
2006-02-07,12.6,12.99,12.58,12.96,171000.0,0.0,1.0,9.2201565017369,9.5055422982192,9.2055213326865,9.4835895446436,171000.0
2006-02-08,12.86,13.07,12.8,12.99,112400.0,0.0,1.0,9.4104136993918,9.5640829744207,9.3665081922406,9.5055422982192,112400.0
2006-02-09,13.08,13.09,13.01,13.04,35300.0,0.0,1.0,9.5714005589459,9.5787181434711,9.5201774672696,9.5421302208451,35300.0
2006-02-10,13.0,13.49,12.98,13.48,48500.0,0.0,1.0,9.5128598827444,9.8714215244786,9.498224713694,9.8641039399534,48500.0
2006-02-13,13.55,13.55,13.0,13.02,70000.0,0.0,1.0,9.9153270316297,9.9153270316297,9.5128598827444,9.5274950517948,70000.0
2006-02-14,13.12,13.29,13.01,13.29,49400.0,0.0,1.0,9.6006708970466,9.7250698339748,9.5201774672696,9.7250698339748,49400.0
2006-02-15,13.345,13.51,13.3,13.51,20800.0,0.0,1.0,9.7653165488634,9.886056693529,9.7323874185,9.886056693529,20800.0
2006-02-16,13.56,14.15,13.56,14.15,59600.0,0.0,1.0,9.9226446161549,10.354382103141,9.9226446161549,10.354382103141,59600.0
2006-02-17,14.18,14.25,13.8,14.17,52500.0,0.0,1.0,10.376334856717,10.427557948393,10.098266644759,10.369017272191,52500.0
2006-02-21,14.11,14.56,13.91,14.56,57900.0,0.0,1.0,10.32511176504,10.654403068674,10.178760074536,10.654403068674,57900.0
2006-02-22,14.55,14.75,14.11,14.57,76700.0,0.0,1.0,10.647085484149,10.793437174652,10.32511176504,10.661720653199,76700.0
2006-02-23,14.55,14.75,14.31,14.53,92600.0,0.0,1.0,10.647085484149,10.793437174652,10.471463455544,10.632450315098,92600.0
2006-02-24,14.59,15.03,14.53,14.9,54600.0,0.0,1.0,10.676355822249,10.998329541358,10.632450315098,10.90320094253,54600.0
2006-02-27,14.93,15.5,14.91,15.17,86000.0,0.0,1.0,10.925153696106,11.342256014041,10.910518527055,11.10077572471,86000.0
2006-02-28,15.1,15.22,14.51,14.6,87500.0,0.0,1.0,11.049552633034,11.137363647336,10.617815146048,10.683673406774,87500.0
2006-03-01,14.64,14.89,14.54,14.87,52800.0,0.0,1.0,10.712943744875,10.895883358005,10.639767899623,10.881248188955,52800.0
2006-03-02,14.67,14.77,14.55,14.67,48000.0,0.0,1.0,10.734896498451,10.808072343703,10.647085484149,10.734896498451,48000.0
2006-03-03,14.7,15.19,14.66,14.99,28100.0,0.0,1.0,10.756849252026,11.115410893761,10.727578913926,10.969059203257,28100.0
2006-03-06,15.1,15.43,14.57,14.58,66000.0,0.0,1.0,11.049552633034,11.291032922365,10.661720653199,10.669038237724,66000.0
2006-03-07,14.595,14.93,14.3,14.43,37600.0,0.0,1.0,10.680014614512,10.925153696106,10.464145871019,10.559274469846,37600.0
2006-03-08,14.39,14.79,14.16,14.39,167600.0,0.0,1.0,10.530004131746,10.822707512753,10.361699687666,10.530004131746,167600.0
2006-03-09,14.43,14.72,14.35,14.6,86800.0,0.0,1.0,10.559274469846,10.771484421077,10.500733793645,10.683673406774,86800.0
2006-03-10,14.9,15.3,14.8,14.95,112700.0,0.0,1.0,10.90320094253,11.195904323538,10.830025097278,10.939788865156,112700.0
2006-03-13,14.82,15.21,14.77,14.89,79500.0,0.0,1.0,10.844660266329,11.130046062811,10.808072343703,10.895883358005,79500.0
2006-03-14,14.9,14.9,14.71,14.87,33200.0,0.0,1.0,10.90320094253,10.90320094253,10.764166836552,10.881248188955,33200.0
2006-03-15,14.9,15.47,14.85,15.07,81400.0,0.0,1.0,10.90320094253,11.320303260466,10.866613019904,11.027599879458,81400.0
2006-03-16,15.15,15.26,14.84,14.97,27300.0,0.0,1.0,11.08614055566,11.166633985437,10.859295435379,10.954424034206,27300.0
2006-03-17,15.08,15.16,14.86,15.01,76900.0,0.0,1.0,11.034917463983,11.093458140185,10.873930604429,10.983694372307,76900.0
2006-03-20,14.97,15.2,14.97,15.16,39300.0,0.0,1.0,10.954424034206,11.122728478286,10.954424034206,11.093458140185,39300.0
2006-03-21,15.1,15.26,14.83,14.85,48300.0,0.0,1.0,11.049552633034,11.166633985437,10.851977850854,10.866613019904,48300.0
2006-03-22,14.89,15.15,14.8,14.97,52900.0,0.0,1.0,10.895883358005,11.08614055566,10.830025097278,10.954424034206,52900.0
2006-03-23,15.01,15.228,14.86,15.15,23300.0,0.0,1.0,10.983694372307,11.143217714956,10.873930604429,11.08614055566,23300.0
2006-03-24,15.25,15.41,14.96,15.4,44400.0,0.0,1.0,11.159316400912,11.276397753315,10.947106449681,11.26908016879,44400.0
2006-03-27,15.5,15.73,15.05,15.14,35200.0,0.0,1.0,11.342256014041,11.510560458121,11.012964710408,11.078822971135,35200.0
2006-03-28,15.08,15.16,14.92,15.06,26000.0,0.0,1.0,11.034917463983,11.093458140185,10.91783611158,11.020282294933,26000.0
2006-03-29,15.03,15.42,15.01,15.35,28100.0,0.0,1.0,10.998329541358,11.28371533784,10.983694372307,11.232492246164,28100.0
2006-03-30,15.35,15.55,15.31,15.55,14400.0,0.0,1.0,11.232492246164,11.378843936667,11.203221908063,11.378843936667,14400.0
2006-03-31,15.6,15.9,15.36,15.83,26700.0,0.0,1.0,11.415431859293,11.634959395049,11.239809830689,11.583736303373,26700.0
2006-04-03,16.0,16.0,15.69,15.71,17900.0,0.0,1.0,11.708135240301,11.708135240301,11.48129012002,11.49592528907,17900.0
2006-04-04,15.71,15.71,15.46,15.47,44400.0,0.0,1.0,11.49592528907,11.49592528907,11.312985675941,11.320303260466,44400.0
2006-04-05,15.57,15.66,15.49,15.55,11700.0,0.0,1.0,11.393479105718,11.459337366444,11.334938429516,11.378843936667,11700.0
2006-04-06,15.7,16.1,15.65,16.05,42200.0,0.0,1.0,11.488607704545,11.781311085553,11.452019781919,11.744723162927,42200.0
2006-04-07,16.1,16.1,15.75,16.05,38100.0,0.0,1.0,11.781311085553,11.781311085553,11.525195627171,11.744723162927,38100.0
2006-04-10,16.03,16.03,15.87,15.91,16800.0,0.0,1.0,11.730087993876,11.730087993876,11.613006641473,11.642276979574,16800.0
2006-04-11,15.99,16.1514,15.9,15.91,38900.0,0.0,1.0,11.700817655776,11.818923470012,11.634959395049,11.642276979574,38900.0
2006-04-12,15.89,16.15,15.89,16.03,108000.0,0.0,1.0,11.627641810524,11.817899008179,11.627641810524,11.730087993876,108000.0
2006-04-13,16.08,16.18,16.0,16.09,47600.0,0.0,1.0,11.766675916502,11.839851761754,11.708135240301,11.773993501027,47600.0
2006-04-17,16.13,16.19,15.91,16.0,27000.0,0.0,1.0,11.803263839128,11.847169346279,11.642276979574,11.708135240301,27000.0
2006-04-18,16.13,16.29,16.03,16.18,35300.0,0.0,1.0,11.803263839128,11.920345191531,11.730087993876,11.839851761754,35300.0
2006-04-19,16.13,16.31,16.12,16.31,69000.0,0.0,1.0,11.803263839128,11.934980360582,11.795946254603,11.934980360582,69000.0
2006-04-20,16.35,16.58,16.31,16.48,92300.0,0.0,1.0,11.964250698682,12.132555142762,11.934980360582,12.05937929751,92300.0
2006-04-21,16.71,16.7499,16.27,16.54,76200.0,0.0,1.0,12.227683741589,12.256880903845,11.905710022481,12.103284804661,76200.0
2006-04-24,16.59,16.66,16.03,16.03,149900.0,0.0,1.0,12.139872727287,12.191095818963,11.730087993876,11.730087993876,149900.0
2006-04-25,16.01,16.01,15.38,15.7,65000.0,0.0,1.0,11.715452824826,11.715452824826,11.254444999739,11.488607704545,65000.0
2006-04-26,15.83,15.99,15.64,15.94,48500.0,0.0,1.0,11.583736303373,11.700817655776,11.444702197394,11.66422973315,48500.0
2006-04-27,15.9,16.04,15.44,15.44,9500.0,0.0,1.0,11.634959395049,11.737405578402,11.29835050689,11.29835050689,9500.0
2006-04-28,15.43,16.02,15.33,15.59,62300.0,0.0,1.0,11.291032922365,11.722770409351,11.217857077113,11.408114274768,62300.0
2006-05-01,15.67,16.15,15.67,15.92,21700.0,0.0,1.0,11.46665495097,11.817899008179,11.46665495097,11.649594564099,21700.0
2006-05-02,15.84,15.94,15.43,15.55,36100.0,0.0,1.0,11.591053887898,11.66422973315,11.291032922365,11.378843936667,36100.0
2006-05-03,15.31,15.4,15.03,15.03,91800.0,0.0,1.0,11.203221908063,11.26908016879,10.998329541358,10.998329541358,91800.0
2006-05-04,15.0,15.11,14.61,14.63,62300.0,0.0,1.0,10.976376787782,11.056870217559,10.6909909913,10.70562616035,62300.0
2006-05-05,13.42,14.17,12.59,13.51,430800.0,0.0,1.0,9.8201984328023,10.369017272191,9.2128389172117,9.886056693529,430800.0
2006-05-08,13.51,15.12,13.51,14.12,201500.0,0.0,1.0,9.886056693529,11.064187802084,9.886056693529,10.332429349565,201500.0
2006-05-09,14.12,14.49,13.45,13.78,107500.0,0.0,1.0,10.332429349565,10.603179976997,9.8421511863779,10.083631475709,107500.0
2006-05-10,13.66,14.5,13.66,13.75,177500.0,0.0,1.0,9.9958204614068,10.610497561523,9.9958204614068,10.061678722133,177500.0
2006-05-11,13.72,14.09,13.49,13.62,57000.0,0.0,1.0,10.039725968558,10.31047659599,9.8714215244786,9.966550123306,57000.0
2006-05-12,13.6,14.01,13.6,13.87,50000.0,0.0,1.0,9.9519149542557,10.251935919788,9.9519149542557,10.149489736436,50000.0
2006-05-15,13.79,14.0,13.67,13.99,51000.0,0.0,1.0,10.090949060234,10.244618335263,10.003138045932,10.237300750738,51000.0
2006-05-16,14.02,14.02,13.55,13.69,34300.0,0.0,1.0,10.259253504314,10.259253504314,9.9153270316297,10.017773214982,34300.0
2006-05-17,13.59,13.98,13.1,13.74,106800.0,0.0,1.0,9.9445973697305,10.229983166213,9.5860357279963,10.054361137608,106800.0
2006-05-18,13.79,13.95,13.5,13.74,76300.0,0.0,1.0,10.090949060234,10.208030412637,9.8787391090038,10.054361137608,76300.0
2006-05-19,13.73,14.04,13.73,13.85,60700.0,0.0,1.0,10.047043553083,10.273888673364,10.047043553083,10.134854567385,60700.0
2006-05-22,13.97,14.0,13.7,13.85,60000.0,0.0,1.0,10.222665581688,10.244618335263,10.025090799508,10.134854567385,60000.0
2006-05-23,13.9,14.0,13.39,13.72,215000.0,0.0,1.0,10.171442490011,10.244618335263,9.7982456792267,10.039725968558,215000.0
2006-05-24,13.62,13.62,12.92,13.17,64500.0,0.0,1.0,9.966550123306,9.966550123306,9.4543192065429,9.6372588196726,64500.0
2006-05-25,13.39,13.45,13.06,13.15,37200.0,0.0,1.0,9.7982456792267,9.8421511863779,9.5567653898955,9.6226236506222,37200.0
2006-05-26,13.25,13.54,12.99,13.19,40400.0,0.0,1.0,9.6957994958741,9.9080094471045,9.5055422982192,9.651893988723,40400.0
2006-05-30,13.13,13.33,12.87,12.95,41000.0,0.0,1.0,9.6079884815718,9.7543401720756,9.4177312839169,9.4762719601185,41000.0
2006-05-31,12.95,13.81,12.95,13.81,46800.0,0.0,1.0,9.4762719601185,10.105584229285,9.4762719601185,10.105584229285,46800.0
2006-06-01,13.8,14.05,13.4,14.04,63700.0,0.0,1.0,10.098266644759,10.281206257889,9.8055632637519,10.273888673364,63700.0
2006-06-02,14.11,14.11,13.91,13.98,72600.0,0.0,1.0,10.32511176504,10.32511176504,10.178760074536,10.229983166213,72600.0
2006-06-05,13.92,14.0,13.13,13.28,82000.0,0.0,1.0,10.186077659062,10.244618335263,9.6079884815718,9.7177522494497,82000.0
2006-06-06,13.26,13.88,13.0598,13.5,94700.0,0.0,1.0,9.7031170803993,10.156807320961,9.556619038205,9.8787391090038,94700.0
2006-06-07,13.57,13.89,13.44,13.57,66100.0,0.0,1.0,9.9299622006801,10.164124905486,9.8348336018527,9.9299622006801,66100.0
2006-06-08,13.5,13.65,13.22,13.23,62600.0,0.0,1.0,9.8787391090038,9.9885028768816,9.6738467422985,9.6811643268237,62600.0
2006-06-09,13.28,13.38,13.14,13.27,38000.0,0.0,1.0,9.7177522494497,9.7909280947015,9.615306066097,9.7104346649245,38000.0
2006-06-12,13.04,13.22,12.9,13.15,37200.0,0.0,1.0,9.5421302208451,9.6738467422985,9.4396840374925,9.6226236506222,37200.0
2006-06-13,13.27,13.4,12.96,13.03,47700.0,0.0,1.0,9.7104346649245,9.8055632637519,9.4835895446436,9.53481263632,47700.0
2006-06-14,13.03,13.32,12.92,13.11,41300.0,0.0,1.0,9.53481263632,9.7470225875504,9.4543192065429,9.5933533125215,41300.0
2006-06-15,13.27,13.54,13.2,13.45,45000.0,0.0,1.0,9.7104346649245,9.9080094471045,9.6592115732482,9.8421511863779,45000.0
2006-06-16,13.39,13.58,12.9,12.91,144600.0,0.0,1.0,9.7982456792267,9.9372797852053,9.4396840374925,9.4470016220177,144600.0
2006-06-19,12.89,13.0,12.53,12.63,51100.0,0.0,1.0,9.4323664529673,9.5128598827444,9.1689334100606,9.2421092553124,51100.0
2006-06-20,12.6,13.05,12.41,12.46,64000.0,0.0,1.0,9.2201565017369,9.5494478053703,9.0811223957583,9.1177103183842,64000.0
2006-06-21,12.47,12.9,12.38,12.5,77600.0,0.0,1.0,9.1250279029094,9.4396840374925,9.0591696421827,9.146980656485,77600.0
2006-06-22,12.44,12.707,12.37,12.57,46200.0,0.0,1.0,9.1030751493339,9.2984546561564,9.0518520576575,9.1982037481613,46200.0
2006-06-23,12.51,12.78,12.43,12.75,51400.0,0.0,1.0,9.1542982410102,9.3518730231903,9.0957575648087,9.3299202696147,51400.0
2006-06-26,12.75,13.35,12.75,13.3,46200.0,0.0,1.0,9.3299202696147,9.768975341126,9.3299202696147,9.7323874185,46200.0
2006-06-27,13.27,13.5,12.82,12.98,30800.0,0.0,1.0,9.7104346649245,9.8787391090038,9.381143361291,9.498224713694,30800.0
2006-06-28,12.97,13.19,12.68,12.9,67000.0,0.0,1.0,9.4909071291688,9.651893988723,9.2786971779384,9.4396840374925,67000.0
2006-06-29,12.9,13.05,12.89,13.0,109600.0,0.0,1.0,9.4396840374925,9.5494478053703,9.4323664529673,9.5128598827444,109600.0
2006-06-30,13.1,13.25,12.55,13.25,1015600.0,0.0,1.0,9.5860357279963,9.6957994958741,9.1835685791109,9.6957994958741,1015600.0
2006-07-03,13.0,13.19,12.77,12.94,22400.0,0.0,1.0,9.5128598827444,9.651893988723,9.3445554386651,9.4689543755933,22400.0
2006-07-05,12.84,13.02,12.75,13.0,48100.0,0.0,1.0,9.3957785303414,9.5274950517948,9.3299202696147,9.5128598827444,48100.0
2006-07-06,13.06,13.16,12.97,13.12,76800.0,0.0,1.0,9.5567653898955,9.6299412351474,9.4909071291688,9.6006708970466,76800.0
2006-07-07,13.06,13.09,12.87,13.01,32600.0,0.0,1.0,9.5567653898955,9.5787181434711,9.4177312839169,9.5201774672696,32600.0
2006-07-10,12.92,13.05,12.86,12.91,17100.0,0.0,1.0,9.4543192065429,9.5494478053703,9.4104136993918,9.4470016220177,17100.0
2006-07-11,13.0,13.03,12.85,12.88,26100.0,0.0,1.0,9.5128598827444,9.53481263632,9.4030961148666,9.4250488684421,26100.0
2006-07-12,12.82,12.92,12.75,12.78,136600.0,0.0,1.0,9.381143361291,9.4543192065429,9.3299202696147,9.3518730231903,136600.0
2006-07-13,12.86,13.07,12.65,12.7,28300.0,0.0,1.0,9.4104136993918,9.5640829744207,9.2567444243628,9.2933323469888,28300.0
2006-07-14,12.73,12.79,12.19,12.51,38700.0,0.0,1.0,9.3152851005643,9.3591906077154,8.9201355362042,9.1542982410102,38700.0
2006-07-17,12.48,12.65,12.37,12.55,41000.0,0.0,1.0,9.1323454874346,9.2567444243628,9.0518520576575,9.1835685791109,41000.0
2006-07-18,12.57,12.95,12.57,12.79,57400.0,0.0,1.0,9.1982037481613,9.4762719601185,9.1982037481613,9.3591906077154,57400.0
2006-07-19,12.75,13.23,12.72,12.79,36800.0,0.0,1.0,9.3299202696147,9.6811643268237,9.3079675160391,9.3591906077154,36800.0
2006-07-20,12.76,13.0,12.66,12.91,39200.0,0.0,1.0,9.3372378541399,9.5128598827444,9.264062008888,9.4470016220177,39200.0
2006-07-21,12.8,13.0,12.8,12.98,28300.0,0.0,1.0,9.3665081922406,9.5128598827444,9.3665081922406,9.498224713694,28300.0
2006-07-24,12.98,12.98,12.68,12.79,31200.0,0.0,1.0,9.498224713694,9.498224713694,9.2786971779384,9.3591906077154,31200.0
2006-07-25,12.79,12.89,12.52,12.8,46200.0,0.0,1.0,9.3591906077154,9.4323664529673,9.1616158255354,9.3665081922406,46200.0
2006-07-26,12.8,13.0,12.57,12.98,57100.0,0.0,1.0,9.3665081922406,9.5128598827444,9.1982037481613,9.498224713694,57100.0
2006-07-27,12.98,13.045,12.45,12.74,26700.0,0.0,1.0,9.498224713694,9.5457890131077,9.1103927338591,9.3226026850895,26700.0
2006-07-28,12.75,12.75,12.52,12.71,11900.0,0.0,1.0,9.3299202696147,9.3299202696147,9.1616158255354,9.3006499315139,11900.0
2006-07-31,12.74,12.75,12.6,12.75,19500.0,0.0,1.0,9.3226026850895,9.3299202696147,9.2201565017369,9.3299202696147,19500.0
2006-08-01,12.68,12.94,12.5301,12.72,20900.0,0.0,1.0,9.2786971779384,9.4689543755933,9.1690065859058,9.3079675160391,20900.0
2006-08-02,12.71,12.71,12.33,12.46,46900.0,0.0,1.0,9.3006499315139,9.3006499315139,9.0225817195568,9.1177103183842,46900.0
2006-08-03,12.38,12.64,12.38,12.45,28800.0,0.0,1.0,9.0591696421827,9.2494268398376,9.0591696421827,9.1103927338591,28800.0
2006-08-04,12.5,12.6,12.39,12.49,19100.0,0.0,1.0,9.146980656485,9.2201565017369,9.0664872267079,9.1396630719598,19100.0
2006-08-07,12.42,12.6,12.42,12.5,26500.0,0.0,1.0,9.0884399802835,9.2201565017369,9.0884399802835,9.146980656485,26500.0
2006-08-08,12.56,12.59,12.42,12.59,10000.0,0.0,1.0,9.1908861636361,9.2128389172117,9.0884399802835,9.2128389172117,10000.0
2006-08-09,12.34,12.67,12.25,12.51,21400.0,0.0,1.0,9.029899304082,9.2713795934132,8.9640410433553,9.1542982410102,21400.0
2006-08-10,12.5,12.53,12.22,12.53,39800.0,0.0,1.0,9.146980656485,9.1689334100606,8.9420882897797,9.1689334100606,39800.0
2006-08-11,12.5,12.57,11.97,12.12,57400.0,0.0,1.0,9.146980656485,9.1982037481613,8.75914867665,8.8689124445278,57400.0
2006-08-14,12.01,12.04,11.53,11.67,114000.0,0.0,1.0,8.7884190147508,8.8103717683263,8.4371749575418,8.5396211408944,114000.0
2006-08-15,11.73,11.81,11.35,11.35,41100.0,0.0,1.0,8.5835266480455,8.642067324247,8.3054584360884,8.3054584360884,41100.0
2006-08-16,11.35,11.77,11.35,11.53,22600.0,0.0,1.0,8.3054584360884,8.6127969861463,8.3054584360884,8.4371749575418,22600.0
2006-08-17,11.5,11.9,11.39,11.57,44000.0,0.0,1.0,8.4152222039662,8.7079255849737,8.3347287741891,8.4664452956425,44000.0
2006-08-18,11.53,11.81,11.5,11.57,38500.0,0.0,1.0,8.4371749575418,8.642067324247,8.4152222039662,8.4664452956425,38500.0
2006-08-21,11.52,11.62,11.36,11.5517,23800.0,0.0,1.0,8.4298573730166,8.5030332182684,8.3127760206136,8.4530541159614,23800.0
2006-08-22,11.52,11.55,11.06,11.28,35800.0,0.0,1.0,8.4298573730166,8.4518101265921,8.0932484848579,8.2542353444121,35800.0
2006-08-23,11.01,11.5,10.76,10.78,79000.0,0.0,1.0,8.056660562232,8.4152222039662,7.8737209491023,7.8883561181527,79000.0
2006-08-24,10.9,11.27,10.89,11.0,56700.0,0.0,1.0,7.9761671324549,8.2469177598869,7.9688495479297,8.0493429777068,56700.0
2006-08-25,10.96,11.32,10.81,11.29,32100.0,0.0,1.0,8.020072639606,8.2835056825128,7.9103088717282,8.2615529289372,32100.0
2006-08-28,11.27,11.55,11.03,11.5,20600.0,0.0,1.0,8.2469177598869,8.4518101265921,8.0712957312824,8.4152222039662,20600.0
2006-08-29,11.41,12.0,11.09,11.98,35800.0,0.0,1.0,8.3493639432395,8.7811014302256,8.1152012384335,8.7664662611752,35800.0
2006-08-30,11.95,11.95,11.26,11.8,28300.0,0.0,1.0,8.7445135075997,8.7445135075997,8.2396001753617,8.6347497397218,28300.0
2006-08-31,11.97,12.7,11.97,12.25,39600.0,0.0,1.0,8.75914867665,9.2933323469888,8.75914867665,8.9640410433553,39600.0
2006-09-01,12.25,12.31,12.03,12.19,28000.0,0.0,1.0,8.9640410433553,9.0079465505064,8.8030541838012,8.9201355362042,28000.0
2006-09-05,12.0,12.25,11.69,11.69,113700.0,0.0,1.0,8.7811014302256,8.9640410433553,8.5542563099448,8.5542563099448,113700.0
2006-09-06,11.75,12.03,11.71,11.71,31400.0,0.0,1.0,8.5981618170959,8.8030541838012,8.5688914789951,8.5688914789951,31400.0
2006-09-07,11.47,11.47,9.78,9.89,570500.0,0.0,1.0,8.3932694503906,8.3932694503906,7.1565976656339,7.2370910954109,570500.0
2006-09-08,9.99,10.07,9.88,10.0,84800.0,0.0,1.0,7.3102669406628,7.3688076168643,7.2297735108857,7.317584525188,84800.0
2006-09-11,10.0,10.0,9.85,9.95,78400.0,0.0,1.0,7.317584525188,7.317584525188,7.2078207573102,7.2809966025621,78400.0
2006-09-12,10.0,10.0,9.85,9.9,101300.0,0.0,1.0,7.317584525188,7.317584525188,7.2078207573102,7.2444086799361,101300.0
2006-09-13,9.99,10.0,9.83,9.98,89400.0,0.0,1.0,7.3102669406628,7.317584525188,7.1931855882598,7.3029493561376,89400.0
2006-09-14,9.99,10.07,9.98,10.01,242000.0,0.0,1.0,7.3102669406628,7.3688076168643,7.3029493561376,7.3249021097132,242000.0
2006-09-15,10.02,10.02,9.91,9.93,254300.0,0.0,1.0,7.3322196942384,7.3322196942384,7.2517262644613,7.2663614335117,254300.0
2006-09-18,10.02,10.02,9.91,9.99,81800.0,0.0,1.0,7.3322196942384,7.3322196942384,7.2517262644613,7.3102669406628,81800.0
2006-09-19,9.97,10.01,9.9,9.99,45100.0,0.0,1.0,7.2956317716124,7.3249021097132,7.2444086799361,7.3102669406628,45100.0
2006-09-20,10.02,10.02,9.95,9.95,57000.0,0.0,1.0,7.3322196942384,7.3322196942384,7.2809966025621,7.2809966025621,57000.0
2006-09-21,9.99,10.0,9.97,9.99,32300.0,0.0,1.0,7.3102669406628,7.317584525188,7.2956317716124,7.3102669406628,32300.0
2006-09-22,9.98,10.0,9.92,9.99,73800.0,0.0,1.0,7.3029493561376,7.317584525188,7.2590438489865,7.3102669406628,73800.0
2006-09-25,9.97,10.0,9.95,9.95,79700.0,0.0,1.0,7.2956317716124,7.317584525188,7.2809966025621,7.2809966025621,79700.0
2006-09-26,9.93,10.54,9.93,10.45,82000.0,0.0,1.0,7.2663614335117,7.7127340895481,7.2663614335117,7.6468758288215,82000.0
2006-09-27,10.4,10.42,9.91,10.06,98800.0,0.0,1.0,7.6102879061955,7.6249230752459,7.2517262644613,7.3614900323391,98800.0
2006-09-28,10.04,10.19,10.04,10.1,88700.0,0.0,1.0,7.3468548632887,7.4566186311666,7.3468548632887,7.3907603704399,88700.0
2006-09-29,10.14,10.24,10.0,10.2,23600.0,0.0,1.0,7.4200307085406,7.4932065537925,7.317584525188,7.4639362156918,23600.0
2006-10-02,10.22,10.22,10.09,10.1,54900.0,0.0,1.0,7.4785713847421,7.4785713847421,7.3834427859147,7.3907603704399,54900.0
2006-10-03,10.18,10.47,10.12,10.29,21600.0,0.0,1.0,7.4493010466414,7.6615109978718,7.4053955394902,7.5297944764184,21600.0
2006-10-04,10.29,10.51,10.15,10.45,16200.0,0.0,1.0,7.5297944764184,7.6907813359726,7.4273482930658,7.6468758288215,16200.0
2006-10-05,10.45,10.46,10.29,10.31,113700.0,0.0,1.0,7.6468758288215,7.6541934133466,7.5297944764184,7.5444296454688,113700.0
2006-10-06,10.295,10.43,10.295,10.34,26000.0,0.0,1.0,7.533453268681,7.6322406597711,7.533453268681,7.5663823990444,26000.0
2006-10-09,10.41,10.41,10.3,10.34,13600.0,0.0,1.0,7.6176054907207,7.6176054907207,7.5371120609436,7.5663823990444,13600.0
2006-10-10,10.44,10.45,10.33,10.35,68200.0,0.0,1.0,7.6395582442963,7.6468758288215,7.5590648145192,7.5736999835696,68200.0
2006-10-11,10.5,10.59,10.44,10.51,58000.0,0.0,1.0,7.6834637514474,7.7493220121741,7.6395582442963,7.6907813359726,58000.0
2006-10-12,10.56,10.94,10.5,10.51,167900.0,0.0,1.0,7.7273692585985,8.0054374705557,7.6834637514474,7.6907813359726,167900.0
2006-10-13,10.58,10.74,10.46,10.54,50100.0,0.0,1.0,7.7420044276489,7.8590857800519,7.6541934133466,7.7127340895481,50100.0
2006-10-16,10.58,10.58,10.42,10.45,56500.0,0.0,1.0,7.7420044276489,7.7420044276489,7.6249230752459,7.6468758288215,56500.0
2006-10-17,10.47,10.52,10.42,10.48,54900.0,0.0,1.0,7.6615109978718,7.6980989204978,7.6249230752459,7.668828582397,54900.0
2006-10-18,10.55,10.71,10.46,10.55,75700.0,0.0,1.0,7.7200516740733,7.8371330264763,7.6541934133466,7.7200516740733,75700.0
2006-10-19,10.55,10.6995,10.53,10.57,85500.0,0.0,1.0,7.7200516740733,7.8294495627249,7.705416505023,7.7346868431237,85500.0
2006-10-20,10.595,10.595,10.47,10.52,67300.0,0.0,1.0,7.7529808044367,7.7529808044367,7.6615109978718,7.6980989204978,67300.0
2006-10-23,10.54,10.74,10.48,10.67,135900.0,0.0,1.0,7.7127340895481,7.8590857800519,7.668828582397,7.8078626883756,135900.0
2006-10-24,10.73,10.73,10.54,10.55,71500.0,0.0,1.0,7.8517681955267,7.8517681955267,7.7127340895481,7.7200516740733,71500.0
2006-10-25,10.64,10.7,10.59,10.7,55700.0,0.0,1.0,7.7859099348,7.8298154419512,7.7493220121741,7.8298154419512,55700.0
2006-10-26,10.75,10.75,10.58,10.7,39200.0,0.0,1.0,7.8664033645771,7.8664033645771,7.7420044276489,7.8298154419512,39200.0
2006-10-27,10.71,10.77,10.55,10.55,82000.0,0.0,1.0,7.8371330264763,7.8810385336275,7.7200516740733,7.7200516740733,82000.0
2006-10-30,10.58,10.66,10.53,10.54,79200.0,0.0,1.0,7.7420044276489,7.8005451038504,7.705416505023,7.7127340895481,79200.0
2006-10-31,10.69,10.71,10.5,10.57,98200.0,0.0,1.0,7.822497857426,7.8371330264763,7.6834637514474,7.7346868431237,98200.0
2006-11-01,10.67,11.35,10.5,11.07,458700.0,0.0,1.0,7.8078626883756,8.3054584360884,7.6834637514474,8.1005660693831,458700.0
2006-11-02,11.11,12.06,11.11,11.39,107500.0,0.0,1.0,8.1298364074839,8.8250069373767,8.1298364074839,8.3347287741891,107500.0
2006-11-03,10.78,10.85,9.8,10.36,212000.0,0.0,1.0,7.8883561181527,7.939579209829,7.1712328346842,7.5810175680948,212000.0
2006-11-06,10.35,11.34,10.35,11.3,79800.0,0.0,1.0,7.5736999835696,8.2981408515632,7.5736999835696,8.2688705134624,79800.0
2006-11-07,11.33,11.47,11.2,11.44,29500.0,0.0,1.0,8.290823267038,8.3932694503906,8.1956946682106,8.3713166968151,29500.0
2006-11-08,11.44,11.47,11.12,11.19,22500.0,0.0,1.0,8.3713166968151,8.3932694503906,8.137153992009,8.1883770836854,22500.0
2006-11-09,11.33,11.33,11.15,11.2,32900.0,0.0,1.0,8.290823267038,8.290823267038,8.1591067455846,8.1956946682106,32900.0
2006-11-10,11.18,11.21,10.88,10.966,50600.0,0.0,1.0,8.1810594991602,8.2030122527357,7.9615319634045,8.0244631903212,50600.0
2006-11-13,10.93,11.24,10.9,10.99,46900.0,0.0,1.0,7.9981198860305,8.2249650063113,7.9761671324549,8.0420253931816,46900.0
2006-11-14,10.9601,10.98,10.46,10.84,59300.0,0.0,1.0,8.0201458154513,8.0347078086564,7.6541934133466,7.9322616253038,59300.0
2006-11-15,10.76,11.06,10.76,11.04,118100.0,0.0,1.0,7.8737209491023,8.0932484848579,7.8737209491023,8.0786133158075,118100.0
2006-11-16,11.09,11.23,11.02,11.21,48800.0,0.0,1.0,8.1152012384335,8.2176474217861,8.0639781467572,8.2030122527357,48800.0
2006-11-17,11.21,11.32,11.14,11.17,67100.0,0.0,1.0,8.2030122527357,8.2835056825128,8.1517891610594,8.173741914635,67100.0
2006-11-20,11.11,11.15,10.98,10.98,20400.0,0.0,1.0,8.1298364074839,8.1591067455846,8.0347078086564,8.0347078086564,20400.0
2006-11-21,11.0,11.0,10.93,10.94,19300.0,0.0,1.0,8.0493429777068,8.0493429777068,7.9981198860305,8.0054374705557,19300.0
2006-11-22,10.92,10.97,10.75,10.87,20700.0,0.0,1.0,7.9908023015053,8.0273902241312,7.8664033645771,7.9542143788793,20700.0
2006-11-24,10.81,10.81,10.3,10.32,26300.0,0.0,1.0,7.9103088717282,7.9103088717282,7.5371120609436,7.551747229994,26300.0
2006-11-27,10.28,10.31,9.98,10.24,69000.0,0.0,1.0,7.5224768918933,7.5444296454688,7.3029493561376,7.4932065537925,69000.0
2006-11-28,10.14,10.14,9.94,10.0,125700.0,0.0,1.0,7.4200307085406,7.4200307085406,7.2736790180369,7.317584525188,125700.0
2006-11-29,9.99,10.29,9.99,10.23,56400.0,0.0,1.0,7.3102669406628,7.5297944764184,7.3102669406628,7.4858889692673,56400.0
2006-11-30,10.14,10.99,10.14,10.92,58400.0,0.0,1.0,7.4200307085406,8.0420253931816,7.4200307085406,7.9908023015053,58400.0
2006-12-01,10.65,10.96,10.65,10.92,15100.0,0.0,1.0,7.7932275193252,8.020072639606,7.7932275193252,7.9908023015053,15100.0
2006-12-04,10.78,11.24,10.78,11.19,65100.0,0.0,1.0,7.8883561181527,8.2249650063113,7.8883561181527,8.1883770836854,65100.0
2006-12-05,11.11,12.04,11.11,11.95,96300.0,0.0,1.0,8.1298364074839,8.8103717683263,8.1298364074839,8.7445135075997,96300.0
2006-12-06,11.97,12.12,11.82,11.86,39700.0,0.0,1.0,8.75914867665,8.8689124445278,8.6493849087722,8.678655246873,39700.0
2006-12-07,11.83,11.9,11.65,11.67,17500.0,0.0,1.0,8.6567024932974,8.7079255849737,8.524985971844,8.5396211408944,17500.0
2006-12-08,11.62,11.84,11.62,11.67,30500.0,0.0,1.0,8.5030332182684,8.6640200778226,8.5030332182684,8.5396211408944,30500.0
2006-12-11,11.67,11.93,11.5,11.5,35100.0,0.0,1.0,8.5396211408944,8.7298783385493,8.4152222039662,8.4152222039662,35100.0
2006-12-12,11.4,11.77,11.4,11.51,31600.0,0.0,1.0,8.3420463587143,8.6127969861463,8.3420463587143,8.4225397884914,31600.0
2006-12-13,11.6,11.7,11.27,11.3,44900.0,0.0,1.0,8.4883980492181,8.56157389447,8.2469177598869,8.2688705134624,44900.0
2006-12-14,11.3,11.55,11.3,11.35,42800.0,0.0,1.0,8.2688705134624,8.4518101265921,8.2688705134624,8.3054584360884,42800.0
2006-12-15,11.59,11.87,11.17,11.43,124100.0,0.0,1.0,8.4810804646929,8.6859728313981,8.173741914635,8.3639991122899,124100.0
2006-12-18,11.38,11.99,11.35,11.49,116700.0,0.0,1.0,8.3274111896639,8.7737838457004,8.3054584360884,8.407904619441,116700.0
2006-12-19,11.45,11.54,11.35,11.51,85300.0,0.0,1.0,8.3786342813403,8.4444925420669,8.3054584360884,8.4225397884914,85300.0
2006-12-20,11.49,11.54,11.0,11.15,128900.0,0.0,1.0,8.407904619441,8.4444925420669,8.0493429777068,8.1591067455846,128900.0
2006-12-21,11.24,11.33,10.9401,11.31,145800.0,0.0,1.0,8.2249650063113,8.290823267038,8.0055106464009,8.2761880979876,145800.0
2006-12-22,11.28,11.92,11.28,11.38,33000.0,0.0,1.0,8.2542353444121,8.7225607540241,8.2542353444121,8.3274111896639,33000.0
2006-12-26,11.35,11.85,11.34,11.85,15100.0,0.0,1.0,8.3054584360884,8.6713376623478,8.2981408515632,8.6713376623478,15100.0
2006-12-27,11.84,12.2,11.75,12.17,36000.0,0.0,1.0,8.6640200778226,8.9274531207294,8.5981618170959,8.9055003671538,36000.0
2006-12-28,12.2,12.29,12.09,12.09,16700.0,0.0,1.0,8.9274531207294,8.993311381456,8.8469596909523,8.8469596909523,16700.0
2006-12-29,12.05,12.39,11.8555,12.26,38000.0,0.0,1.0,8.8176893528515,9.0664872267079,8.6753623338366,8.9713586278805,38000.0
2007-01-03,12.45,12.49,12.26,12.48,30400.0,0.0,1.0,9.1103927338591,9.1396630719598,8.9713586278805,9.1323454874346,30400.0
2007-01-04,12.43,12.43,12.23,12.38,26700.0,0.0,1.0,9.0957575648087,9.0957575648087,8.9494058743049,9.0591696421827,26700.0
2007-01-05,12.32,12.4,12.26,12.39,17600.0,0.0,1.0,9.0152641350316,9.0738048112331,8.9713586278805,9.0664872267079,17600.0
2007-01-08,12.36,12.37,12.16,12.35,19300.0,0.0,1.0,9.0445344731324,9.0518520576575,8.8981827826286,9.0372168886072,19300.0
2007-01-09,12.2301,12.36,12.09,12.27,20400.0,0.0,1.0,8.9494790501502,9.0445344731324,8.8469596909523,8.9786762124057,20400.0
2007-01-10,12.2,12.35,11.81,12.04,43400.0,0.0,1.0,8.9274531207294,9.0372168886072,8.642067324247,8.8103717683263,43400.0
2007-01-11,12.16,12.27,12.16,12.2,22600.0,0.0,1.0,8.8981827826286,8.9786762124057,8.8981827826286,8.9274531207294,22600.0
2007-01-12,12.16,12.23,12.13,12.18,37400.0,0.0,1.0,8.8981827826286,8.9494058743049,8.876230029053,8.912817951679,37400.0
2007-01-16,12.15,12.35,12.02,12.35,25700.0,0.0,1.0,8.8908651981034,9.0372168886072,8.795736599276,9.0372168886072,25700.0
2007-01-17,12.27,12.44,12.27,12.41,12600.0,0.0,1.0,8.9786762124057,9.1030751493339,8.9786762124057,9.0811223957583,12600.0
2007-01-18,12.36,12.95,12.25,12.85,54400.0,0.0,1.0,9.0445344731324,9.4762719601185,8.9640410433553,9.4030961148666,54400.0
2007-01-19,12.73,12.9199,12.73,12.86,11200.0,0.0,1.0,9.3152851005643,9.4542460306976,9.3152851005643,9.4104136993918,11200.0
2007-01-22,12.79,12.79,12.34,12.37,29800.0,0.0,1.0,9.3591906077154,9.3591906077154,9.029899304082,9.0518520576575,29800.0
2007-01-23,12.48,12.97,12.17,12.79,47700.0,0.0,1.0,9.1323454874346,9.4909071291688,8.9055003671538,9.3591906077154,47700.0
2007-01-24,12.79,13.49,12.79,12.99,37700.0,0.0,1.0,9.3591906077154,9.8714215244786,9.3591906077154,9.5055422982192,37700.0
2007-01-25,13.11,13.11,12.87,13.0,13900.0,0.0,1.0,9.5933533125215,9.5933533125215,9.4177312839169,9.5128598827444,13900.0
2007-01-26,13.2,13.39,13.14,13.39,20000.0,0.0,1.0,9.6592115732482,9.7982456792267,9.615306066097,9.7982456792267,20000.0
2007-01-29,13.26,13.3,13.21,13.3,9800.0,0.0,1.0,9.7031170803993,9.7323874185,9.6665291577733,9.7323874185,9800.0
2007-01-30,13.28,13.29,13.15,13.27,42800.0,0.0,1.0,9.7177522494497,9.7250698339748,9.6226236506222,9.7104346649245,42800.0
2007-01-31,13.35,13.68,13.25,13.67,57900.0,0.0,1.0,9.768975341126,10.010455630457,9.6957994958741,10.003138045932,57900.0
2007-02-01,13.69,14.4,13.69,14.37,34400.0,0.0,1.0,10.017773214982,10.537321716271,10.017773214982,10.515368962695,34400.0
2007-02-02,14.58,16.19,14.29,15.0,193700.0,0.0,1.0,10.669038237724,11.847169346279,10.456828286494,10.976376787782,193700.0
2007-02-05,14.97,14.97,14.24,14.3,109400.0,0.0,1.0,10.954424034206,10.954424034206,10.420240363868,10.464145871019,109400.0
2007-02-06,14.28,14.52,14.11,14.5,43100.0,0.0,1.0,10.449510701968,10.625132730573,10.32511176504,10.610497561523,43100.0
2007-02-07,14.47,14.73,14.45,14.65,36600.0,0.0,1.0,10.588544807947,10.778802005602,10.573909638897,10.7202613294,36600.0
2007-02-08,14.61,14.61,14.37,14.51,22200.0,0.0,1.0,10.6909909913,10.6909909913,10.515368962695,10.617815146048,22200.0
2007-02-09,14.3,14.99,14.3,14.93,30700.0,0.0,1.0,10.464145871019,10.969059203257,10.464145871019,10.925153696106,30700.0
2007-02-12,15.0,15.0,14.3,14.48,46000.0,0.0,1.0,10.976376787782,10.976376787782,10.464145871019,10.595862392472,46000.0
2007-02-13,14.45,14.72,14.37,14.65,17500.0,0.0,1.0,10.573909638897,10.771484421077,10.515368962695,10.7202613294,17500.0
2007-02-14,14.51,14.98,14.51,14.76,28800.0,0.0,1.0,10.617815146048,10.961741618732,10.617815146048,10.800754759177,28800.0
2007-02-15,14.81,14.81,14.35,14.53,15800.0,0.0,1.0,10.837342681803,10.837342681803,10.500733793645,10.632450315098,15800.0
2007-02-16,14.56,14.79,14.51,14.53,16400.0,0.0,1.0,10.654403068674,10.822707512753,10.617815146048,10.632450315098,16400.0
2007-02-20,14.5,14.67,13.88,14.5,36300.0,0.0,1.0,10.610497561523,10.734896498451,10.156807320961,10.610497561523,36300.0
2007-02-21,14.44,14.68,14.25,14.43,37300.0,0.0,1.0,10.566592054371,10.742214082976,10.427557948393,10.559274469846,37300.0
2007-02-22,14.4,14.5,14.36,14.45,41800.0,0.0,1.0,10.537321716271,10.610497561523,10.50805137817,10.573909638897,41800.0
2007-02-23,14.4,14.55,13.82,14.35,42100.0,0.0,1.0,10.537321716271,10.647085484149,10.11290181381,10.500733793645,42100.0
2007-02-26,14.33,14.64,14.27,14.64,52000.0,0.0,1.0,10.486098624594,10.712943744875,10.442193117443,10.712943744875,52000.0
2007-02-27,14.48,14.48,14.215,14.29,24800.0,0.0,1.0,10.595862392472,10.595862392472,10.401946402555,10.456828286494,24800.0
2007-02-28,14.22,14.22,13.86,14.15,24500.0,0.0,1.0,10.405605194817,10.405605194817,10.142172151911,10.354382103141,24500.0
2007-03-01,14.01,14.49,13.81,14.05,20500.0,0.0,1.0,10.251935919788,10.603179976997,10.105584229285,10.281206257889,20500.0
2007-03-02,13.95,14.15,13.95,13.96,14900.0,0.0,1.0,10.208030412637,10.354382103141,10.208030412637,10.215347997162,14900.0
2007-03-05,13.83,15.0,13.6901,14.78,49500.0,0.0,1.0,10.120219398335,10.976376787782,10.017846390828,10.815389928228,49500.0
2007-03-06,14.74,15.0,14.48,14.67,46300.0,0.0,1.0,10.786119590127,10.976376787782,10.595862392472,10.734896498451,46300.0
2007-03-07,14.57,14.57,14.12,14.14,34700.0,0.0,1.0,10.661720653199,10.661720653199,10.332429349565,10.347064518616,34700.0
2007-03-08,14.27,14.44,13.74,13.89,59900.0,0.0,1.0,10.442193117443,10.566592054371,10.054361137608,10.164124905486,59900.0
2007-03-09,13.89,14.16,13.56,14.05,40500.0,0.0,1.0,10.164124905486,10.361699687666,9.9226446161549,10.281206257889,40500.0
2007-03-12,13.67,14.28,13.64,14.11,20900.0,0.0,1.0,10.003138045932,10.449510701968,9.9811852923564,10.32511176504,20900.0
2007-03-13,14.09,14.2,13.88,13.88,18700.0,0.0,1.0,10.31047659599,10.390970025767,10.156807320961,10.156807320961,18700.0
2007-03-14,13.76,13.95,13.33,13.65,18100.0,0.0,1.0,10.068996306659,10.208030412637,9.7543401720756,9.9885028768816,18100.0
2007-03-15,13.73,13.75,13.55,13.7,9300.0,0.0,1.0,10.047043553083,10.061678722133,9.9153270316297,10.025090799508,9300.0
2007-03-16,13.74,13.74,13.48,13.5,5700.0,0.0,1.0,10.054361137608,10.054361137608,9.8641039399534,9.8787391090038,5700.0
2007-03-19,13.74,13.74,13.08,13.22,26800.0,0.0,1.0,10.054361137608,10.054361137608,9.5714005589459,9.6738467422985,26800.0
2007-03-20,13.33,13.46,13.25,13.31,28900.0,0.0,1.0,9.7543401720756,9.849468770903,9.6957994958741,9.7397050030252,28900.0
2007-03-21,13.3,13.56,13.2,13.5,24100.0,0.0,1.0,9.7323874185,9.9226446161549,9.6592115732482,9.8787391090038,24100.0
2007-03-22,13.47,13.5,13.37,13.5,17300.0,0.0,1.0,9.8567863554282,9.8787391090038,9.7836105101763,9.8787391090038,17300.0
2007-03-23,13.0,13.53,12.99,13.52,19600.0,0.0,1.0,9.5128598827444,9.9006918625794,9.5055422982192,9.8933742780542,19600.0
2007-03-26,13.48,13.49,13.31,13.43,11900.0,0.0,1.0,9.8641039399534,9.8714215244786,9.7397050030252,9.8275160173275,11900.0
2007-03-27,13.4,13.5,13.35,13.5,6400.0,0.0,1.0,9.8055632637519,9.8787391090038,9.768975341126,9.8787391090038,6400.0
2007-03-28,13.43,13.43,13.18,13.27,12100.0,0.0,1.0,9.8275160173275,9.8275160173275,9.6445764041978,9.7104346649245,12100.0
2007-03-29,13.42,13.56,13.2,13.54,13500.0,0.0,1.0,9.8201984328023,9.9226446161549,9.6592115732482,9.9080094471045,13500.0
2007-03-30,13.4,13.5,13.18,13.33,19200.0,0.0,1.0,9.8055632637519,9.8787391090038,9.6445764041978,9.7543401720756,19200.0
2007-04-02,13.2758,13.72,13.25,13.69,12600.0,0.0,1.0,9.7146788639491,10.039725968558,9.6957994958741,10.017773214982,12600.0
2007-04-03,13.73,13.92,13.65,13.88,8000.0,0.0,1.0,10.047043553083,10.186077659062,9.9885028768816,10.156807320961,8000.0
2007-04-04,13.84,13.98,13.82,13.98,10000.0,0.0,1.0,10.12753698286,10.229983166213,10.11290181381,10.229983166213,10000.0
2007-04-05,13.99,13.99,13.75,13.99,11700.0,0.0,1.0,10.237300750738,10.237300750738,10.061678722133,10.237300750738,11700.0
2007-04-09,14.12,14.25,13.47,13.67,14500.0,0.0,1.0,10.332429349565,10.427557948393,9.8567863554282,10.003138045932,14500.0
2007-04-10,13.98,13.98,13.14,13.62,18400.0,0.0,1.0,10.229983166213,10.229983166213,9.615306066097,9.966550123306,18400.0
2007-04-11,13.83,14.15,13.78,14.04,10400.0,0.0,1.0,10.120219398335,10.354382103141,10.083631475709,10.273888673364,10400.0
2007-04-12,14.06,14.06,13.71,13.88,8100.0,0.0,1.0,10.288523842414,10.288523842414,10.032408384033,10.156807320961,8100.0
2007-04-13,13.84,13.97,13.2,13.58,26800.0,0.0,1.0,10.12753698286,10.222665581688,9.6592115732482,9.9372797852053,26800.0
2007-04-16,13.57,13.71,13.47,13.58,8400.0,0.0,1.0,9.9299622006801,10.032408384033,9.8567863554282,9.9372797852053,8400.0
2007-04-17,13.66,13.72,13.6307,13.65,8700.0,0.0,1.0,9.9958204614068,10.039725968558,9.974379938748,9.9885028768816,8700.0
2007-04-18,13.73,13.74,13.69,13.7,4900.0,0.0,1.0,10.047043553083,10.054361137608,10.017773214982,10.025090799508,4900.0
2007-04-19,13.73,13.74,13.66,13.66,3300.0,0.0,1.0,10.047043553083,10.054361137608,9.9958204614068,9.9958204614068,3300.0
2007-04-20,13.77,13.77,13.66,13.69,5200.0,0.0,1.0,10.076313891184,10.076313891184,9.9958204614068,10.017773214982,5200.0
2007-04-23,13.65,13.73,13.6,13.7,11700.0,0.0,1.0,9.9885028768816,10.047043553083,9.9519149542557,10.025090799508,11700.0
2007-04-24,13.77,13.77,13.59,13.59,6500.0,0.0,1.0,10.076313891184,10.076313891184,9.9445973697305,9.9445973697305,6500.0
2007-04-25,13.72,13.72,13.58,13.64,10700.0,0.0,1.0,10.039725968558,10.039725968558,9.9372797852053,9.9811852923564,10700.0
2007-04-26,13.59,13.64,13.57,13.57,3400.0,0.0,1.0,9.9445973697305,9.9811852923564,9.9299622006801,9.9299622006801,3400.0
2007-04-27,13.56,13.75,13.56,13.6,7100.0,0.0,1.0,9.9226446161549,10.061678722133,9.9226446161549,9.9519149542557,7100.0
2007-04-30,13.56,13.56,13.37,13.45,3400.0,0.0,1.0,9.9226446161549,9.9226446161549,9.7836105101763,9.8421511863779,3400.0
2007-05-01,13.36,13.43,13.19,13.31,12200.0,0.0,1.0,9.7762929256512,9.8275160173275,9.651893988723,9.7397050030252,12200.0
2007-05-02,13.34,13.52,13.34,13.4,24000.0,0.0,1.0,9.7616577566008,9.8933742780542,9.7616577566008,9.8055632637519,24000.0
2007-05-03,13.32,13.59,13.32,13.55,8500.0,0.0,1.0,9.7470225875504,9.9445973697305,9.7470225875504,9.9153270316297,8500.0
2007-05-04,13.658,13.76,13.65,13.7,13200.0,0.0,1.0,9.9943569445018,10.068996306659,9.9885028768816,10.025090799508,13200.0
2007-05-07,13.78,14.0,13.525,13.99,34800.0,0.0,1.0,10.083631475709,10.244618335263,9.8970330703168,10.237300750738,34800.0
2007-05-08,12.95,12.95,11.56,12.27,119300.0,0.0,1.0,9.4762719601185,9.4762719601185,8.4591277111173,8.9786762124057,119300.0
2007-05-09,12.35,12.35,12.1,12.21,67200.0,0.0,1.0,9.0372168886072,9.0372168886072,8.8542772754775,8.9347707052545,67200.0
2007-05-10,12.23,12.3,12.1,12.25,57800.0,0.0,1.0,8.9494058743049,9.0006289659812,8.8542772754775,8.9640410433553,57800.0
2007-05-11,12.24,12.82,12.23,12.82,23000.0,0.0,1.0,8.9567234588301,9.381143361291,8.9494058743049,9.381143361291,23000.0
2007-05-14,12.49,12.67,12.49,12.55,24300.0,0.0,1.0,9.1396630719598,9.2713795934132,9.1396630719598,9.1835685791109,24300.0
2007-05-15,12.65,12.72,12.11,12.2,70800.0,0.0,1.0,9.2567444243628,9.3079675160391,8.8615948600027,8.9274531207294,70800.0
2007-05-16,12.2,12.34,12.1,12.16,53200.0,0.0,1.0,8.9274531207294,9.029899304082,8.8542772754775,8.8981827826286,53200.0
2007-05-17,12.27,12.27,11.82,11.87,74800.0,0.0,1.0,8.9786762124057,8.9786762124057,8.6493849087722,8.6859728313981,74800.0
2007-05-18,11.8,11.9,11.34,11.55,45900.0,0.0,1.0,8.6347497397218,8.7079255849737,8.2981408515632,8.4518101265921,45900.0
2007-05-21,11.72,12.1,11.6101,11.89,33600.0,0.0,1.0,8.5762090635203,8.8542772754775,8.4957888095885,8.7006080004485,33600.0
2007-05-22,11.97,12.05,11.97,11.98,11600.0,0.0,1.0,8.75914867665,8.8176893528515,8.75914867665,8.7664662611752,11600.0
2007-05-23,11.99,11.99,11.44,11.64,40600.0,0.0,1.0,8.7737838457004,8.7737838457004,8.3713166968151,8.5176683873188,40600.0
2007-05-24,11.66,11.91,11.39,11.48,22300.0,0.0,1.0,8.5323035563692,8.7152431694989,8.3347287741891,8.4005870349158,22300.0
2007-05-25,11.46,11.47,11.4,11.47,14400.0,0.0,1.0,8.3859518658654,8.3932694503906,8.3420463587143,8.3932694503906,14400.0
2007-05-29,11.46,11.46,10.97,11.02,66800.0,0.0,1.0,8.3859518658654,8.3859518658654,8.0273902241312,8.0639781467572,66800.0
2007-05-30,11.0,11.28,11.0,11.18,16400.0,0.0,1.0,8.0493429777068,8.2542353444121,8.0493429777068,8.1810594991602,16400.0
2007-05-31,11.07,11.17,11.06,11.06,25300.0,0.0,1.0,8.1005660693831,8.173741914635,8.0932484848579,8.0932484848579,25300.0
2007-06-01,11.02,11.08,11.01,11.01,17800.0,0.0,1.0,8.0639781467572,8.1078836539083,8.056660562232,8.056660562232,17800.0
2007-06-04,11.03,11.06,10.9,10.99,24700.0,0.0,1.0,8.0712957312824,8.0932484848579,7.9761671324549,8.0420253931816,24700.0
2007-06-05,11.01,11.04,10.951,11.0,26100.0,0.0,1.0,8.056660562232,8.0786133158075,8.0134868135334,8.0493429777068,26100.0
2007-06-06,10.946,11.01,10.94,10.97,18200.0,0.0,1.0,8.0098280212708,8.056660562232,8.0054374705557,8.0273902241312,18200.0
2007-06-07,11.02,12.0,10.85,10.85,26700.0,0.0,1.0,8.0639781467572,8.7811014302256,7.939579209829,7.939579209829,26700.0
2007-06-08,10.98,10.98,10.65,10.66,45900.0,0.0,1.0,8.0347078086564,8.0347078086564,7.7932275193252,7.8005451038504,45900.0
2007-06-11,10.62,10.71,10.61,10.61,15800.0,0.0,1.0,7.7712747657496,7.8371330264763,7.7639571812245,7.7639571812245,15800.0
2007-06-12,10.59,10.93,10.55,10.55,26600.0,0.0,1.0,7.7493220121741,7.9981198860305,7.7200516740733,7.7200516740733,26600.0
2007-06-13,10.52,10.62,10.52,10.59,21800.0,0.0,1.0,7.6980989204978,7.7712747657496,7.6980989204978,7.7493220121741,21800.0
2007-06-14,10.45,10.59,10.4476,10.5,20900.0,0.0,1.0,7.6468758288215,7.7493220121741,7.6451196085354,7.6834637514474,20900.0
2007-06-15,10.47,10.51,10.43,10.43,26800.0,0.0,1.0,7.6615109978718,7.6907813359726,7.6322406597711,7.6322406597711,26800.0
2007-06-18,10.43,10.51,10.43,10.48,7900.0,0.0,1.0,7.6322406597711,7.6907813359726,7.6322406597711,7.668828582397,7900.0
2007-06-19,10.46,10.48,10.4,10.4,16200.0,0.0,1.0,7.6541934133466,7.668828582397,7.6102879061955,7.6102879061955,16200.0
2007-06-20,10.44,10.44,10.33,10.38,12600.0,0.0,1.0,7.6395582442963,7.6395582442963,7.5590648145192,7.5956527371451,12600.0
2007-06-21,10.32,10.8,10.32,10.73,24200.0,0.0,1.0,7.551747229994,7.902991287203,7.551747229994,7.8517681955267,24200.0
2007-06-22,10.77,11.22,10.7,11.22,22800.0,0.0,1.0,7.8810385336275,8.2103298372609,7.8298154419512,8.2103298372609,22800.0
2007-06-25,11.35,11.44,11.15,11.3,19500.0,0.0,1.0,8.3054584360884,8.3713166968151,8.1591067455846,8.2688705134624,19500.0
2007-06-26,11.2,11.2,11.08,11.08,12300.0,0.0,1.0,8.1956946682106,8.1956946682106,8.1078836539083,8.1078836539083,12300.0
2007-06-27,11.0,11.12,11.0,11.05,8100.0,0.0,1.0,8.0493429777068,8.137153992009,8.0493429777068,8.0859309003327,8100.0
2007-06-28,11.06,11.09,11.0,11.03,24500.0,0.0,1.0,8.0932484848579,8.1152012384335,8.0493429777068,8.0712957312824,24500.0
2007-06-29,11.08,11.15,11.0,11.0,67500.0,0.0,1.0,8.1078836539083,8.1591067455846,8.0493429777068,8.0493429777068,67500.0
2007-07-02,11.09,11.29,11.09,11.11,19400.0,0.0,1.0,8.1152012384335,8.2615529289372,8.1152012384335,8.1298364074839,19400.0
2007-07-03,11.152,11.171,11.1,11.1,4500.0,0.0,1.0,8.1605702624896,8.1744736730875,8.1225188229587,8.1225188229587,4500.0
2007-07-05,11.24,11.44,11.04,11.14,22300.0,0.0,1.0,8.2249650063113,8.3713166968151,8.0786133158075,8.1517891610594,22300.0
2007-07-06,11.1,11.19,11.01,11.05,27300.0,0.0,1.0,8.1225188229587,8.1883770836854,8.056660562232,8.0859309003327,27300.0
2007-07-09,11.05,11.14,11.0,11.04,33300.0,0.0,1.0,8.0859309003327,8.1517891610594,8.0493429777068,8.0786133158075,33300.0
2007-07-10,11.4,11.43,11.2,11.41,10600.0,0.0,1.0,8.3420463587143,8.3639991122899,8.1956946682106,8.3493639432395,10600.0
2007-07-11,11.36,11.56,11.31,11.51,14200.0,0.0,1.0,8.3127760206136,8.4591277111173,8.2761880979876,8.4225397884914,14200.0
2007-07-12,11.64,12.09,11.56,11.78,18300.0,0.0,1.0,8.5176683873188,8.8469596909523,8.4591277111173,8.6201145706715,18300.0
2007-07-13,11.8,11.88,11.3,11.3,12000.0,0.0,1.0,8.6347497397218,8.6932904159233,8.2688705134624,8.2688705134624,12000.0
2007-07-16,11.58,11.58,11.02,11.08,21400.0,0.0,1.0,8.4737628801677,8.4737628801677,8.0639781467572,8.1078836539083,21400.0
2007-07-17,11.09,11.55,11.03,11.33,16600.0,0.0,1.0,8.1152012384335,8.4518101265921,8.0712957312824,8.290823267038,16600.0
2007-07-18,11.32,11.56,11.1,11.11,16100.0,0.0,1.0,8.2835056825128,8.4591277111173,8.1225188229587,8.1298364074839,16100.0
2007-07-19,11.26,11.47,11.15,11.17,7600.0,0.0,1.0,8.2396001753617,8.3932694503906,8.1591067455846,8.173741914635,7600.0
2007-07-20,11.33,11.45,11.1,11.13,8000.0,0.0,1.0,8.290823267038,8.3786342813403,8.1225188229587,8.1444715765342,8000.0
2007-07-23,11.5,11.95,11.5,11.75,17300.0,0.0,1.0,8.4152222039662,8.7445135075997,8.4152222039662,8.5981618170959,17300.0
2007-07-24,11.57,11.79,11.41,11.48,17900.0,0.0,1.0,8.4664452956425,8.6274321551966,8.3493639432395,8.4005870349158,17900.0
2007-07-25,11.61,11.99,11.61,11.69,10700.0,0.0,1.0,8.4957156337433,8.7737838457004,8.4957156337433,8.5542563099448,10700.0
2007-07-26,11.61,11.61,11.0,11.07,15100.0,0.0,1.0,8.4957156337433,8.4957156337433,8.0493429777068,8.1005660693831,15100.0
2007-07-27,11.61,11.61,11.1,11.27,8800.0,0.0,1.0,8.4957156337433,8.4957156337433,8.1225188229587,8.2469177598869,8800.0
2007-07-30,11.3,11.36,11.01,11.02,13300.0,0.0,1.0,8.2688705134624,8.3127760206136,8.056660562232,8.0639781467572,13300.0
2007-07-31,11.13,11.3,11.0,11.08,5400.0,0.0,1.0,8.1444715765342,8.2688705134624,8.0493429777068,8.1078836539083,5400.0
2007-08-01,11.16,11.91,11.16,11.33,9500.0,0.0,1.0,8.1664243301098,8.7152431694989,8.1664243301098,8.290823267038,9500.0
2007-08-02,11.52,11.7,11.34,11.38,7800.0,0.0,1.0,8.4298573730166,8.56157389447,8.2981408515632,8.3274111896639,7800.0
2007-08-03,11.5,11.5,11.0,11.08,16000.0,0.0,1.0,8.4152222039662,8.4152222039662,8.0493429777068,8.1078836539083,16000.0
2007-08-06,11.25,11.25,11.0,11.02,20500.0,0.0,1.0,8.2322825908365,8.2322825908365,8.0493429777068,8.0639781467572,20500.0
2007-08-07,11.11,11.31,11.0,11.13,14500.0,0.0,1.0,8.1298364074839,8.2761880979876,8.0493429777068,8.1444715765342,14500.0
2007-08-08,11.3,11.85,11.19,11.27,31500.0,0.0,1.0,8.2688705134624,8.6713376623478,8.1883770836854,8.2469177598869,31500.0
2007-08-09,11.34,12.3,11.32,11.79,24600.0,0.0,1.0,8.2981408515632,9.0006289659812,8.2835056825128,8.6274321551966,24600.0
2007-08-10,11.25,11.25,11.01,11.05,27200.0,0.0,1.0,8.2322825908365,8.2322825908365,8.056660562232,8.0859309003327,27200.0
2007-08-13,11.94,11.94,11.06,11.06,23700.0,0.0,1.0,8.7371959230745,8.7371959230745,8.0932484848579,8.0932484848579,23700.0
2007-08-14,11.4,11.63,11.01,11.0499,14800.0,0.0,1.0,8.3420463587143,8.5103508027936,8.056660562232,8.0858577244875,14800.0
2007-08-15,11.08,11.25,10.34,10.5,32000.0,0.0,1.0,8.1078836539083,8.2322825908365,7.5663823990444,7.6834637514474,32000.0
2007-08-16,10.76,10.76,10.01,10.06,44100.0,0.0,1.0,7.8737209491023,7.8737209491023,7.3249021097132,7.3614900323391,44100.0
2007-08-17,10.36,10.44,10.05,10.13,13200.0,0.0,1.0,7.5810175680948,7.6395582442963,7.3541724478139,7.4127131240154,13200.0
2007-08-20,10.0,10.09,9.96,9.97,12900.0,0.0,1.0,7.317584525188,7.3834427859147,7.2883141870872,7.2956317716124,12900.0
2007-08-21,10.11,10.65,9.88,10.5,25100.0,0.0,1.0,7.3980779549651,7.7932275193252,7.2297735108857,7.6834637514474,25100.0
2007-08-22,10.65,10.98,10.33,10.89,16000.0,0.0,1.0,7.7932275193252,8.0347078086564,7.5590648145192,7.9688495479297,16000.0
2007-08-23,10.81,11.12,10.02,10.11,19400.0,0.0,1.0,7.9103088717282,8.137153992009,7.3322196942384,7.3980779549651,19400.0
2007-08-24,10.11,10.3,10.02,10.03,10400.0,0.0,1.0,7.3980779549651,7.5371120609436,7.3322196942384,7.3395372787636,10400.0
2007-08-27,10.08,10.3,10.04,10.21,4300.0,0.0,1.0,7.3761252013895,7.5371120609436,7.3468548632887,7.4712538002169,4300.0
2007-08-28,10.23,10.23,9.83,9.89,11500.0,0.0,1.0,7.4858889692673,7.4858889692673,7.1931855882598,7.2370910954109,11500.0
2007-08-29,9.89,9.99,9.8,9.82,15000.0,0.0,1.0,7.2370910954109,7.3102669406628,7.1712328346842,7.1858680037346,15000.0
2007-08-30,9.92,9.97,9.8,9.85,7800.0,0.0,1.0,7.2590438489865,7.2956317716124,7.1712328346842,7.2078207573102,7800.0
2007-08-31,9.84,9.88,9.75,9.76,10400.0,0.0,1.0,7.200503172785,7.2297735108857,7.1346449120583,7.1419624965835,10400.0
2007-09-04,9.85,9.88,9.79,9.87,7800.0,0.0,1.0,7.2078207573102,7.2297735108857,7.163915250159,7.2224559263605,7800.0
2007-09-05,9.79,9.79,9.65,9.69,9800.0,0.0,1.0,7.163915250159,7.163915250159,7.0614690668064,7.0907394049072,9800.0
2007-09-06,9.72,9.79,9.69,9.72,9400.0,0.0,1.0,7.1126921584827,7.163915250159,7.0907394049072,7.1126921584827,9400.0
2007-09-07,9.73,9.73,9.55,9.72,13100.0,0.0,1.0,7.1200097430079,7.1200097430079,6.9882932215545,7.1126921584827,13100.0
2007-09-10,9.66,9.75,9.43,9.5,21100.0,0.0,1.0,7.0687866513316,7.1346449120583,6.9004822072523,6.9517052989286,21100.0
2007-09-11,9.29,9.46,8.83,8.87,43900.0,0.0,1.0,6.7980360238996,6.9224349608278,6.461427135741,6.4906974738417,43900.0
2007-09-12,8.8,9.31,8.76,8.83,37100.0,0.0,1.0,6.4394743821654,6.81267119295,6.4102040440647,6.461427135741,37100.0
2007-09-13,8.95,9.06,8.58,8.58,21200.0,0.0,1.0,6.5492381500433,6.6297315798203,6.2784875226113,6.2784875226113,21200.0
2007-09-14,9.49,9.5,8.13,8.32,108300.0,0.0,1.0,6.9443877144034,6.9517052989286,5.9491962189778,6.0882303249564,108300.0
2007-09-17,8.38,8.45,8.2101,8.29,20800.0,0.0,1.0,6.1321358321075,6.1833589237839,6.0078100710246,6.0662775713808,20800.0
2007-09-18,8.27,8.29,8.08,8.1,15700.0,0.0,1.0,6.0516424023305,6.0662775713808,5.9126082963519,5.9272434654023,15700.0
2007-09-19,8.2,8.34,7.96,8.12,34300.0,0.0,1.0,6.0004193106542,6.1028654940068,5.8247972820496,5.9418786344527,34300.0
2007-09-20,8.18,8.45,8.15,8.27,64200.0,0.0,1.0,5.9857841416038,6.1833589237839,5.9638313880282,6.0516424023305,64200.0
2007-09-21,8.3,8.49,7.9,7.99,27300.0,0.0,1.0,6.073595155906,6.2126292618846,5.7808917748985,5.8467500356252,27300.0
2007-09-24,8.08,8.11,6.73,7.27,97100.0,0.0,1.0,5.9126082963519,5.9345610499275,4.9247343854515,5.3198839498117,97100.0
2007-09-25,7.34,7.9,7.27,7.49,73200.0,0.0,1.0,5.371107041488,5.7808917748985,5.3198839498117,5.4808708093658,73200.0
2007-09-26,7.5499,7.79,7.26,7.65,72900.0,0.0,1.0,5.5247031406717,5.7003983451214,5.3125663652865,5.5979521617688,72900.0
2007-09-27,7.67,8.08,7.67,8.07,77900.0,0.0,1.0,5.6125873308192,5.9126082963519,5.6125873308192,5.9052907118267,77900.0
2007-09-28,8.1,8.2,7.93,8.17,43900.0,0.0,1.0,5.9272434654023,6.0004193106542,5.8028445284741,5.9784665570786,43900.0
2007-10-01,8.24,8.24,7.82,8.02,56200.0,0.0,1.0,6.0296896487549,6.0296896487549,5.722351098697,5.8687027892008,56200.0
2007-10-02,7.88,8.1,7.88,7.98,72400.0,0.0,1.0,5.7662566058481,5.9272434654023,5.7662566058481,5.8394324511,72400.0
2007-10-03,8.04,9.0,8.01,8.97,62800.0,0.0,1.0,5.8833379582511,6.5858260726692,5.8613852046756,6.5638733190936,62800.0
2007-10-04,9.14,9.7,9.07,9.67,80700.0,0.0,1.0,6.6882722560218,7.0980569894324,6.6370491643455,7.0761042358568,80700.0
2007-10-05,9.64,9.99,9.3,9.82,42000.0,0.0,1.0,7.0541514822812,7.3102669406628,6.8053536084248,7.1858680037346,42000.0
2007-10-08,9.54,9.97,9.54,9.79,17300.0,0.0,1.0,6.9809756370293,7.2956317716124,6.9809756370293,7.163915250159,17300.0
2007-10-09,9.86,10.35,9.86,10.33,26000.0,0.0,1.0,7.2151383418354,7.5736999835696,7.2151383418354,7.5590648145192,26000.0
2007-10-10,10.25,10.28,10.03,10.08,16900.0,0.0,1.0,7.5005241383177,7.5224768918933,7.3395372787636,7.3761252013895,16900.0
2007-10-11,10.04,10.22,10.03,10.06,9800.0,0.0,1.0,7.3468548632887,7.4785713847421,7.3395372787636,7.3614900323391,9800.0
2007-10-12,9.98,10.05,9.57,9.99,60300.0,0.0,1.0,7.3029493561376,7.3541724478139,7.0029283906049,7.3102669406628,60300.0
2007-10-15,10.09,10.42,10.08,10.18,18800.0,0.0,1.0,7.3834427859147,7.6249230752459,7.3761252013895,7.4493010466414,18800.0
2007-10-16,10.06,10.1,9.85,10.05,26600.0,0.0,1.0,7.3614900323391,7.3907603704399,7.2078207573102,7.3541724478139,26600.0
2007-10-17,10.17,10.29,10.0,10.05,21900.0,0.0,1.0,7.4419834621162,7.5297944764184,7.317584525188,7.3541724478139,21900.0
2007-10-18,10.065,10.065,9.84,9.84,23200.0,0.0,1.0,7.3651488246017,7.3651488246017,7.200503172785,7.200503172785,23200.0
2007-10-19,9.9,10.0,9.87,9.9,59100.0,0.0,1.0,7.2444086799361,7.317584525188,7.2224559263605,7.2444086799361,59100.0
2007-10-22,9.92,9.95,9.5,9.7,18700.0,0.0,1.0,7.2590438489865,7.2809966025621,6.9517052989286,7.0980569894324,18700.0
2007-10-23,9.5,9.83,9.5,9.77,15000.0,0.0,1.0,6.9517052989286,7.1931855882598,6.9517052989286,7.1492800811087,15000.0
2007-10-24,9.91,9.91,9.55,9.56,4100.0,0.0,1.0,7.2517262644613,7.2517262644613,6.9882932215545,6.9956108060797,4100.0
2007-10-25,9.5,10.0,9.42,9.48,9000.0,0.0,1.0,6.9517052989286,7.317584525188,6.8931646227271,6.9370701298782,9000.0
2007-10-26,9.69,9.7,9.11,9.11,10200.0,0.0,1.0,7.0907394049072,7.0980569894324,6.6663195024463,6.6663195024463,10200.0
2007-10-29,9.08,9.21,9.05,9.17,11300.0,0.0,1.0,6.6443667488707,6.7394953476981,6.6224139952951,6.7102250095974,11300.0
2007-10-30,9.2,9.2,9.01,9.06,5000.0,0.0,1.0,6.732177763173,6.732177763173,6.5931436571944,6.6297315798203,5000.0
2007-10-31,8.8,9.038,8.36,8.53,21600.0,0.0,1.0,6.4394743821654,6.6136328938649,6.1175006630572,6.2418995999854,21600.0
2007-11-01,8.27,8.58,8.27,8.41,17500.0,0.0,1.0,6.0516424023305,6.2784875226113,6.0516424023305,6.1540885856831,17500.0
2007-11-02,8.38,8.4,8.32,8.35,8500.0,0.0,1.0,6.1321358321075,6.1467710011579,6.0882303249564,6.110183078532,8500.0
2007-11-05,8.94,9.45,8.73,8.75,22800.0,0.0,1.0,6.5419205655181,6.9151173763027,6.3882512904891,6.4028864595395,22800.0
2007-11-06,9.62,9.65,9.08,9.15,23300.0,0.0,1.0,7.0395163132308,7.0614690668064,6.6443667488707,6.695589840547,23300.0
2007-11-07,9.11,9.56,8.71,8.72,65200.0,0.0,1.0,6.6663195024463,6.9956108060797,6.3736161214387,6.3809337059639,65200.0
2007-11-08,8.83,8.89,8.45,8.5,14600.0,0.0,1.0,6.461427135741,6.5053326428921,6.1833589237839,6.2199468464098,14600.0
2007-11-09,8.25,8.89,8.25,8.43,21200.0,0.0,1.0,6.0370072332801,6.5053326428921,6.0370072332801,6.1687237547335,21200.0
2007-11-12,8.29,8.91,8.29,8.78,11300.0,0.0,1.0,6.0662775713808,6.5199678119425,6.0662775713808,6.4248392131151,11300.0
2007-11-13,8.61,9.26,8.61,8.79,13700.0,0.0,1.0,6.3004402761869,6.7760832703241,6.3004402761869,6.4321567976402,13700.0
2007-11-14,8.8324,8.86,8.63,8.71,5900.0,0.0,1.0,6.463183356027,6.4833798893166,6.3150754452372,6.3736161214387,5900.0
2007-11-15,8.62,8.69,8.52,8.55,6000.0,0.0,1.0,6.307757860712,6.3589809523884,6.2345820154602,6.2565347690357,6000.0
2007-11-16,8.67,8.67,8.5,8.53,11300.0,0.0,1.0,6.344345783338,6.344345783338,6.2199468464098,6.2418995999854,11300.0
2007-11-19,8.61,8.685,7.95,7.95,23100.0,0.0,1.0,6.3004402761869,6.3553221601258,5.8174796975245,5.8174796975245,23100.0
2007-11-20,7.9,8.21,7.9,8.08,10800.0,0.0,1.0,5.7808917748985,6.0077368951793,5.7808917748985,5.9126082963519,10800.0
2007-11-21,8.2599,8.3,7.9,7.9,11600.0,0.0,1.0,6.04425164196,6.073595155906,5.7808917748985,5.7808917748985,11600.0
2007-11-23,8.0,8.0,7.85,7.96,5000.0,0.0,1.0,5.8540676201504,5.8540676201504,5.7443038522726,5.8247972820496,5000.0
2007-11-26,7.9,7.99,7.86,7.87,5800.0,0.0,1.0,5.7808917748985,5.8467500356252,5.7516214367978,5.758939021323,5800.0
2007-11-27,7.85,7.99,7.85,7.89,13300.0,0.0,1.0,5.7443038522726,5.8467500356252,5.7443038522726,5.7735741903733,13300.0
2007-11-28,8.0401,8.0401,7.75,7.85,39800.0,0.0,1.0,5.8834111340964,5.8834111340964,5.6711280070207,5.7443038522726,39800.0
2007-11-29,7.96,7.96,7.8,7.85,40700.0,0.0,1.0,5.8247972820496,5.8247972820496,5.7077159296466,5.7443038522726,40700.0
2007-11-30,7.92,8.51,7.9099,8.49,15900.0,0.0,1.0,5.7955269439489,6.227264430935,5.7881361835785,6.2126292618846,15900.0
2007-12-03,8.4,8.4,7.84,8.01,17100.0,0.0,1.0,6.1467710011579,6.1467710011579,5.7369862677474,5.8613852046756,17100.0
2007-12-04,7.98,8.1,7.93,7.96,15000.0,0.0,1.0,5.8394324511,5.9272434654023,5.8028445284741,5.8247972820496,15000.0
2007-12-05,7.95,8.13,7.94,7.97,12100.0,0.0,1.0,5.8174796975245,5.9491962189778,5.8101621129993,5.8321148665748,12100.0
2007-12-06,8.0001,8.05,7.98,7.99,19600.0,0.0,1.0,5.8541407959956,5.8906555427763,5.8394324511,5.8467500356252,19600.0
2007-12-07,7.99,8.12,7.99,8.03,27500.0,0.0,1.0,5.8467500356252,5.9418786344527,5.8467500356252,5.876020373726,27500.0
2007-12-10,7.95,8.16,7.95,8.12,22500.0,0.0,1.0,5.8174796975245,5.9711489725534,5.8174796975245,5.9418786344527,22500.0
2007-12-11,8.05,8.12,8.0,8.09,23900.0,0.0,1.0,5.8906555427763,5.9418786344527,5.8540676201504,5.9199258808771,23900.0
2007-12-12,8.09,8.09,7.75,7.83,20100.0,0.0,1.0,5.9199258808771,5.9199258808771,5.6711280070207,5.7296686832222,20100.0
2007-12-13,7.79,7.83,7.75,7.83,11500.0,0.0,1.0,5.7003983451214,5.7296686832222,5.6711280070207,5.7296686832222,11500.0
2007-12-14,7.81,7.85,7.52,7.57,17400.0,0.0,1.0,5.7150335141718,5.7443038522726,5.5028235629414,5.5394114855673,17400.0
2007-12-17,7.58,7.6,7.44,7.48,24300.0,0.0,1.0,5.5467290700925,5.5613642391429,5.4442828867399,5.4735532248406,24300.0
2007-12-18,7.3,7.5,7.3,7.4,43900.0,0.0,1.0,5.3418367033872,5.488188393891,5.3418367033872,5.4150125486391,43900.0
2007-12-19,7.33,7.5144,7.3,7.34,32100.0,0.0,1.0,5.3637894569628,5.4987257156073,5.3418367033872,5.371107041488,32100.0
2007-12-20,7.38,7.69,7.31,7.55,35900.0,0.0,1.0,5.4003773795887,5.6272224998696,5.3491542879124,5.5247763165169,35900.0
2007-12-21,7.45,7.64,7.25,7.64,27200.0,0.0,1.0,5.4516004712651,5.5906345772436,5.3052487807613,5.5906345772436,27200.0
2007-12-24,7.63,7.75,7.57,7.71,5900.0,0.0,1.0,5.5833169927184,5.6711280070207,5.5394114855673,5.6418576689199,5900.0
2007-12-26,7.63,7.8,7.55,7.8,36700.0,0.0,1.0,5.5833169927184,5.7077159296466,5.5247763165169,5.7077159296466,36700.0
2007-12-27,7.84,8.02,7.76,7.95,9700.0,0.0,1.0,5.7369862677474,5.8687027892008,5.6784455915459,5.8174796975245,9700.0
2007-12-28,7.88,8.35,7.6375,8.06,33200.0,0.0,1.0,5.7662566058481,6.110183078532,5.5888051811123,5.8979731273015,33200.0
2007-12-31,7.93,9.37,7.81,8.42,21900.0,0.0,1.0,5.8028445284741,6.8565767001011,5.7150335141718,6.1614061702083,21900.0
2008-01-02,8.43,8.43,7.6,7.6,23700.0,0.0,1.0,6.1687237547335,6.1687237547335,5.5613642391429,5.5613642391429,23700.0
2008-01-03,7.61,7.81,7.58,7.58,13200.0,0.0,1.0,5.5686818236681,5.7150335141718,5.5467290700925,5.5467290700925,13200.0
2008-01-04,7.69,7.94,7.302,7.44,12000.0,0.0,1.0,5.6272224998696,5.8101621129993,5.3433002202923,5.4442828867399,12000.0
2008-01-07,7.51,7.57,7.45,7.47,12300.0,0.0,1.0,5.4955059784162,5.5394114855673,5.4516004712651,5.4662356403154,12300.0
2008-01-08,7.62,7.64,7.39,7.4,4100.0,0.0,1.0,5.5759994081933,5.5906345772436,5.4076949641139,5.4150125486391,4100.0
2008-01-09,7.46,7.77,7.3,7.76,7200.0,0.0,1.0,5.4589180557902,5.6857631760711,5.3418367033872,5.6784455915459,7200.0
2008-01-10,7.72,7.78,7.71,7.72,6600.0,0.0,1.0,5.6491752534451,5.6930807605963,5.6418576689199,5.6491752534451,6600.0
2008-01-11,7.99,8.0,7.7,7.82,20400.0,0.0,1.0,5.8467500356252,5.8540676201504,5.6345400843948,5.722351098697,20400.0
2008-01-14,7.67,7.73,7.41,7.7,9000.0,0.0,1.0,5.6125873308192,5.6564928379703,5.4223301331643,5.6345400843948,9000.0
2008-01-15,7.61,7.61,7.57,7.57,1200.0,0.0,1.0,5.5686818236681,5.5686818236681,5.5394114855673,5.5394114855673,1200.0
2008-01-16,7.71,7.93,7.5301,7.67,25700.0,0.0,1.0,5.6418576689199,5.8028445284741,5.5102143233118,5.6125873308192,25700.0
2008-01-17,7.7,7.75,7.55,7.57,10900.0,0.0,1.0,5.6345400843948,5.6711280070207,5.5247763165169,5.5394114855673,10900.0
2008-01-18,7.41,8.4299,7.27,7.63,16100.0,0.0,1.0,5.4223301331643,6.1686505788882,5.3198839498117,5.5833169927184,16100.0
2008-01-22,7.7,7.72,7.4899,7.6,14300.0,0.0,1.0,5.6345400843948,5.6491752534451,5.4807976335206,5.5613642391429,14300.0
2008-01-23,7.55,7.55,7.17,7.17,20200.0,0.0,1.0,5.5247763165169,5.5247763165169,5.2467081045598,5.2467081045598,20200.0
2008-01-24,7.34,7.41,7.33,7.34,42600.0,0.0,1.0,5.371107041488,5.4223301331643,5.3637894569628,5.371107041488,42600.0
2008-01-25,6.72,7.03,6.72,6.96,67000.0,0.0,1.0,4.9174168009263,5.1442619212072,4.9174168009263,5.0930388295308,67000.0
2008-01-28,6.8,7.0,6.77,6.97,15300.0,0.0,1.0,4.9759574771278,5.1223091676316,4.9540047235523,5.100356414056,15300.0
2008-01-29,6.97,7.0,6.96,6.99,12200.0,0.0,1.0,5.100356414056,5.1223091676316,5.0930388295308,5.1149915831064,12200.0
2008-01-30,6.9,7.9,6.77,6.77,31800.0,0.0,1.0,5.0491333223797,5.7808917748985,4.9540047235523,4.9540047235523,31800.0
2008-01-31,6.75,7.0,6.75,7.0,29300.0,0.0,1.0,4.9393695545019,5.1223091676316,4.9393695545019,5.1223091676316,29300.0
2008-02-01,7.0,7.1,6.77,6.98,16400.0,0.0,1.0,5.1223091676316,5.1954850128835,4.9540047235523,5.1076739985812,16400.0
2008-02-04,6.92,7.58,6.75,6.79,50100.0,0.0,1.0,5.0637684914301,5.5467290700925,4.9393695545019,4.9686398926026,50100.0
2008-02-05,6.99,6.99,6.9,6.99,23800.0,0.0,1.0,5.1149915831064,5.1149915831064,5.0491333223797,5.1149915831064,23800.0
2008-02-06,6.92,7.0,6.92,6.99,13900.0,0.0,1.0,5.0637684914301,5.1223091676316,5.0637684914301,5.1149915831064,13900.0
2008-02-07,6.99,7.08,6.84,7.0,31800.0,0.0,1.0,5.1149915831064,5.1808498438331,5.0052278152286,5.1223091676316,31800.0
2008-02-08,7.27,7.27,6.89,6.95,35600.0,0.0,1.0,5.3198839498117,5.3198839498117,5.0418157378545,5.0857212450057,35600.0
2008-02-11,7.49,9.5,7.49,9.35,320400.0,0.0,1.0,5.4808708093658,6.9517052989286,5.4808708093658,6.8419415310508,320400.0
2008-02-12,9.11,9.79,9.0,9.22,103600.0,0.0,1.0,6.6663195024463,7.163915250159,6.5858260726692,6.7468129322233,103600.0
2008-02-13,9.37,9.6,9.17,9.3,73200.0,0.0,1.0,6.8565767001011,7.0248811441805,6.7102250095974,6.8053536084248,73200.0
2008-02-14,9.39,9.43,9.19,9.2,20600.0,0.0,1.0,6.8712118691515,6.9004822072523,6.7248601786478,6.732177763173,20600.0
2008-02-15,9.304,9.48,9.304,9.36,6500.0,0.0,1.0,6.8082806422349,6.9370701298782,6.8082806422349,6.849259115576,6500.0
2008-02-19,9.29,9.36,9.14,9.24,47700.0,0.0,1.0,6.7980360238996,6.849259115576,6.6882722560218,6.7614481012737,47700.0
2008-02-20,9.06,9.28,9.05,9.28,20700.0,0.0,1.0,6.6297315798203,6.7907184393745,6.6224139952951,6.7907184393745,20700.0
2008-02-21,9.21,9.3,9.203,9.27,22300.0,0.0,1.0,6.7394953476981,6.8053536084248,6.7343730385305,6.7834008548493,22300.0
2008-02-22,9.2708,9.4,9.26,9.35,8400.0,0.0,1.0,6.7839862616113,6.8785294536767,6.7760832703241,6.8419415310508,8400.0
2008-02-25,9.38,9.42,9.32,9.35,3000.0,0.0,1.0,6.8638942846263,6.8931646227271,6.8199887774752,6.8419415310508,3000.0
2008-02-26,9.32,9.33,9.15,9.29,10700.0,0.0,1.0,6.8199887774752,6.8273063620004,6.695589840547,6.7980360238996,10700.0
2008-02-27,9.32,9.33,9.19,9.22,21900.0,0.0,1.0,6.8199887774752,6.8273063620004,6.7248601786478,6.7468129322233,21900.0
2008-02-28,9.24,9.8,9.1901,9.38,33000.0,0.0,1.0,6.7614481012737,7.1712328346842,6.724933354493,6.8638942846263,33000.0
2008-02-29,9.34,9.35,9.25,9.33,5100.0,0.0,1.0,6.8346239465256,6.8419415310508,6.7687656857989,6.8273063620004,5100.0
2008-03-03,9.25,9.34,8.9,9.19,28400.0,0.0,1.0,6.7687656857989,6.8346239465256,6.5126502274173,6.7248601786478,28400.0
2008-03-04,9.17,9.3,9.17,9.26,16000.0,0.0,1.0,6.7102250095974,6.8053536084248,6.7102250095974,6.7760832703241,16000.0
2008-03-05,9.25,9.37,9.16,9.25,15500.0,0.0,1.0,6.7687656857989,6.8565767001011,6.7029074250722,6.7687656857989,15500.0
2008-03-06,9.25,9.3,9.05,9.3,23100.0,0.0,1.0,6.7687656857989,6.8053536084248,6.6224139952951,6.8053536084248,23100.0
2008-03-07,9.02,9.3,9.02,9.22,8600.0,0.0,1.0,6.6004612417196,6.8053536084248,6.6004612417196,6.7468129322233,8600.0
2008-03-10,9.3,9.3,9.19,9.26,8800.0,0.0,1.0,6.8053536084248,6.8053536084248,6.7248601786478,6.7760832703241,8800.0
2008-03-11,9.44,9.44,9.18,9.29,10700.0,0.0,1.0,6.9077997917775,6.9077997917775,6.7175425941226,6.7980360238996,10700.0
2008-03-12,9.58,9.66,9.08,9.27,28600.0,0.0,1.0,7.0102459751301,7.0687866513316,6.6443667488707,6.7834008548493,28600.0
2008-03-13,9.3,9.3,8.99,9.11,25000.0,0.0,1.0,6.8053536084248,6.8053536084248,6.578508488144,6.6663195024463,25000.0
2008-03-14,9.26,9.3,8.75,8.91,30100.0,0.0,1.0,6.7760832703241,6.8053536084248,6.4028864595395,6.5199678119425,30100.0
2008-03-17,8.91,9.1,8.91,8.92,14000.0,0.0,1.0,6.5199678119425,6.6590019179211,6.5199678119425,6.5272853964677,14000.0
2008-03-18,8.84,9.05,8.81,9.0,15100.0,0.0,1.0,6.4687447202662,6.6224139952951,6.4467919666906,6.5858260726692,15100.0
2008-03-19,8.83,9.11,8.68,9.0,11200.0,0.0,1.0,6.461427135741,6.6663195024463,6.3516633678632,6.5858260726692,11200.0
2008-03-20,8.95,9.0,8.58,8.58,8700.0,0.0,1.0,6.5492381500433,6.5858260726692,6.2784875226113,6.2784875226113,8700.0
2008-03-24,8.56,9.08,8.56,8.98,24000.0,0.0,1.0,6.2638523535609,6.6443667488707,6.2638523535609,6.5711909036188,24000.0
2008-03-25,9.06,9.15,8.9,9.15,43300.0,0.0,1.0,6.6297315798203,6.695589840547,6.5126502274173,6.695589840547,43300.0
2008-03-26,9.11,9.11,8.92,8.94,5400.0,0.0,1.0,6.6663195024463,6.6663195024463,6.5272853964677,6.5419205655181,5400.0
2008-03-27,8.94,9.0,8.6,8.61,14800.0,0.0,1.0,6.5419205655181,6.5858260726692,6.2931226916617,6.3004402761869,14800.0
2008-03-28,8.65,8.88,8.65,8.85,2600.0,0.0,1.0,6.3297106142876,6.4980150583669,6.3297106142876,6.4760623047914,2600.0
2008-03-31,8.75,9.07,8.75,8.91,28400.0,0.0,1.0,6.4028864595395,6.6370491643455,6.4028864595395,6.5199678119425,28400.0
2008-04-01,9.21,9.49,9.04,9.04,15200.0,0.0,1.0,6.7394953476981,6.9443877144034,6.6150964107699,6.6150964107699,15200.0
2008-04-02,9.28,9.48,9.07,9.1,19200.0,0.0,1.0,6.7907184393745,6.9370701298782,6.6370491643455,6.6590019179211,19200.0
2008-04-03,9.31,9.39,9.16,9.25,11800.0,0.0,1.0,6.81267119295,6.8712118691515,6.7029074250722,6.7687656857989,11800.0
2008-04-04,9.2,9.43,9.15,9.26,10500.0,0.0,1.0,6.732177763173,6.9004822072523,6.695589840547,6.7760832703241,10500.0
2008-04-07,9.285,9.41,9.05,9.24,26900.0,0.0,1.0,6.7943772316371,6.8858470382019,6.6224139952951,6.7614481012737,26900.0
2008-04-08,9.07,9.23,9.0,9.19,29600.0,0.0,1.0,6.6370491643455,6.7541305167485,6.5858260726692,6.7248601786478,29600.0
2008-04-09,9.09,9.2,9.09,9.15,9800.0,0.0,1.0,6.6516843333959,6.732177763173,6.6516843333959,6.695589840547,9800.0
2008-04-10,9.01,9.15,9.01,9.15,7100.0,0.0,1.0,6.5931436571944,6.695589840547,6.5931436571944,6.695589840547,7100.0
2008-04-11,9.07,9.08,8.95,9.03,14700.0,0.0,1.0,6.6370491643455,6.6443667488707,6.5492381500433,6.6077788262448,14700.0
2008-04-14,9.02,9.22,9.02,9.19,18100.0,0.0,1.0,6.6004612417196,6.7468129322233,6.6004612417196,6.7248601786478,18100.0
2008-04-15,9.08,9.28,9.05,9.28,15600.0,0.0,1.0,6.6443667488707,6.7907184393745,6.6224139952951,6.7907184393745,15600.0
2008-04-16,9.21,9.54,9.21,9.47,13800.0,0.0,1.0,6.7394953476981,6.9809756370293,6.7394953476981,6.929752545353,13800.0
2008-04-17,9.4,9.51,9.33,9.46,14600.0,0.0,1.0,6.8785294536767,6.9590228834538,6.8273063620004,6.9224349608278,14600.0
2008-04-18,9.37,9.82,9.34,9.67,14300.0,0.0,1.0,6.8565767001011,7.1858680037346,6.8346239465256,7.0761042358568,14300.0
2008-04-21,9.72,10.25,9.72,10.25,17000.0,0.0,1.0,7.1126921584827,7.5005241383177,7.1126921584827,7.5005241383177,17000.0
2008-04-22,10.04,10.24,9.619,10.03,14400.0,0.0,1.0,7.3468548632887,7.4932065537925,7.0387845547783,7.3395372787636,14400.0
2008-04-23,9.97,10.285,9.9,10.24,7800.0,0.0,1.0,7.2956317716124,7.5261356841559,7.2444086799361,7.4932065537925,7800.0
2008-04-24,10.2,10.27,10.1572,10.23,3100.0,0.0,1.0,7.4639362156918,7.5151593073681,7.4326169539239,7.4858889692673,3100.0
2008-04-25,10.21,10.23,10.16,10.21,18500.0,0.0,1.0,7.4712538002169,7.4858889692673,7.434665877591,7.4712538002169,18500.0
2008-04-28,10.34,11.4,10.33,11.38,24600.0,0.0,1.0,7.5663823990444,8.3420463587143,7.5590648145192,8.3274111896639,24600.0
2008-04-29,11.34,11.35,11.26,11.35,10400.0,0.0,1.0,8.2981408515632,8.3054584360884,8.2396001753617,8.3054584360884,10400.0
2008-04-30,11.23,11.34,10.25,10.73,10300.0,0.0,1.0,8.2176474217861,8.2981408515632,7.5005241383177,7.8517681955267,10300.0
2008-05-01,10.7,11.0,10.7,10.99,44100.0,0.0,1.0,7.8298154419512,8.0493429777068,7.8298154419512,8.0420253931816,44100.0
2008-05-02,11.21,11.21,10.41,10.74,20600.0,0.0,1.0,8.2030122527357,8.2030122527357,7.6176054907207,7.8590857800519,20600.0
2008-05-05,10.74,10.89,9.32,9.74,56600.0,0.0,1.0,7.8590857800519,7.9688495479297,6.8199887774752,7.1273273275331,56600.0
2008-05-06,9.62,10.45,9.62,10.31,27100.0,0.0,1.0,7.0395163132308,7.6468758288215,7.0395163132308,7.5444296454688,27100.0
2008-05-07,10.3,10.94,10.29,10.49,16500.0,0.0,1.0,7.5371120609436,8.0054374705557,7.5297944764184,7.6761461669222,16500.0
2008-05-08,10.49,10.49,10.3,10.49,5100.0,0.0,1.0,7.6761461669222,7.6761461669222,7.5371120609436,7.6761461669222,5100.0
2008-05-09,10.17,10.27,10.05,10.21,6800.0,0.0,1.0,7.4419834621162,7.5151593073681,7.3541724478139,7.4712538002169,6800.0
2008-05-12,10.21,10.33,10.0,10.28,7700.0,0.0,1.0,7.4712538002169,7.5590648145192,7.317584525188,7.5224768918933,7700.0
2008-05-13,10.34,10.44,10.02,10.24,7700.0,0.0,1.0,7.5663823990444,7.6395582442963,7.3322196942384,7.4932065537925,7700.0
2008-05-14,10.29,10.36,10.0,10.3,18800.0,0.0,1.0,7.5297944764184,7.5810175680948,7.317584525188,7.5371120609436,18800.0
2008-05-15,10.08,10.33,9.75,10.12,11000.0,0.0,1.0,7.3761252013895,7.5590648145192,7.1346449120583,7.4053955394902,11000.0
2008-05-16,10.0,10.1,9.47,9.78,9500.0,0.0,1.0,7.317584525188,7.3907603704399,6.929752545353,7.1565976656339,9500.0
2008-05-19,9.82,10.1,9.82,9.95,11900.0,0.0,1.0,7.1858680037346,7.3907603704399,7.1858680037346,7.2809966025621,11900.0
2008-05-20,9.9,9.99,9.73,9.966,6100.0,0.0,1.0,7.2444086799361,7.3102669406628,7.1200097430079,7.2927047378024,6100.0
2008-05-21,9.93,10.01,9.77,9.77,4900.0,0.0,1.0,7.2663614335117,7.3249021097132,7.1492800811087,7.1492800811087,4900.0
2008-05-22,9.94,10.138,9.75,9.75,2100.0,0.0,1.0,7.2736790180369,7.4185671916356,7.1346449120583,7.1346449120583,2100.0
2008-05-23,9.5,9.66,8.02,9.08,102100.0,0.0,1.0,6.9517052989286,7.0687866513316,5.8687027892008,6.6443667488707,102100.0
2008-05-27,9.0,9.0,8.17,8.46,39800.0,0.0,1.0,6.5858260726692,6.5858260726692,5.9784665570786,6.190676508309,39800.0
2008-05-28,8.39,8.85,8.39,8.56,15800.0,0.0,1.0,6.1394534166327,6.4760623047914,6.1394534166327,6.2638523535609,15800.0
2008-05-29,8.8,8.97,8.75,8.97,6200.0,0.0,1.0,6.4394743821654,6.5638733190936,6.4028864595395,6.5638733190936,6200.0
2008-05-30,8.76,9.28,8.5,9.28,15100.0,0.0,1.0,6.4102040440647,6.7907184393745,6.2199468464098,6.7907184393745,15100.0
2008-06-02,9.19,9.25,8.57,9.15,18100.0,0.0,1.0,6.7248601786478,6.7687656857989,6.2711699380861,6.695589840547,18100.0
2008-06-03,9.33,9.5,9.1001,9.46,10000.0,0.0,1.0,6.8273063620004,6.9517052989286,6.6590750937663,6.9224349608278,10000.0
2008-06-04,9.4,9.7,9.33,9.53,4700.0,0.0,1.0,6.8785294536767,7.0980569894324,6.8273063620004,6.9736580525042,4700.0
2008-06-05,9.26,9.5,9.23,9.5,6300.0,0.0,1.0,6.7760832703241,6.9517052989286,6.7541305167485,6.9517052989286,6300.0
2008-06-06,9.55,9.55,9.07,9.08,5800.0,0.0,1.0,6.9882932215545,6.9882932215545,6.6370491643455,6.6443667488707,5800.0
2008-06-09,9.19,9.21,8.87,9.05,3400.0,0.0,1.0,6.7248601786478,6.7394953476981,6.4906974738417,6.6224139952951,3400.0
2008-06-10,8.92,9.14,8.76,8.84,12300.0,0.0,1.0,6.5272853964677,6.6882722560218,6.4102040440647,6.4687447202662,12300.0
2008-06-11,8.78,8.97,8.46,8.91,6800.0,0.0,1.0,6.4248392131151,6.5638733190936,6.190676508309,6.5199678119425,6800.0
2008-06-12,8.81,9.24,8.8,9.21,4800.0,0.0,1.0,6.4467919666906,6.7614481012737,6.4394743821654,6.7394953476981,4800.0
2008-06-13,9.14,9.19,8.54,9.19,4400.0,0.0,1.0,6.6882722560218,6.7248601786478,6.2492171845105,6.7248601786478,4400.0
2008-06-16,9.06,9.18,9.06,9.18,900.0,0.0,1.0,6.6297315798203,6.7175425941226,6.6297315798203,6.7175425941226,900.0
2008-06-17,9.1,9.14,8.32,8.91,5300.0,0.0,1.0,6.6590019179211,6.6882722560218,6.0882303249564,6.5199678119425,5300.0
2008-06-18,9.05,9.09,8.4,8.9,4200.0,0.0,1.0,6.6224139952951,6.6516843333959,6.1467710011579,6.5126502274173,4200.0
2008-06-19,8.78,9.17,8.41,9.01,5100.0,0.0,1.0,6.4248392131151,6.7102250095974,6.1540885856831,6.5931436571944,5100.0
2008-06-20,9.01,9.09,8.76,8.76,4700.0,0.0,1.0,6.5931436571944,6.6516843333959,6.4102040440647,6.4102040440647,4700.0
2008-06-23,8.89,8.94,8.57,8.71,4900.0,0.0,1.0,6.5053326428921,6.5419205655181,6.2711699380861,6.3736161214387,4900.0
2008-06-24,8.75,8.77,8.51,8.67,2400.0,0.0,1.0,6.4028864595395,6.4175216285899,6.227264430935,6.344345783338,2400.0
2008-06-25,8.8,8.9,8.77,8.87,2100.0,0.0,1.0,6.4394743821654,6.5126502274173,6.4175216285899,6.4906974738417,2100.0
2008-06-26,8.58,8.84,8.5799,8.73,2000.0,0.0,1.0,6.2784875226113,6.4687447202662,6.278414346766,6.3882512904891,2000.0
2008-06-27,8.67,8.83,8.66,8.75,5600.0,0.0,1.0,6.344345783338,6.461427135741,6.3370281988128,6.4028864595395,5600.0
2008-06-30,8.75,8.75,8.75,8.75,0.0,0.0,1.0,6.4028864595395,6.4028864595395,6.4028864595395,6.4028864595395,0.0
2008-07-01,8.68,8.95,8.65,8.88,4800.0,0.0,1.0,6.3516633678632,6.5492381500433,6.3297106142876,6.4980150583669,4800.0
2008-07-02,8.92,8.95,8.83,8.94,3000.0,0.0,1.0,6.5272853964677,6.5492381500433,6.461427135741,6.5419205655181,3000.0
2008-07-03,9.02,9.04,8.8201,8.9,500.0,0.0,1.0,6.6004612417196,6.6150964107699,6.4541827270611,6.5126502274173,500.0
2008-07-07,8.8,9.22,8.8,9.09,4800.0,0.0,1.0,6.4394743821654,6.7468129322233,6.4394743821654,6.6516843333959,4800.0
2008-07-08,9.07,9.14,9.04,9.12,5000.0,0.0,1.0,6.6370491643455,6.6882722560218,6.6150964107699,6.6736370869714,5000.0
2008-07-09,9.11,9.14,8.86,9.13,3900.0,0.0,1.0,6.6663195024463,6.6882722560218,6.4833798893166,6.6809546714966,3900.0
2008-07-10,9.1,9.14,8.91,9.04,12400.0,0.0,1.0,6.6590019179211,6.6882722560218,6.5199678119425,6.6150964107699,12400.0
2008-07-11,9.12,9.14,9.05,9.08,4400.0,0.0,1.0,6.6736370869714,6.6882722560218,6.6224139952951,6.6443667488707,4400.0
2008-07-14,9.12,9.14,8.76,9.05,10800.0,0.0,1.0,6.6736370869714,6.6882722560218,6.4102040440647,6.6224139952951,10800.0
2008-07-15,9.03,9.04,9.0299,9.03,6200.0,0.0,1.0,6.6077788262448,6.6150964107699,6.6077056503995,6.6077788262448,6200.0
2008-07-16,8.92,9.03,8.91,9.01,6900.0,0.0,1.0,6.5272853964677,6.6077788262448,6.5199678119425,6.5931436571944,6900.0
2008-07-17,8.93,9.01,8.914,9.0,4600.0,0.0,1.0,6.5346029809929,6.5931436571944,6.5228948457526,6.5858260726692,4600.0
2008-07-18,8.95,9.0,8.91,8.96,1500.0,0.0,1.0,6.5492381500433,6.5858260726692,6.5199678119425,6.5565557345684,1500.0
2008-07-21,8.96,9.0299,8.82,8.8201,3600.0,0.0,1.0,6.5565557345684,6.6077056503995,6.4541095512158,6.4541827270611,3600.0
2008-07-22,8.7,8.91,8.57,8.82,3500.0,0.0,1.0,6.3662985369136,6.5199678119425,6.2711699380861,6.4541095512158,3500.0
2008-07-23,8.68,9.04,7.54,8.29,22200.0,0.0,1.0,6.3516633678632,6.6150964107699,5.5174587319917,6.0662775713808,22200.0
2008-07-24,8.02,8.5,7.55,7.87,37800.0,0.0,1.0,5.8687027892008,6.2199468464098,5.5247763165169,5.758939021323,37800.0
2008-07-25,7.86,8.45,7.51,7.51,9600.0,0.0,1.0,5.7516214367978,6.1833589237839,5.4955059784162,5.4955059784162,9600.0
2008-07-28,7.62,8.03,7.56,7.63,8400.0,0.0,1.0,5.5759994081933,5.876020373726,5.5320939010421,5.5833169927184,8400.0
2008-07-29,7.51,8.6599,7.51,8.11,23200.0,0.0,1.0,5.4955059784162,6.3369550229676,5.4955059784162,5.9345610499275,23200.0
2008-07-30,8.27,8.39,8.01,8.01,2200.0,0.0,1.0,6.0516424023305,6.1394534166327,5.8613852046756,5.8613852046756,2200.0
2008-07-31,8.43,8.58,8.1,8.55,8200.0,0.0,1.0,6.1687237547335,6.2784875226113,5.9272434654023,6.2565347690357,8200.0
2008-08-01,8.5699,8.5699,8.5699,8.5699,200.0,0.0,1.0,6.2710967622409,6.2710967622409,6.2710967622409,6.2710967622409,200.0
2008-08-04,8.52,8.55,7.94,8.46,16900.0,0.0,1.0,6.2345820154602,6.2565347690357,5.8101621129993,6.190676508309,16900.0
2008-08-05,8.6,8.6,7.98,8.58,4700.0,0.0,1.0,6.2931226916617,6.2931226916617,5.8394324511,6.2784875226113,4700.0
2008-08-06,8.53,8.69,8.5199,8.69,4100.0,0.0,1.0,6.2418995999854,6.3589809523884,6.2345088396149,6.3589809523884,4100.0
2008-08-07,8.76,8.8199,8.69,8.71,1900.0,0.0,1.0,6.4102040440647,6.4540363753706,6.3589809523884,6.3736161214387,1900.0
2008-08-08,8.69,8.88,8.37,8.86,6100.0,0.0,1.0,6.3589809523884,6.4980150583669,6.1248182475823,6.4833798893166,6100.0
2008-08-11,8.8,8.8301,8.72,8.7499,2800.0,0.0,1.0,6.4394743821654,6.4615003115863,6.3809337059639,6.4028132836942,2800.0
2008-08-12,8.72,8.7699,8.57,8.72,1400.0,0.0,1.0,6.3809337059639,6.4174484527446,6.2711699380861,6.3809337059639,1400.0
2008-08-13,8.71,8.71,8.41,8.7,13300.0,0.0,1.0,6.3736161214387,6.3736161214387,6.1540885856831,6.3662985369136,13300.0
2008-08-14,8.67,8.7,8.642,8.65,1900.0,0.0,1.0,6.344345783338,6.3662985369136,6.3238565466675,6.3297106142876,1900.0
2008-08-15,8.51,8.79,8.3,8.7,12200.0,0.0,1.0,6.227264430935,6.4321567976402,6.073595155906,6.3662985369136,12200.0
2008-08-18,8.7,8.7,8.39,8.62,4600.0,0.0,1.0,6.3662985369136,6.3662985369136,6.1394534166327,6.307757860712,4600.0
2008-08-19,8.68,8.82,8.68,8.75,19200.0,0.0,1.0,6.3516633678632,6.4541095512158,6.3516633678632,6.4028864595395,19200.0
2008-08-20,8.79,8.93,8.79,8.88,8200.0,0.0,1.0,6.4321567976402,6.5346029809929,6.4321567976402,6.4980150583669,8200.0
2008-08-21,8.21,8.9099,8.21,8.85,3600.0,0.0,1.0,6.0077368951793,6.5198946360973,6.0077368951793,6.4760623047914,3600.0
2008-08-22,8.89,8.99,8.52,8.88,8700.0,0.0,1.0,6.5053326428921,6.578508488144,6.2345820154602,6.4980150583669,8700.0
2008-08-25,8.46,8.98,8.35,8.94,9100.0,0.0,1.0,6.190676508309,6.5711909036188,6.110183078532,6.5419205655181,9100.0
2008-08-26,9.13,9.13,8.9,9.13,9300.0,0.0,1.0,6.6809546714966,6.6809546714966,6.5126502274173,6.6809546714966,9300.0
2008-08-27,9.1299,9.14,9.068,9.13,5500.0,0.0,1.0,6.6808814956514,6.6882722560218,6.6355856474405,6.6809546714966,5500.0
2008-08-28,9.14,9.14,9.12,9.14,2700.0,0.0,1.0,6.6882722560218,6.6882722560218,6.6736370869714,6.6882722560218,2700.0
2008-08-29,9.15,10.75,9.15,9.63,42600.0,0.0,1.0,6.695589840547,7.8664033645771,6.695589840547,7.046833897756,42600.0
2008-09-02,9.0,9.9,9.0,9.86,37900.0,0.0,1.0,6.5858260726692,7.2444086799361,6.5858260726692,7.2151383418354,37900.0
2008-09-03,9.9,10.06,9.9,9.94,24000.0,0.0,1.0,7.2444086799361,7.3614900323391,7.2444086799361,7.2736790180369,24000.0
2008-09-04,9.9,9.94,9.67,9.89,18600.0,0.0,1.0,7.2444086799361,7.2736790180369,7.0761042358568,7.2370910954109,18600.0
2008-09-05,9.9,9.9,9.12,9.84,22900.0,0.0,1.0,7.2444086799361,7.2444086799361,6.6736370869714,7.200503172785,22900.0
2008-09-08,9.31,9.8599,9.31,9.79,16400.0,0.0,1.0,6.81267119295,7.2150651659901,6.81267119295,7.163915250159,16400.0
2008-09-09,9.55,9.84,9.55,9.77,13500.0,0.0,1.0,6.9882932215545,7.200503172785,6.9882932215545,7.1492800811087,13500.0
2008-09-10,9.75,9.84,9.605,9.84,14200.0,0.0,1.0,7.1346449120583,7.200503172785,7.0285399364431,7.200503172785,14200.0
2008-09-11,9.85,9.85,9.31,9.84,26600.0,0.0,1.0,7.2078207573102,7.2078207573102,6.81267119295,7.200503172785,26600.0
2008-09-12,9.66,9.84,9.66,9.76,11400.0,0.0,1.0,7.0687866513316,7.200503172785,7.0687866513316,7.1419624965835,11400.0
2008-09-15,9.8,9.8,9.42,9.75,6700.0,0.0,1.0,7.1712328346842,7.1712328346842,6.8931646227271,7.1346449120583,6700.0
2008-09-16,9.55,9.6399,9.29,9.56,22600.0,0.0,1.0,6.9882932215545,7.054078306436,6.7980360238996,6.9956108060797,22600.0
2008-09-17,8.05,9.106,8.05,9.1,19200.0,0.0,1.0,5.8906555427763,6.6633924686362,5.8906555427763,6.6590019179211,19200.0
2008-09-18,9.02,9.3,8.1,8.2701,21900.0,0.0,1.0,6.6004612417196,6.8053536084248,5.9272434654023,6.0517155781757,21900.0
2008-09-19,8.97,9.0,8.49,8.6,6200.0,0.0,1.0,6.5638733190936,6.5858260726692,6.2126292618846,6.2931226916617,6200.0
2008-09-22,8.22,8.49,8.07,8.43,7500.0,0.0,1.0,6.0150544797045,6.2126292618846,5.9052907118267,6.1687237547335,7500.0
2008-09-23,8.2,8.4,8.0501,8.37,4500.0,0.0,1.0,6.0004193106542,6.1467710011579,5.8907287186216,6.1248182475823,4500.0
2008-09-24,8.42,8.47,8.09,8.38,4400.0,0.0,1.0,6.1614061702083,6.1979940928342,5.9199258808771,6.1321358321075,4400.0
2008-09-25,8.47,8.79,8.44,8.6,19900.0,0.0,1.0,6.1979940928342,6.4321567976402,6.1760413392587,6.2931226916617,19900.0
2008-09-26,8.85,8.87,8.5,8.64,8900.0,0.0,1.0,6.4760623047914,6.4906974738417,6.2199468464098,6.3223930297624,8900.0
2008-09-29,8.38,8.75,8.38,8.5,2400.0,0.0,1.0,6.1321358321075,6.4028864595395,6.1321358321075,6.2199468464098,2400.0
2008-09-30,8.16,8.7,8.0,8.516,23800.0,0.0,1.0,5.9711489725534,6.3662985369136,5.8540676201504,6.2316549816501,23800.0
2008-10-01,8.5,8.55,8.01,8.5,4700.0,0.0,1.0,6.2199468464098,6.2565347690357,5.8613852046756,6.2199468464098,4700.0
2008-10-02,8.69,8.69,8.37,8.64,400.0,0.0,1.0,6.3589809523884,6.3589809523884,6.1248182475823,6.3223930297624,400.0
2008-10-03,8.24,8.31,8.24,8.31,500.0,0.0,1.0,6.0296896487549,6.0809127404312,6.0296896487549,6.0809127404312,500.0
2008-10-06,8.19,8.2,7.85,8.0,12400.0,0.0,1.0,5.993101726129,6.0004193106542,5.7443038522726,5.8540676201504,12400.0
2008-10-07,8.15,8.15,7.66,7.86,5100.0,0.0,1.0,5.9638313880282,5.9638313880282,5.605269746294,5.7516214367978,5100.0
2008-10-08,7.78,7.78,7.25,7.25,16200.0,0.0,1.0,5.6930807605963,5.6930807605963,5.3052487807613,5.3052487807613,16200.0
2008-10-09,7.25,7.25,6.26,6.28,9400.0,0.0,1.0,5.3052487807613,5.3052487807613,4.5808079127677,4.5954430818181,9400.0
2008-10-10,6.04,6.21,5.34,6.21,41700.0,0.0,1.0,4.4198210532135,4.5442199901417,3.9075901364504,4.5442199901417,41700.0
2008-10-13,6.21,6.9,6.21,6.75,5400.0,0.0,1.0,4.5442199901417,5.0491333223797,4.5442199901417,4.9393695545019,5400.0
2008-10-14,6.99,8.35,6.99,7.96,10800.0,0.0,1.0,5.1149915831064,6.110183078532,5.1149915831064,5.8247972820496,10800.0
2008-10-15,7.99,8.15,6.81,7.84,11300.0,0.0,1.0,5.8467500356252,5.9638313880282,4.983275061653,5.7369862677474,11300.0
2008-10-16,7.8,7.81,7.57,7.72,13200.0,0.0,1.0,5.7077159296466,5.7150335141718,5.5394114855673,5.6491752534451,13200.0
2008-10-17,7.75,7.9,7.74,7.9,8900.0,0.0,1.0,5.6711280070207,5.7808917748985,5.6638104224955,5.7808917748985,8900.0
2008-10-20,7.73,7.75,6.875,7.75,1800.0,0.0,1.0,5.6564928379703,5.6711280070207,5.0308393610667,5.6711280070207,1800.0
2008-10-21,7.56,7.7,7.56,7.7,6400.0,0.0,1.0,5.5320939010421,5.6345400843948,5.5320939010421,5.6345400843948,6400.0
2008-10-22,7.11,7.188,7.07,7.12,5300.0,0.0,1.0,5.2028025974087,5.2598797567051,5.1735322593079,5.2101201819339,5300.0
2008-10-23,7.0,7.0,6.7301,6.8,9300.0,0.0,1.0,5.1223091676316,5.1223091676316,4.9248075612968,4.9759574771278,9300.0
2008-10-24,6.7,6.7,6.01,6.46,8000.0,0.0,1.0,4.902781631876,4.902781631876,4.397868299638,4.7271596032714,8000.0
2008-10-27,6.21,6.27,6.13,6.27,6900.0,0.0,1.0,4.5442199901417,4.5881254972929,4.4856793139402,4.5881254972929,6900.0
2008-10-28,6.45,6.49,6.3305,6.34,4900.0,0.0,1.0,4.7198420187463,4.749112356847,4.6323968836703,4.6393485889692,4900.0
2008-10-29,6.5328,6.61,6.41,6.6,32800.0,0.0,1.0,4.7804316186148,4.8369233711493,4.6905716806455,4.8296057866241,32800.0
2008-10-30,7.01,7.06,6.81,7.05,20200.0,0.0,1.0,5.1296267521568,5.1662146747827,4.983275061653,5.1588970902575,20200.0
2008-10-31,7.398,7.398,6.96,7.21,6100.0,0.0,1.0,5.4135490317341,5.4135490317341,5.0930388295308,5.2759784426605,6100.0
2008-11-03,6.94,7.21,5.0,7.21,12700.0,0.0,1.0,5.0784036604805,5.2759784426605,3.658792262594,5.2759784426605,12700.0
2008-11-04,7.29,7.65,7.29,7.57,20300.0,0.0,1.0,5.334519118862,5.5979521617688,5.334519118862,5.5394114855673,20300.0
2008-11-05,7.31,7.63,6.86,7.63,55300.0,0.0,1.0,5.3491542879124,5.5833169927184,5.019862984279,5.5833169927184,55300.0
2008-11-06,7.39,7.41,7.01,7.2,9300.0,0.0,1.0,5.4076949641139,5.4223301331643,5.1296267521568,5.2686608581354,9300.0
2008-11-07,7.21,7.57,7.02,7.15,31800.0,0.0,1.0,5.2759784426605,5.5394114855673,5.136944336682,5.2320729355094,31800.0
2008-11-10,7.0,7.0,6.51,6.85,6400.0,0.0,1.0,5.1223091676316,5.1223091676316,4.7637475258974,5.0125453997538,6400.0
2008-11-11,6.51,7.0,6.5,6.96,15000.0,0.0,1.0,4.7637475258974,5.1223091676316,4.7564299413722,5.0930388295308,15000.0
2008-11-12,6.93,6.96,6.13,6.61,38300.0,0.0,1.0,5.0710860759553,5.0930388295308,4.4856793139402,4.8369233711493,38300.0
2008-11-13,6.5,6.55,5.96,6.4,27400.0,0.0,1.0,4.7564299413722,4.7930178639981,4.361280377012,4.6832540961203,27400.0
2008-11-14,6.4,6.96,6.02,6.96,13000.0,0.0,1.0,4.6832540961203,5.0930388295308,4.4051858841632,5.0930388295308,13000.0
2008-11-17,6.98,6.98,6.45,6.86,19000.0,0.0,1.0,5.1076739985812,5.1076739985812,4.7198420187463,5.019862984279,19000.0
2008-11-18,6.56,7.03,6.56,7.03,13300.0,0.0,1.0,4.8003354485233,5.1442619212072,4.8003354485233,5.1442619212072,13300.0
2008-11-19,6.92,6.92,6.3,6.3,9900.0,0.0,1.0,5.0637684914301,5.0637684914301,4.6100782508684,4.6100782508684,9900.0
2008-11-20,6.31,6.31,5.94,5.94,17800.0,0.0,1.0,4.6173958353936,4.6173958353936,4.3466452079617,4.3466452079617,17800.0
2008-11-21,6.08,6.08,5.53,5.74,28800.0,0.0,1.0,4.4490913913143,4.4490913913143,4.046624242429,4.2002935174579,28800.0
2008-11-24,5.5,6.0,5.2,5.61,40100.0,0.0,1.0,4.0246714888534,4.3905507151128,3.8051439530978,4.1051649186305,40100.0
2008-11-25,5.59,5.85,5.27,5.55,24400.0,0.0,1.0,4.0905297495801,4.280786947235,3.8563670447741,4.0612594114793,24400.0
2008-11-26,5.47,5.47,5.29,5.4,19200.0,0.0,1.0,4.0027187352778,4.0027187352778,3.8710022138244,3.9514956436015,19200.0
2008-11-28,5.8,5.8,5.47,5.6,14100.0,0.0,1.0,4.244199024609,4.244199024609,4.0027187352778,4.0978473341053,14100.0
2008-12-01,5.6,5.7,5.39,5.51,22400.0,0.0,1.0,4.0978473341053,4.1710231793572,3.9441780590763,4.0319890733786,22400.0
2008-12-02,5.6,5.69,5.51,5.55,14000.0,0.0,1.0,4.0978473341053,4.163705594832,4.0319890733786,4.0612594114793,14000.0
2008-12-03,5.6,5.7,5.26,5.29,44600.0,0.0,1.0,4.0978473341053,4.1710231793572,3.8490494602489,3.8710022138244,44600.0
2008-12-04,5.3,5.37,5.17,5.17,9700.0,0.0,1.0,3.8783197983496,3.929542890026,3.7831911995222,3.7831911995222,9700.0
2008-12-05,5.23,5.23,4.95,5.0,16100.0,0.0,1.0,3.8270967066733,3.8270967066733,3.6222043399681,3.658792262594,16100.0
2008-12-08,5.1,5.1,4.8501,4.95,35100.0,0.0,1.0,3.7319681078459,3.7319681078459,3.5491016705614,3.6222043399681,35100.0
2008-12-09,5.0,5.0,4.8,4.85,15100.0,0.0,1.0,3.658792262594,3.658792262594,3.5124405720902,3.5490284947162,15100.0
2008-12-10,4.8,4.83,4.6,4.64,45500.0,0.0,1.0,3.5124405720902,3.5343933256658,3.3660888815865,3.3953592196872,45500.0
2008-12-11,4.71,4.71,4.59,4.63,31800.0,0.0,1.0,3.4465823113635,3.4465823113635,3.3587712970613,3.388041635162,31800.0
2008-12-12,4.59,4.59,4.3,4.376,23700.0,0.0,1.0,3.3587712970613,3.3587712970613,3.1465613458308,3.2021749882223,23700.0
2008-12-15,4.63,4.63,4.41,4.41,7100.0,0.0,1.0,3.388041635162,3.388041635162,3.2270547756079,3.2270547756079,7100.0
2008-12-16,4.61,4.74,4.38,4.48,28000.0,0.0,1.0,3.3734064661117,3.4685350649391,3.2051020220323,3.2782778672842,28000.0
2008-12-17,4.6,4.93,4.52,4.588,13400.0,0.0,1.0,3.3660888815865,3.6075691709177,3.307548205385,3.3573077801563,13400.0
2008-12-18,4.63,4.65,4.5125,4.58,2400.0,0.0,1.0,3.388041635162,3.4026768042124,3.3020600169911,3.3514537125361,2400.0
2008-12-19,4.55,4.7,4.4801,4.68,58400.0,0.0,1.0,3.3295009589605,3.4392647268384,3.2783510431295,3.424629557788,58400.0
2008-12-22,4.74,4.75,4.6,4.63,64000.0,0.0,1.0,3.4685350649391,3.4758526494643,3.3660888815865,3.388041635162,64000.0
2008-12-23,4.7,4.75,4.52,4.536,32400.0,0.0,1.0,3.4392647268384,3.4758526494643,3.307548205385,3.3192563406253,32400.0
2008-12-24,4.51,4.63,4.46,4.63,5300.0,0.0,1.0,3.3002306208598,3.388041635162,3.2636426982338,3.388041635162,5300.0
2008-12-26,4.75,4.75,4.1,4.25,31600.0,0.0,1.0,3.4758526494643,3.4758526494643,3.0002096553271,3.1099734232049,31600.0
2008-12-29,4.32,4.5,4.15,4.5,82200.0,0.0,1.0,3.1611965148812,3.2929130363346,3.036797577953,3.2929130363346,82200.0
2008-12-30,4.41,4.85,4.41,4.8,24600.0,0.0,1.0,3.2270547756079,3.5490284947162,3.2270547756079,3.5124405720902,24600.0
2008-12-31,4.71,5.48,4.71,5.39,49200.0,0.0,1.0,3.4465823113635,4.010036319803,3.4465823113635,3.9441780590763,49200.0
2009-01-02,5.42,5.5,5.35,5.44,14800.0,0.0,1.0,3.9661308126519,4.0246714888534,3.9149077209756,3.9807659817023,14800.0
2009-01-05,5.54,5.54,5.45,5.5,14900.0,0.0,1.0,4.0539418269541,4.0539418269541,3.9880835662275,4.0246714888534,14900.0
2009-01-06,5.49,5.5,5.4601,5.5,8400.0,0.0,1.0,4.0173539043282,4.0246714888534,3.9954743265979,4.0246714888534,8400.0
2009-01-07,5.5,5.5,5.27,5.5,10700.0,0.0,1.0,4.0246714888534,4.0246714888534,3.8563670447741,4.0246714888534,10700.0
2009-01-08,5.082,5.5,5.082,5.36,3400.0,0.0,1.0,3.7187964557005,4.0246714888534,3.7187964557005,3.9222253055008,3400.0
2009-01-09,5.49,5.63,5.2,5.5,25300.0,0.0,1.0,4.0173539043282,4.1198000876808,3.8051439530978,4.0246714888534,25300.0
2009-01-12,5.5,5.62,5.28,5.52,25600.0,0.0,1.0,4.0246714888534,4.1124825031557,3.8636846292993,4.0393066579038,25600.0
2009-01-13,5.53,5.63,5.37,5.44,30600.0,0.0,1.0,4.046624242429,4.1198000876808,3.929542890026,3.9807659817023,30600.0
2009-01-14,5.37,5.5,5.23,5.23,8800.0,0.0,1.0,3.929542890026,4.0246714888534,3.8270967066733,3.8270967066733,8800.0
2009-01-15,5.34,5.5,5.27,5.49,17800.0,0.0,1.0,3.9075901364504,4.0246714888534,3.8563670447741,4.0173539043282,17800.0
2009-01-16,5.5,5.5,5.42,5.47,15700.0,0.0,1.0,4.0246714888534,4.0246714888534,3.9661308126519,4.0027187352778,15700.0
2009-01-20,5.42,5.5,5.28,5.28,8300.0,0.0,1.0,3.9661308126519,4.0246714888534,3.8636846292993,3.8636846292993,8300.0
2009-01-21,4.9,5.5,4.9,5.5,9000.0,0.0,1.0,3.5856164173421,4.0246714888534,3.5856164173421,4.0246714888534,9000.0
2009-01-22,5.31,5.5,5.31,5.5,3200.0,0.0,1.0,3.8856373828748,4.0246714888534,3.8856373828748,4.0246714888534,3200.0
2009-01-23,5.33,5.64,5.21,5.21,6300.0,0.0,1.0,3.9002725519252,4.127117672206,3.8124615376229,3.8124615376229,6300.0
2009-01-26,5.3399,5.4999,5.28,5.3,4900.0,0.0,1.0,3.9075169606051,4.0245983130081,3.8636846292993,3.8783197983496,4900.0
2009-01-27,5.16,5.5,5.16,5.5,8800.0,0.0,1.0,3.775873614997,4.0246714888534,3.775873614997,4.0246714888534,8800.0
2009-01-28,5.36,5.5,5.24,5.24,9400.0,0.0,1.0,3.9222253055008,4.0246714888534,3.8344142911985,3.8344142911985,9400.0
2009-01-29,5.49,5.5,5.45,5.4815,4000.0,0.0,1.0,4.0173539043282,4.0246714888534,3.9880835662275,4.0111339574818,4000.0
2009-01-30,5.3899,5.5,5.21,5.5,9200.0,0.0,1.0,3.9441048832311,4.0246714888534,3.8124615376229,4.0246714888534,9200.0
2009-02-02,5.31,5.5,5.06,5.3742,13800.0,0.0,1.0,3.8856373828748,4.0246714888534,3.7026977697451,3.9326162755265,13800.0
2009-02-03,6.98,6.98,6.25,6.63,61400.0,0.0,1.0,5.1076739985812,5.1076739985812,4.5734903282425,4.8515585401996,61400.0
2009-02-04,6.7,6.95,6.22,6.95,31300.0,0.0,1.0,4.902781631876,5.0857212450057,4.5515375746669,5.0857212450057,31300.0
2009-02-05,6.6301,6.64,6.2,6.4,23600.0,0.0,1.0,4.8516317160449,4.8588761247248,4.5369024056166,4.6832540961203,23600.0
2009-02-06,6.53,6.55,6.34,6.5,13200.0,0.0,1.0,4.7783826949478,4.7930178639981,4.6393485889692,4.7564299413722,13200.0
2009-02-09,6.5,6.5,6.33,6.4301,3800.0,0.0,1.0,4.7564299413722,4.7564299413722,4.632031004444,4.7052800255411,3800.0
2009-02-10,6.4,6.4,6.21,6.3,38200.0,0.0,1.0,4.6832540961203,4.6832540961203,4.5442199901417,4.6100782508684,38200.0
2009-02-11,6.35,6.49,6.16,6.35,25200.0,0.0,1.0,4.6466661734944,4.749112356847,4.5076320675158,4.6466661734944,25200.0
2009-02-12,6.3,6.83,6.28,6.83,20800.0,0.0,1.0,4.6100782508684,4.9979102307034,4.5954430818181,4.9979102307034,20800.0
2009-02-13,6.62,6.82,6.46,6.69,11800.0,0.0,1.0,4.8442409556745,4.9905926461782,4.7271596032714,4.8954640473508,11800.0
2009-02-17,6.34,6.42,5.97,6.3,2900.0,0.0,1.0,4.6393485889692,4.6978892651707,4.3685979615372,4.6100782508684,2900.0
2009-02-18,6.52,6.52,6.01,6.27,29000.0,0.0,1.0,4.7710651104226,4.7710651104226,4.397868299638,4.5881254972929,29000.0
2009-02-19,6.26,6.3,6.2275,6.3,14200.0,0.0,1.0,4.5808079127677,4.6100782508684,4.5570257630608,4.6100782508684,14200.0
2009-02-20,6.31,6.31,5.92,6.23,8200.0,0.0,1.0,4.6173958353936,4.6173958353936,4.3320100389113,4.5588551591921,8200.0
2009-02-23,6.16,6.22,6.04,6.2,12500.0,0.0,1.0,4.5076320675158,4.5515375746669,4.4198210532135,4.5369024056166,12500.0
2009-02-24,6.04,6.24,6.01,6.23,18900.0,0.0,1.0,4.4198210532135,4.5661727437173,4.397868299638,4.5588551591921,18900.0
2009-02-25,5.9899,6.25,5.92,6.0001,14100.0,0.0,1.0,4.3831599547424,4.5734903282425,4.3320100389113,4.390623890958,14100.0
2009-02-26,6.0,6.05,5.51,5.78,45300.0,0.0,1.0,4.3905507151128,4.4271386377387,4.0319890733786,4.2295638555587,45300.0
2009-02-27,5.7707,6.0,5.76,6.0,20000.0,0.0,1.0,4.2227585019502,4.3905507151128,4.2149286865083,4.3905507151128,20000.0
2009-03-02,6.18,6.18,5.88,6.0,20700.0,0.0,1.0,4.5222672365662,4.5222672365662,4.3027397008105,4.3905507151128,20700.0
2009-03-03,5.852,6.0,5.78,5.99,17700.0,0.0,1.0,4.28225046414,4.3905507151128,4.2295638555587,4.3832331305876,17700.0
2009-03-04,6.0,6.0,5.95,5.95,8600.0,0.0,1.0,4.3905507151128,4.3905507151128,4.3539627924869,4.3539627924869,8600.0
2009-03-05,5.9,5.99,5.68,5.74,17600.0,0.0,1.0,4.3173748698609,4.3832331305876,4.1563880103068,4.2002935174579,17600.0
2009-03-06,5.67,5.67,5.2,5.58,17200.0,0.0,1.0,4.1490704257816,4.1490704257816,3.8051439530978,4.0832121650549,17200.0
2009-03-09,5.38,5.38,4.63,4.97,39500.0,0.0,1.0,3.9368604745511,3.9368604745511,3.388041635162,3.6368395090184,39500.0
2009-03-10,5.0,5.02,4.84,5.0186,10100.0,0.0,1.0,3.658792262594,3.6734274316444,3.541710910191,3.6724029698108,10100.0
2009-03-11,4.7,5.0,4.7,5.0,4300.0,0.0,1.0,3.4392647268384,3.658792262594,3.4392647268384,3.658792262594,4300.0
2009-03-12,4.94,5.19,4.94,5.1,34700.0,0.0,1.0,3.6148867554429,3.7978263685726,3.6148867554429,3.7319681078459,34700.0
2009-03-13,5.01,5.15,5.01,5.05,11900.0,0.0,1.0,3.6661098471192,3.7685560304718,3.6661098471192,3.6953801852199,11900.0
2009-03-16,5.05,5.16,5.05,5.1,2000.0,0.0,1.0,3.6953801852199,3.775873614997,3.6953801852199,3.7319681078459,2000.0
2009-03-17,5.04,5.56,5.04,5.56,31600.0,0.0,1.0,3.6880626006947,4.0685769960045,3.6880626006947,4.0685769960045,31600.0
2009-03-18,5.12,5.33,5.11,5.29,16700.0,0.0,1.0,3.7466032768963,3.9002725519252,3.7392856923711,3.8710022138244,16700.0
2009-03-19,5.28,5.3,5.11,5.25,19100.0,0.0,1.0,3.8636846292993,3.8783197983496,3.7392856923711,3.8417318757237,19100.0
2009-03-20,5.23,5.35,5.15,5.18,29400.0,0.0,1.0,3.8270967066733,3.9149077209756,3.7685560304718,3.7905087840474,29400.0
2009-03-23,5.2,5.2,4.74,5.0,20700.0,0.0,1.0,3.8051439530978,3.8051439530978,3.4685350649391,3.658792262594,20700.0
2009-03-24,4.98,5.98,4.98,5.25,24500.0,0.0,1.0,3.6441570935436,4.3759155460624,3.6441570935436,3.8417318757237,24500.0
2009-03-25,5.49,5.56,5.22,5.5,22300.0,0.0,1.0,4.0173539043282,4.0685769960045,3.8197791221481,4.0246714888534,22300.0
2009-03-26,5.51,5.67,5.3508,5.5,34600.0,0.0,1.0,4.0319890733786,4.1490704257816,3.9154931277376,4.0246714888534,34600.0
2009-03-27,5.3,5.978,4.99,5.25,20300.0,0.0,1.0,3.8783197983496,4.3744520291574,3.6514746780688,3.8417318757237,20300.0
2009-03-30,5.01,5.37,5.01,5.25,3600.0,0.0,1.0,3.6661098471192,3.929542890026,3.6661098471192,3.8417318757237,3600.0
2009-03-31,5.2,5.41,5.2,5.41,9500.0,0.0,1.0,3.8051439530978,3.9588132281267,3.8051439530978,3.9588132281267,9500.0
2009-04-01,5.0,5.51,5.0,5.15,11000.0,0.0,1.0,3.658792262594,4.0319890733786,3.658792262594,3.7685560304718,11000.0
2009-04-02,5.19,5.93,5.16,5.43,7300.0,0.0,1.0,3.7978263685726,4.3393276234365,3.775873614997,3.9734483971771,7300.0
2009-04-03,5.4,5.725,5.28,5.65,8400.0,0.0,1.0,3.9514956436015,4.1893171406701,3.8636846292993,4.1344352567312,8400.0
2009-04-06,5.49,5.63,5.09,5.21,5200.0,0.0,1.0,4.0173539043282,4.1198000876808,3.7246505233207,3.8124615376229,5200.0
2009-04-07,5.0,5.25,5.0,5.17,5200.0,0.0,1.0,3.658792262594,3.8417318757237,3.658792262594,3.7831911995222,5200.0
2009-04-08,4.99,5.4,4.99,5.1,2300.0,0.0,1.0,3.6514746780688,3.9514956436015,3.6514746780688,3.7319681078459,2300.0
2009-04-09,5.13,5.43,5.13,5.14,9900.0,0.0,1.0,3.7539208614214,3.9734483971771,3.7539208614214,3.7612384459466,9900.0
2009-04-13,5.25,5.25,4.89,5.03,17900.0,0.0,1.0,3.8417318757237,3.8417318757237,3.5782988328169,3.6807450161696,17900.0
2009-04-14,5.0,5.57,4.85,5.09,10600.0,0.0,1.0,3.658792262594,4.0758945805297,3.5490284947162,3.7246505233207,10600.0
2009-04-15,4.93,5.4,4.89,5.02,2700.0,0.0,1.0,3.6075691709177,3.9514956436015,3.5782988328169,3.6734274316444,2700.0
2009-04-16,5.01,5.28,5.01,5.2,2800.0,0.0,1.0,3.6661098471192,3.8636846292993,3.6661098471192,3.8051439530978,2800.0
2009-04-17,5.2,5.4,5.1,5.2,3800.0,0.0,1.0,3.8051439530978,3.9514956436015,3.7319681078459,3.8051439530978,3800.0
2009-04-20,5.1,5.13,4.9525,5.0,9900.0,0.0,1.0,3.7319681078459,3.7539208614214,3.6240337360994,3.658792262594,9900.0
2009-04-21,4.9,5.0,4.62,4.97,24800.0,0.0,1.0,3.5856164173421,3.658792262594,3.3807240506369,3.6368395090184,24800.0
2009-04-22,4.8,5.02,4.01,4.99,29100.0,0.0,1.0,3.5124405720902,3.6734274316444,2.9343513946004,3.6514746780688,29100.0
2009-04-23,4.9999,4.9999,4.6945,4.93,15400.0,0.0,1.0,3.6587190867487,3.6587190867487,3.4352400553495,3.6075691709177,15400.0
2009-04-24,4.69,5.21,4.69,5.0,21400.0,0.0,1.0,3.4319471423132,3.8124615376229,3.4319471423132,3.658792262594,21400.0
2009-04-27,5.03,5.3896,5.0,5.11,3700.0,0.0,1.0,3.6807450161696,3.9438853556953,3.658792262594,3.7392856923711,3700.0
2009-04-28,5.12,5.12,5.01,5.04,6400.0,0.0,1.0,3.7466032768963,3.7466032768963,3.6661098471192,3.6880626006947,6400.0
2009-04-29,5.0,5.21,4.998,5.21,5900.0,0.0,1.0,3.658792262594,3.8124615376229,3.657328745689,3.8124615376229,5900.0
2009-04-30,4.92,6.0,4.92,5.7,49300.0,0.0,1.0,3.6002515863925,4.3905507151128,3.6002515863925,4.1710231793572,49300.0
2009-05-01,5.9,6.0,5.82,5.9,26300.0,0.0,1.0,4.3173748698609,4.3905507151128,4.2588341936594,4.3173748698609,26300.0
2009-05-04,5.93,5.99,5.73,5.9,7600.0,0.0,1.0,4.3393276234365,4.3832331305876,4.1929759329327,4.3173748698609,7600.0
2009-05-05,5.9,5.9,5.8,5.8,1800.0,0.0,1.0,4.3173748698609,4.3173748698609,4.244199024609,4.244199024609,1800.0
2009-05-06,5.81,5.92,5.7,5.79,11400.0,0.0,1.0,4.2515166091342,4.3320100389113,4.1710231793572,4.2368814400838,11400.0
2009-05-07,5.78,5.79,5.74,5.74,11500.0,0.0,1.0,4.2295638555587,4.2368814400838,4.2002935174579,4.2002935174579,11500.0
2009-05-08,5.88,6.0368,5.76,6.03,21700.0,0.0,1.0,4.3027397008105,4.4174794261655,4.2149286865083,4.4125034686884,21700.0
2009-05-11,5.77,6.1199,5.72,5.81,22000.0,0.0,1.0,4.2222462710335,4.4782885535698,4.1856583484075,4.2515166091342,22000.0
2009-05-12,5.75,6.17,5.75,5.9,4600.0,0.0,1.0,4.2076111019831,4.514949652041,4.2076111019831,4.3173748698609,4600.0
2009-05-13,5.75,5.9,5.7499,5.75,6200.0,0.0,1.0,4.2076111019831,4.3173748698609,4.2075379261378,4.2076111019831,6200.0
2009-05-14,5.75,5.76,5.7,5.75,11000.0,0.0,1.0,4.2076111019831,4.2149286865083,4.1710231793572,4.2076111019831,11000.0
2009-05-15,5.84,5.9707,5.74,5.862,8500.0,0.0,1.0,4.2734693627098,4.369110192454,4.2002935174579,4.2895680486652,8500.0
2009-05-18,5.7,5.8,5.7,5.75,2900.0,0.0,1.0,4.1710231793572,4.244199024609,4.1710231793572,4.2076111019831,2900.0
2009-05-19,5.75,5.79,5.73,5.78,1700.0,0.0,1.0,4.2076111019831,4.2368814400838,4.1929759329327,4.2295638555587,1700.0
2009-05-20,5.75,6.0,5.75,5.84,26300.0,0.0,1.0,4.2076111019831,4.3905507151128,4.2076111019831,4.2734693627098,26300.0
2009-05-21,5.72,6.04,5.72,6.04,8800.0,0.0,1.0,4.1856583484075,4.4198210532135,4.1856583484075,4.4198210532135,8800.0
2009-05-22,5.9999,6.26,5.9999,6.26,7400.0,0.0,1.0,4.3904775392675,4.5808079127677,4.3904775392675,4.5808079127677,7400.0
2009-05-26,6.23,6.51,6.01,6.32,85600.0,0.0,1.0,4.5588551591921,4.7637475258974,4.397868299638,4.6247134199188,85600.0
2009-05-27,6.2,6.47,6.2,6.45,3900.0,0.0,1.0,4.5369024056166,4.7344771877966,4.5369024056166,4.7198420187463,3900.0
2009-05-28,6.45,7.82,6.45,7.52,63500.0,0.0,1.0,4.7198420187463,5.722351098697,4.7198420187463,5.5028235629414,63500.0
2009-05-29,7.6,7.6,6.69,6.69,19600.0,0.0,1.0,5.5613642391429,5.5613642391429,4.8954640473508,4.8954640473508,19600.0
2009-06-01,7.5,7.5,6.76,7.17,25400.0,0.0,1.0,5.488188393891,5.488188393891,4.9466871390271,5.2467081045598,25400.0
2009-06-02,7.33,7.33,7.0,7.23,2300.0,0.0,1.0,5.3637894569628,5.3637894569628,5.1223091676316,5.2906136117109,2300.0
2009-06-03,7.0,7.228,7.0,7.15,3700.0,0.0,1.0,5.1223091676316,5.2891500948059,5.1223091676316,5.2320729355094,3700.0
2009-06-04,7.12,7.34,6.7,7.0,11000.0,0.0,1.0,5.2101201819339,5.371107041488,4.902781631876,5.1223091676316,11000.0
2009-06-05,7.19,7.44,7.1,7.28,4000.0,0.0,1.0,5.2613432736102,5.4442828867399,5.1954850128835,5.3272015343369,4000.0
2009-06-08,6.99,7.13,6.99,7.01,8200.0,0.0,1.0,5.1149915831064,5.217437766459,5.1149915831064,5.1296267521568,8200.0
2009-06-09,7.02,7.37,6.99,7.27,20500.0,0.0,1.0,5.136944336682,5.3930597950636,5.1149915831064,5.3198839498117,20500.0
2009-06-10,7.28,7.715,7.26,7.35,11200.0,0.0,1.0,5.3272015343369,5.6455164611825,5.3125663652865,5.3784246260132,11200.0
2009-06-11,7.42,7.55,7.27,7.55,5700.0,0.0,1.0,5.4296477176895,5.5247763165169,5.3198839498117,5.5247763165169,5700.0
2009-06-12,7.55,7.77,7.11,7.58,22700.0,0.0,1.0,5.5247763165169,5.6857631760711,5.2028025974087,5.5467290700925,22700.0
2009-06-15,7.2,7.44,7.1,7.1,22500.0,0.0,1.0,5.2686608581354,5.4442828867399,5.1954850128835,5.1954850128835,22500.0
2009-06-16,7.12,7.458,7.05,7.28,25800.0,0.0,1.0,5.2101201819339,5.4574545388852,5.1588970902575,5.3272015343369,25800.0
2009-06-17,7.02,7.13,6.33,7.13,37000.0,0.0,1.0,5.136944336682,5.217437766459,4.632031004444,5.217437766459,37000.0
2009-06-18,7.0,7.58,6.966,7.27,7800.0,0.0,1.0,5.1223091676316,5.5467290700925,5.097429380246,5.3198839498117,7800.0
2009-06-19,7.25,7.29,7.07,7.15,4100.0,0.0,1.0,5.3052487807613,5.334519118862,5.1735322593079,5.2320729355094,4100.0
2009-06-22,7.07,7.1701,7.0,7.15,10200.0,0.0,1.0,5.1735322593079,5.246781280405,5.1223091676316,5.2320729355094,10200.0
2009-06-23,7.0,7.16,7.0,7.16,3400.0,0.0,1.0,5.1223091676316,5.2393905200346,5.1223091676316,5.2393905200346,3400.0
2009-06-24,7.0,7.4,7.0,7.23,3700.0,0.0,1.0,5.1223091676316,5.4150125486391,5.1223091676316,5.2906136117109,3700.0
2009-06-25,7.2299,7.38,7.15,7.37,6800.0,0.0,1.0,5.2905404358657,5.4003773795887,5.2320729355094,5.3930597950636,6800.0
2009-06-26,7.03,7.39,7.03,7.39,12800.0,0.0,1.0,5.1442619212072,5.4076949641139,5.1442619212072,5.4076949641139,12800.0
2009-06-29,7.33,7.72,7.24,7.48,2500.0,0.0,1.0,5.3637894569628,5.6491752534451,5.2979311962361,5.4735532248406,2500.0
2009-06-30,7.62,7.76,7.13,7.15,14500.0,0.0,1.0,5.5759994081933,5.6784455915459,5.217437766459,5.2320729355094,14500.0
2009-07-01,7.21,7.5989,7.21,7.36,2800.0,0.0,1.0,5.2759784426605,5.5605593048451,5.2759784426605,5.3857422105384,2800.0
2009-07-02,7.25,7.4,7.25,7.39,400.0,0.0,1.0,5.3052487807613,5.4150125486391,5.3052487807613,5.4076949641139,400.0
2009-07-06,7.53,7.53,7.25,7.3,2300.0,0.0,1.0,5.5101411474666,5.5101411474666,5.3052487807613,5.3418367033872,2300.0
2009-07-07,7.25,7.29,7.16,7.16,3400.0,0.0,1.0,5.3052487807613,5.334519118862,5.2393905200346,5.2393905200346,3400.0
2009-07-08,7.08,7.3968,7.05,7.27,14900.0,0.0,1.0,5.1808498438331,5.4126709215911,5.1588970902575,5.3198839498117,14900.0
2009-07-09,7.07,7.26,7.07,7.21,13800.0,0.0,1.0,5.1735322593079,5.3125663652865,5.1735322593079,5.2759784426605,13800.0
2009-07-10,7.1,7.24,7.1,7.24,4700.0,0.0,1.0,5.1954850128835,5.2979311962361,5.1954850128835,5.2979311962361,4700.0
2009-07-13,7.09,7.35,7.075,7.11,14600.0,0.0,1.0,5.1881674283583,5.3784246260132,5.1771910515705,5.2028025974087,14600.0
2009-07-14,7.12,7.33,7.1,7.25,6800.0,0.0,1.0,5.2101201819339,5.3637894569628,5.1954850128835,5.3052487807613,6800.0
2009-07-15,7.4,7.4,7.17,7.17,2300.0,0.0,1.0,5.4150125486391,5.4150125486391,5.2467081045598,5.2467081045598,2300.0
2009-07-16,7.1,7.2799,7.1,7.17,4100.0,0.0,1.0,5.1954850128835,5.3271283584916,5.1954850128835,5.2467081045598,4100.0
2009-07-17,7.25,7.3,7.237,7.3,2100.0,0.0,1.0,5.3052487807613,5.3418367033872,5.2957359208786,5.3418367033872,2100.0
2009-07-20,7.14,7.38,7.14,7.38,9200.0,0.0,1.0,5.2247553509842,5.4003773795887,5.2247553509842,5.4003773795887,9200.0
2009-07-21,7.14,7.39,7.14,7.26,2300.0,0.0,1.0,5.2247553509842,5.4076949641139,5.2247553509842,5.3125663652865,2300.0
2009-07-22,7.12,8.38,7.12,7.84,16700.0,0.0,1.0,5.2101201819339,6.1321358321075,5.2101201819339,5.7369862677474,16700.0
2009-07-23,7.84,7.84,7.47,7.68,5800.0,0.0,1.0,5.7369862677474,5.7369862677474,5.4662356403154,5.6199049153444,5800.0
2009-07-24,7.1999,8.1,7.1999,7.67,8600.0,0.0,1.0,5.2685876822901,5.9272434654023,5.2685876822901,5.6125873308192,8600.0
2009-07-27,7.9,8.47,7.2999,8.31,29400.0,0.0,1.0,5.7808917748985,6.1979940928342,5.341763527542,6.0809127404312,29400.0
2009-07-28,8.32,8.32,7.76,8.03,11100.0,0.0,1.0,6.0882303249564,6.0882303249564,5.6784455915459,5.876020373726,11100.0
2009-07-29,7.71,8.8,7.59,8.32,57300.0,0.0,1.0,5.6418576689199,6.4394743821654,5.5540466546177,6.0882303249564,57300.0
2009-07-30,8.27,8.64,8.27,8.57,2100.0,0.0,1.0,6.0516424023305,6.3223930297624,6.0516424023305,6.2711699380861,2100.0
2009-07-31,8.3,9.16,8.3,8.7,66100.0,0.0,1.0,6.073595155906,6.7029074250722,6.073595155906,6.3662985369136,66100.0
2009-08-03,8.6,8.7,8.55,8.61,16900.0,0.0,1.0,6.2931226916617,6.3662985369136,6.2565347690357,6.3004402761869,16900.0
2009-08-04,8.8,8.8,8.55,8.67,10900.0,0.0,1.0,6.4394743821654,6.4394743821654,6.2565347690357,6.344345783338,10900.0
2009-08-05,8.59,8.59,8.318,8.42,6200.0,0.0,1.0,6.2858051071365,6.2858051071365,6.0867668080514,6.1614061702083,6200.0
2009-08-06,8.3,8.78,8.3,8.58,2400.0,0.0,1.0,6.073595155906,6.4248392131151,6.073595155906,6.2784875226113,2400.0
2009-08-07,8.27,8.525,8.27,8.5,9800.0,0.0,1.0,6.0516424023305,6.2382408077228,6.0516424023305,6.2199468464098,9800.0
2009-08-10,8.61,8.75,8.25,8.63,5200.0,0.0,1.0,6.3004402761869,6.4028864595395,6.0370072332801,6.3150754452372,5200.0
2009-08-11,8.65,8.69,8.35,8.5,37000.0,0.0,1.0,6.3297106142876,6.3589809523884,6.110183078532,6.2199468464098,37000.0
2009-08-12,8.745,8.75,8.5,8.75,900.0,0.0,1.0,6.3992276672769,6.4028864595395,6.2199468464098,6.4028864595395,900.0
2009-08-13,8.98,8.98,8.637,8.81,6800.0,0.0,1.0,6.5711909036188,6.5711909036188,6.3201977544049,6.4467919666906,6800.0
2009-08-14,8.91,8.91,8.67,8.9,3100.0,0.0,1.0,6.5199678119425,6.5199678119425,6.344345783338,6.5126502274173,3100.0
2009-08-17,8.8,9.04,8.77,8.89,12600.0,0.0,1.0,6.4394743821654,6.6150964107699,6.4175216285899,6.5053326428921,12600.0
2009-08-18,9.03,9.44,9.01,9.3725,9600.0,0.0,1.0,6.6077788262448,6.9077997917775,6.5931436571944,6.8584060962324,9600.0
2009-08-19,8.63,10.55,8.63,10.06,62200.0,0.0,1.0,6.3150754452372,7.7200516740733,6.3150754452372,7.3614900323391,62200.0
2009-08-20,10.81,10.83,10.35,10.48,69100.0,0.0,1.0,7.9103088717282,7.9249440407786,7.5736999835696,7.668828582397,69100.0
2009-08-21,10.5,10.75,10.25,10.38,49500.0,0.0,1.0,7.6834637514474,7.8664033645771,7.5005241383177,7.5956527371451,49500.0
2009-08-24,10.3201,10.4999,10.2228,10.3,7700.0,0.0,1.0,7.5518204058393,7.6833905756021,7.4806203084092,7.5371120609436,7700.0
2009-08-25,10.24,10.72,10.03,10.03,23900.0,0.0,1.0,7.4932065537925,7.8444506110015,7.3395372787636,7.3395372787636,23900.0
2009-08-26,10.15,10.65,10.15,10.26,22100.0,0.0,1.0,7.4273482930658,7.7932275193252,7.4273482930658,7.5078417228429,22100.0
2009-08-27,10.09,10.36,10.05,10.3,16600.0,0.0,1.0,7.3834427859147,7.5810175680948,7.3541724478139,7.5371120609436,16600.0
2009-08-28,10.26,10.35,10.22,10.22,6400.0,0.0,1.0,7.5078417228429,7.5736999835696,7.4785713847421,7.4785713847421,6400.0
2009-08-31,10.22,10.36,10.11,10.25,37700.0,0.0,1.0,7.4785713847421,7.5810175680948,7.3980779549651,7.5005241383177,37700.0
2009-09-01,10.09,10.49,9.53,9.8,25000.0,0.0,1.0,7.3834427859147,7.6761461669222,6.9736580525042,7.1712328346842,25000.0
2009-09-02,10.1,10.27,9.79,10.22,8200.0,0.0,1.0,7.3907603704399,7.5151593073681,7.163915250159,7.4785713847421,8200.0
2009-09-03,10.12,10.27,9.79,9.99,9600.0,0.0,1.0,7.4053955394902,7.5151593073681,7.163915250159,7.3102669406628,9600.0
2009-09-04,10.0,10.5592,10.0,10.48,14700.0,0.0,1.0,7.317584525188,7.7267838518365,7.317584525188,7.668828582397,14700.0
2009-09-08,10.6,10.95,10.6,10.79,27400.0,0.0,1.0,7.7566395966993,8.0127550550809,7.7566395966993,7.8956737026778,27400.0
2009-09-09,10.8,11.51,10.595,11.22,39900.0,0.0,1.0,7.902991287203,8.4225397884914,7.7529808044367,8.2103298372609,39900.0
2009-09-10,11.235,12.5,11.12,12.01,49700.0,0.0,1.0,8.2213062140487,9.146980656485,8.137153992009,8.7884190147508,49700.0
2009-09-11,12.01,12.07,11.22,11.44,41900.0,0.0,1.0,8.7884190147508,8.8323245219019,8.2103298372609,8.3713166968151,41900.0
2009-09-14,11.4,12.3195,11.4,11.65,38900.0,0.0,1.0,8.3420463587143,9.0148982558053,8.3420463587143,8.524985971844,38900.0
2009-09-15,11.87,12.01,11.65,11.96,40800.0,0.0,1.0,8.6859728313981,8.7884190147508,8.524985971844,8.7518310921248,40800.0
2009-09-16,11.7,11.95,11.5,11.79,39300.0,0.0,1.0,8.56157389447,8.7445135075997,8.4152222039662,8.6274321551966,39300.0
2009-09-17,12.12,12.12,11.32,11.68,54300.0,0.0,1.0,8.8689124445278,8.8689124445278,8.2835056825128,8.5469387254196,54300.0
2009-09-18,11.69,11.69,11.31,11.31,18400.0,0.0,1.0,8.5542563099448,8.5542563099448,8.2761880979876,8.2761880979876,18400.0
2009-09-21,11.64,11.64,11.25,11.36,28100.0,0.0,1.0,8.5176683873188,8.5176683873188,8.2322825908365,8.3127760206136,28100.0
2009-09-22,11.44,11.59,11.27,11.51,28000.0,0.0,1.0,8.3713166968151,8.4810804646929,8.2469177598869,8.4225397884914,28000.0
2009-09-23,11.28,11.75,11.26,11.26,12900.0,0.0,1.0,8.2542353444121,8.5981618170959,8.2396001753617,8.2396001753617,12900.0
2009-09-24,11.49,11.74,11.36,11.45,9600.0,0.0,1.0,8.407904619441,8.5908442325707,8.3127760206136,8.3786342813403,9600.0
2009-09-25,11.55,11.72,11.29,11.29,21200.0,0.0,1.0,8.4518101265921,8.5762090635203,8.2615529289372,8.2615529289372,21200.0
2009-09-28,11.46,11.75,11.1,11.5879,15000.0,0.0,1.0,8.3859518658654,8.5981618170959,8.1225188229587,8.4795437719426,15000.0
2009-09-29,11.72,12.0,11.6,11.92,12400.0,0.0,1.0,8.5762090635203,8.7811014302256,8.4883980492181,8.7225607540241,12400.0
2009-09-30,11.97,11.97,11.5601,11.62,18800.0,0.0,1.0,8.75914867665,8.75914867665,8.4592008869626,8.5030332182684,18800.0
2009-10-01,11.76,12.0,10.88,11.56,29200.0,0.0,1.0,8.6054794016211,8.7811014302256,7.9615319634045,8.4591277111173,29200.0
2009-10-02,11.62,11.96,11.34,11.9,23400.0,0.0,1.0,8.5030332182684,8.7518310921248,8.2981408515632,8.7079255849737,23400.0
2009-10-05,11.98,11.99,11.8,11.86,12700.0,0.0,1.0,8.7664662611752,8.7737838457004,8.6347497397218,8.678655246873,12700.0
2009-10-06,11.95,12.0,11.6,11.75,5600.0,0.0,1.0,8.7445135075997,8.7811014302256,8.4883980492181,8.5981618170959,5600.0
2009-10-07,11.93,12.41,11.84,12.12,21500.0,0.0,1.0,8.7298783385493,9.0811223957583,8.6640200778226,8.8689124445278,21500.0
2009-10-08,11.69,12.71,11.5501,12.71,39700.0,0.0,1.0,8.5542563099448,9.3006499315139,8.4518833024374,9.3006499315139,39700.0
2009-10-09,12.7,12.925,12.45,12.72,11500.0,0.0,1.0,9.2933323469888,9.4579779988055,9.1103927338591,9.3079675160391,11500.0
2009-10-12,12.51,12.92,12.13,12.85,37500.0,0.0,1.0,9.1542982410102,9.4543192065429,8.876230029053,9.4030961148666,37500.0
2009-10-13,12.77,12.99,12.55,12.71,10000.0,0.0,1.0,9.3445554386651,9.5055422982192,9.1835685791109,9.3006499315139,10000.0
2009-10-14,12.62,12.76,12.48,12.66,9600.0,0.0,1.0,9.2347916707872,9.3372378541399,9.1323454874346,9.264062008888,9600.0
2009-10-15,12.82,12.94,12.22,12.75,9700.0,0.0,1.0,9.381143361291,9.4689543755933,8.9420882897797,9.3299202696147,9700.0
2009-10-16,12.71,12.74,12.08,12.32,37300.0,0.0,1.0,9.3006499315139,9.3226026850895,8.8396421064271,9.0152641350316,37300.0
2009-10-19,12.49,12.76,12.405,12.56,11000.0,0.0,1.0,9.1396630719598,9.3372378541399,9.0774636034957,9.1908861636361,11000.0
2009-10-20,12.63,12.865,12.42,12.75,16000.0,0.0,1.0,9.2421092553124,9.4140724916544,9.0884399802835,9.3299202696147,16000.0
2009-10-21,12.82,12.98,12.63,12.74,14900.0,0.0,1.0,9.381143361291,9.498224713694,9.2421092553124,9.3226026850895,14900.0
2009-10-22,12.79,12.81,12.71,12.75,19700.0,0.0,1.0,9.3591906077154,9.3738257767658,9.3006499315139,9.3299202696147,19700.0
2009-10-23,13.0,14.02,12.8,13.94,58800.0,0.0,1.0,9.5128598827444,10.259253504314,9.3665081922406,10.200712828112,58800.0
2009-10-26,13.8,14.2,13.77,13.77,51900.0,0.0,1.0,10.098266644759,10.390970025767,10.076313891184,10.076313891184,51900.0
2009-10-27,13.75,13.91,13.7,13.86,12400.0,0.0,1.0,10.061678722133,10.178760074536,10.025090799508,10.142172151911,12400.0
2009-10-28,13.69,14.04,13.2405,13.79,28300.0,0.0,1.0,10.017773214982,10.273888673364,9.6888477905752,10.090949060234,28300.0
2009-10-29,13.91,13.97,13.6,13.6,14800.0,0.0,1.0,10.178760074536,10.222665581688,9.9519149542557,9.9519149542557,14800.0
2009-10-30,13.6754,13.82,13.6754,13.72,16400.0,0.0,1.0,10.007089541576,10.11290181381,10.007089541576,10.039725968558,16400.0
2009-11-02,13.8,13.94,13.64,13.7,24500.0,0.0,1.0,10.098266644759,10.200712828112,9.9811852923564,10.025090799508,24500.0
2009-11-03,13.65,14.0,13.62,13.69,61500.0,0.0,1.0,9.9885028768816,10.244618335263,9.966550123306,10.017773214982,61500.0
2009-11-04,13.66,13.85,13.64,13.82,20000.0,0.0,1.0,9.9958204614068,10.134854567385,9.9811852923564,10.11290181381,20000.0
2009-11-05,13.74,13.85,13.65,13.66,16700.0,0.0,1.0,10.054361137608,10.134854567385,9.9885028768816,9.9958204614068,16700.0
2009-11-06,13.65,13.84,13.15,13.63,19000.0,0.0,1.0,9.9885028768816,10.12753698286,9.6226236506222,9.9738677078312,19000.0
2009-11-09,13.9,13.94,13.39,13.75,34500.0,0.0,1.0,10.171442490011,10.200712828112,9.7982456792267,10.061678722133,34500.0
2009-11-10,13.91,13.91,13.66,13.68,29000.0,0.0,1.0,10.178760074536,10.178760074536,9.9958204614068,10.010455630457,29000.0
2009-11-11,13.74,13.82,13.25,13.57,17500.0,0.0,1.0,10.054361137608,10.11290181381,9.6957994958741,9.9299622006801,17500.0
2009-11-12,13.76,13.83,13.67,13.7,14600.0,0.0,1.0,10.068996306659,10.120219398335,10.003138045932,10.025090799508,14600.0
2009-11-13,13.9,13.9,13.56,13.8,41500.0,0.0,1.0,10.171442490011,10.171442490011,9.9226446161549,10.098266644759,41500.0
2009-11-16,13.8,13.84,13.72,13.8,26600.0,0.0,1.0,10.098266644759,10.12753698286,10.039725968558,10.098266644759,26600.0
2009-11-17,13.8,13.94,13.7,13.8,261400.0,0.0,1.0,10.098266644759,10.200712828112,10.025090799508,10.098266644759,261400.0
2009-11-18,13.8,13.835,13.75,13.8,68300.0,0.0,1.0,10.098266644759,10.123878190598,10.061678722133,10.098266644759,68300.0
2009-11-19,13.8,13.81,13.5727,13.78,43100.0,0.0,1.0,10.098266644759,10.105584229285,9.9319379485019,10.083631475709,43100.0
2009-11-20,13.8,13.95,13.79,13.93,142400.0,0.0,1.0,10.098266644759,10.208030412637,10.090949060234,10.193395243587,142400.0
2009-11-23,13.97,15.8,13.97,15.5,125900.0,0.0,1.0,10.222665581688,11.561783549797,10.222665581688,11.342256014041,125900.0
2009-11-24,15.66,15.87,15.31,15.38,35300.0,0.0,1.0,11.459337366444,11.613006641473,11.203221908063,11.254444999739,35300.0
2009-11-25,15.48,15.84,14.9135,15.83,46100.0,0.0,1.0,11.327620844991,11.591053887898,10.913079681639,11.583736303373,46100.0
2009-11-27,15.58,15.85,15.08,15.41,22800.0,0.0,1.0,11.400796690243,11.598371472423,11.034917463983,11.276397753315,22800.0
2009-11-30,15.5,15.73,15.35,15.71,54800.0,0.0,1.0,11.342256014041,11.510560458121,11.232492246164,11.49592528907,54800.0
2009-12-01,15.85,16.45,15.7682,16.32,48100.0,0.0,1.0,11.598371472423,12.037426543934,11.538513631007,11.942297945107,48100.0
2009-12-02,16.4,17.49,16.4,17.3,79300.0,0.0,1.0,12.000838621308,12.798455334554,12.000838621308,12.659421228575,79300.0
2009-12-03,17.52,17.675,16.86,17.0,49000.0,0.0,1.0,12.820408088129,12.93383064827,12.337447509467,12.43989369282,49000.0
2009-12-04,17.15,17.4,16.49,16.54,47100.0,0.0,1.0,12.549657460697,12.732597073827,12.066696882035,12.103284804661,47100.0
2009-12-07,17.0,17.0,16.34,16.6801,60800.0,0.0,1.0,12.43989369282,12.43989369282,11.956933114157,12.205804163859,60800.0
2009-12-08,16.75,16.91,16.23,16.86,32000.0,0.0,1.0,12.25695407969,12.374035432093,11.87643968438,12.337447509467,32000.0
2009-12-09,16.91,16.91,16.56,16.62,18400.0,0.0,1.0,12.374035432093,12.374035432093,12.117919973711,12.161825480862,18400.0
2009-12-10,16.72,16.83,16.07,16.1,36200.0,0.0,1.0,12.235001326114,12.315494755891,11.759358331977,11.781311085553,36200.0
2009-12-11,16.15,16.48,15.2009,15.61,62200.0,0.0,1.0,11.817899008179,12.05937929751,11.123387060893,11.422749443818,62200.0
2009-12-14,15.51,16.25,15.0925,16.22,65800.0,0.0,1.0,11.349573598567,11.89107485343,11.04406444464,11.869122099855,65800.0
2009-12-15,15.99,16.49,15.55,15.6,46300.0,0.0,1.0,11.700817655776,12.066696882035,11.378843936667,11.415431859293,46300.0
2009-12-16,15.88,16.06,15.31,15.59,25900.0,0.0,1.0,11.620324225999,11.752040747452,11.203221908063,11.408114274768,25900.0
2009-12-17,15.56,15.89,14.68,14.81,45300.0,0.0,1.0,11.386161521193,11.627641810524,10.742214082976,10.837342681803,45300.0
2009-12-18,14.75,15.4,14.63,15.25,37200.0,0.0,1.0,10.793437174652,11.26908016879,10.70562616035,11.159316400912,37200.0
2009-12-21,15.1,15.31,14.69,15.16,22400.0,0.0,1.0,11.049552633034,11.203221908063,10.749531667501,11.093458140185,22400.0
2009-12-22,15.32,15.99,14.98,15.15,36500.0,0.0,1.0,11.210539492588,11.700817655776,10.961741618732,11.08614055566,36500.0
2009-12-23,15.145,15.26,15.01,15.01,7000.0,0.0,1.0,11.082481763397,11.166633985437,10.983694372307,10.983694372307,7000.0
2009-12-24,15.02,15.3,15.02,15.3,7800.0,0.0,1.0,10.991011956832,11.195904323538,10.991011956832,11.195904323538,7800.0
2009-12-28,14.94,15.14,14.3,15.12,35800.0,0.0,1.0,10.932471280631,11.078822971135,10.464145871019,11.064187802084,35800.0
2009-12-29,15.02,15.65,14.967,15.64,15700.0,0.0,1.0,10.991011956832,11.452019781919,10.952228758849,11.444702197394,15700.0
2009-12-30,15.59,15.61,15.27,15.47,14600.0,0.0,1.0,11.408114274768,11.422749443818,11.173951569962,11.320303260466,14600.0
2009-12-31,15.5,15.63,15.36,15.6,14600.0,0.0,1.0,11.342256014041,11.437384612869,11.239809830689,11.415431859293,14600.0
2010-01-04,15.51,15.92,15.49,15.76,46200.0,0.0,1.0,11.349573598567,11.649594564099,11.334938429516,11.532513211696,46200.0
2010-01-05,15.67,15.92,15.65,15.75,79900.0,0.0,1.0,11.46665495097,11.649594564099,11.452019781919,11.525195627171,79900.0
2010-01-06,16.0,16.0,14.84,15.12,88800.0,0.0,1.0,11.708135240301,11.708135240301,10.859295435379,11.064187802084,88800.0
2010-01-07,15.11,15.19,14.66,14.95,32900.0,0.0,1.0,11.056870217559,11.115410893761,10.727578913926,10.939788865156,32900.0
2010-01-08,14.82,14.95,14.375,14.84,26200.0,0.0,1.0,10.844660266329,10.939788865156,10.519027754958,10.859295435379,26200.0
2010-01-11,14.7,15.17,14.4509,14.95,23600.0,0.0,1.0,10.756849252026,11.10077572471,10.574568221504,10.939788865156,23600.0
2010-01-12,15.04,15.63,14.97,15.62,46700.0,0.0,1.0,11.005647125883,11.437384612869,10.954424034206,11.430067028344,46700.0
2010-01-13,15.53,15.85,14.94,15.32,72900.0,0.0,1.0,11.364208767617,11.598371472423,10.932471280631,11.210539492588,72900.0
2010-01-14,15.4,15.82,15.4,15.64,18000.0,0.0,1.0,11.26908016879,11.576418718847,11.26908016879,11.444702197394,18000.0
2010-01-15,15.5,15.99,15.49,15.78,27000.0,0.0,1.0,11.342256014041,11.700817655776,11.334938429516,11.547148380747,27000.0
2010-01-19,15.6,16.0,15.38,15.78,38300.0,0.0,1.0,11.415431859293,11.708135240301,11.254444999739,11.547148380747,38300.0
2010-01-20,15.53,15.98,15.53,15.98,17700.0,0.0,1.0,11.364208767617,11.69350007125,11.364208767617,11.69350007125,17700.0
2010-01-21,15.83,15.97,15.6201,15.9135,13700.0,0.0,1.0,11.583736303373,11.686182486725,11.430140204189,11.644838134158,13700.0
2010-01-22,15.75,15.85,15.52,15.63,35300.0,0.0,1.0,11.525195627171,11.598371472423,11.356891183092,11.437384612869,35300.0
2010-01-25,15.6,16.0,15.6,16.0,23700.0,0.0,1.0,11.415431859293,11.708135240301,11.415431859293,11.708135240301,23700.0
2010-01-26,15.75,16.0006,15.75,16.0,12100.0,0.0,1.0,11.525195627171,11.708574295372,11.525195627171,11.708135240301,12100.0
2010-01-27,15.9499,15.98,15.7,15.9,17800.0,0.0,1.0,11.67147414183,11.69350007125,11.488607704545,11.634959395049,17800.0
2010-01-28,16.83,17.5,16.47,17.44,121700.0,0.0,1.0,12.315494755891,12.805772919079,12.052061712985,12.761867411928,121700.0
2010-01-29,17.25,17.25,14.72,15.25,89000.0,0.0,1.0,12.622833305949,12.622833305949,10.771484421077,11.159316400912,89000.0
2010-02-01,15.38,15.93,15.1,15.93,45900.0,0.0,1.0,11.254444999739,11.656912148624,11.049552633034,11.656912148624,45900.0
2010-02-02,16.0,16.0,15.69,15.7516,15300.0,0.0,1.0,11.708135240301,11.708135240301,11.48129012002,11.526366440695,15300.0
2010-02-03,15.77,15.9,15.331,15.84,16400.0,0.0,1.0,11.539830796221,11.634959395049,11.218588835566,11.591053887898,16400.0
2010-02-04,15.59,15.8,15.38,15.38,25400.0,0.0,1.0,11.408114274768,11.561783549797,11.254444999739,11.254444999739,25400.0
2010-02-05,15.36,15.62,15.36,15.39,11100.0,0.0,1.0,11.239809830689,11.430067028344,11.239809830689,11.261762584264,11100.0
2010-02-08,15.59,15.59,15.37,15.37,14700.0,0.0,1.0,11.408114274768,11.408114274768,11.247127415214,11.247127415214,14700.0
2010-02-09,15.1,15.44,14.95,15.44,18200.0,0.0,1.0,11.049552633034,11.29835050689,10.939788865156,11.29835050689,18200.0
2010-02-10,15.5,15.5,14.45,15.11,55900.0,0.0,1.0,11.342256014041,11.342256014041,10.573909638897,11.056870217559,55900.0
2010-02-11,15.21,15.35,14.73,15.13,15900.0,0.0,1.0,11.130046062811,11.232492246164,10.778802005602,11.071505386609,15900.0
2010-02-12,15.05,15.49,14.29,15.37,31000.0,0.0,1.0,11.012964710408,11.334938429516,10.456828286494,11.247127415214,31000.0
2010-02-16,15.34,16.69,15.0,16.01,50600.0,0.0,1.0,11.225174661638,12.213048572539,10.976376787782,11.715452824826,50600.0
2010-02-17,16.2399,16.24,15.59,15.93,17900.0,0.0,1.0,11.88368409306,11.883757268905,11.408114274768,11.656912148624,17900.0
2010-02-18,16.1999,16.2,15.82,16.01,2200.0,0.0,1.0,11.854413754959,11.854486930805,11.576418718847,11.715452824826,2200.0
2010-02-19,16.08,16.15,15.78,16.0,4600.0,0.0,1.0,11.766675916502,11.817899008179,11.547148380747,11.708135240301,4600.0
2010-02-22,15.89,15.99,15.67,15.78,6400.0,0.0,1.0,11.627641810524,11.700817655776,11.46665495097,11.547148380747,6400.0
2010-02-23,15.65,16.01,15.65,16.01,15600.0,0.0,1.0,11.452019781919,11.715452824826,11.452019781919,11.715452824826,15600.0
2010-02-24,16.01,16.01,15.7,15.7224,3900.0,0.0,1.0,11.715452824826,11.715452824826,11.488607704545,11.504999093882,3900.0
2010-02-25,15.65,15.7975,15.56,15.68,7700.0,0.0,1.0,11.452019781919,11.559954153666,11.386161521193,11.473972535495,7700.0
2010-02-26,15.52,16.01,15.01,15.82,59300.0,0.0,1.0,11.356891183092,11.715452824826,10.983694372307,11.576418718847,59300.0
2010-03-01,15.8,16.01,15.47,15.88,20500.0,0.0,1.0,11.561783549797,11.715452824826,11.320303260466,11.620324225999,20500.0
2010-03-02,15.82,16.16,15.81,16.12,15300.0,0.0,1.0,11.576418718847,11.825216592704,11.569101134322,11.795946254603,15300.0
2010-03-03,16.0,16.04,15.741,15.96,14600.0,0.0,1.0,11.708135240301,11.737405578402,11.518609801098,11.6788649022,14600.0
2010-03-04,15.85,16.2,15.82,16.2,9000.0,0.0,1.0,11.598371472423,11.854486930805,11.576418718847,11.854486930805,9000.0
2010-03-05,16.15,16.3,16.13,16.25,68100.0,0.0,1.0,11.817899008179,11.927662776056,11.803263839128,11.89107485343,68100.0
2010-03-08,16.18,16.67,16.15,16.54,25800.0,0.0,1.0,11.839851761754,12.198413403488,11.817899008179,12.103284804661,25800.0
2010-03-09,16.44,16.5,16.108,16.39,18500.0,0.0,1.0,12.030108959409,12.07401446656,11.787165153173,11.993521036783,18500.0
2010-03-10,16.5,16.86,16.35,16.53,8000.0,0.0,1.0,12.07401446656,12.337447509467,11.964250698682,12.095967220136,8000.0
2010-03-11,16.49,16.55,16.46,16.5,8600.0,0.0,1.0,12.066696882035,12.110602389186,12.044744128459,12.07401446656,8600.0
2010-03-12,16.5,16.5,16.11,16.49,13400.0,0.0,1.0,12.07401446656,12.07401446656,11.788628670078,12.066696882035,13400.0
2010-03-15,16.35,16.44,16.06,16.4,16400.0,0.0,1.0,11.964250698682,12.030108959409,11.752040747452,12.000838621308,16400.0
2010-03-16,16.35,16.49,16.35,16.49,6500.0,0.0,1.0,11.964250698682,12.066696882035,11.964250698682,12.066696882035,6500.0
2010-03-17,16.4779,16.531,16.19,16.22,15100.0,0.0,1.0,12.05784260476,12.096698978588,11.847169346279,11.869122099855,15100.0
2010-03-18,16.28,16.44,16.0,16.0,15000.0,0.0,1.0,11.913027607006,12.030108959409,11.708135240301,11.708135240301,15000.0
2010-03-19,15.99,16.23,15.06,15.52,59100.0,0.0,1.0,11.700817655776,11.87643968438,11.020282294933,11.356891183092,59100.0
2010-03-22,15.72,15.74,15.4701,15.67,6600.0,0.0,1.0,11.503242873596,11.517878042646,11.320376436311,11.46665495097,6600.0
2010-03-23,15.58,15.75,15.58,15.73,11300.0,0.0,1.0,11.400796690243,11.525195627171,11.400796690243,11.510560458121,11300.0
2010-03-24,15.64,15.7,15.08,15.7,14900.0,0.0,1.0,11.444702197394,11.488607704545,11.034917463983,11.488607704545,14900.0
2010-03-25,15.43,15.7,15.39,15.5,13600.0,0.0,1.0,11.291032922365,11.488607704545,11.261762584264,11.342256014041,13600.0
2010-03-26,15.41,15.67,15.23,15.38,8600.0,0.0,1.0,11.276397753315,11.46665495097,11.144681231861,11.254444999739,8600.0
2010-03-29,15.42,15.55,15.05,15.32,18800.0,0.0,1.0,11.28371533784,11.378843936667,11.012964710408,11.210539492588,18800.0
2010-03-30,15.31,15.35,15.03,15.1,49700.0,0.0,1.0,11.203221908063,11.232492246164,10.998329541358,11.049552633034,49700.0
2010-03-31,15.0,15.12,14.68,14.82,38300.0,0.0,1.0,10.976376787782,11.064187802084,10.742214082976,10.844660266329,38300.0
2010-04-01,14.77,15.98,14.65,15.76,84700.0,0.0,1.0,10.808072343703,11.69350007125,10.7202613294,11.532513211696,84700.0
2010-04-05,15.75,15.75,15.25,15.67,60000.0,0.0,1.0,11.525195627171,11.525195627171,11.159316400912,11.46665495097,60000.0
2010-04-06,15.49,15.74,15.47,15.62,21000.0,0.0,1.0,11.334938429516,11.517878042646,11.320303260466,11.430067028344,21000.0
2010-04-07,15.26,15.71,15.25,15.71,29700.0,0.0,1.0,11.166633985437,11.49592528907,11.159316400912,11.49592528907,29700.0
2010-04-08,15.79,16.0,15.51,15.75,24000.0,0.0,1.0,11.554465965272,11.708135240301,11.349573598567,11.525195627171,24000.0
2010-04-09,15.56,15.88,15.49,15.7,15200.0,0.0,1.0,11.386161521193,11.620324225999,11.334938429516,11.488607704545,15200.0
2010-04-12,15.87,15.87,15.5,15.71,10500.0,0.0,1.0,11.613006641473,11.613006641473,11.342256014041,11.49592528907,10500.0
2010-04-13,15.67,15.76,15.5201,15.74,13000.0,0.0,1.0,11.46665495097,11.532513211696,11.356964358937,11.517878042646,13000.0
2010-04-14,15.85,15.85,15.63,15.75,6500.0,0.0,1.0,11.598371472423,11.598371472423,11.437384612869,11.525195627171,6500.0
2010-04-15,15.76,15.99,15.61,15.9,16000.0,0.0,1.0,11.532513211696,11.700817655776,11.422749443818,11.634959395049,16000.0
2010-04-16,15.78,15.9,15.66,15.9,13200.0,0.0,1.0,11.547148380747,11.634959395049,11.459337366444,11.634959395049,13200.0
2010-04-19,15.62,15.88,15.58,15.86,13800.0,0.0,1.0,11.430067028344,11.620324225999,11.400796690243,11.605689056948,13800.0
2010-04-20,15.64,15.77,15.53,15.68,10800.0,0.0,1.0,11.444702197394,11.539830796221,11.364208767617,11.473972535495,10800.0
2010-04-21,15.65,15.78,15.26,15.74,23400.0,0.0,1.0,11.452019781919,11.547148380747,11.166633985437,11.517878042646,23400.0
2010-04-22,15.59,15.77,15.32,15.59,19500.0,0.0,1.0,11.408114274768,11.539830796221,11.210539492588,11.408114274768,19500.0
2010-04-23,15.4,15.68,15.38,15.5,19500.0,0.0,1.0,11.26908016879,11.473972535495,11.254444999739,11.342256014041,19500.0
2010-04-26,15.41,15.52,15.34,15.5,23800.0,0.0,1.0,11.276397753315,11.356891183092,11.225174661638,11.342256014041,23800.0
2010-04-27,15.4,15.5,15.25,15.46,22800.0,0.0,1.0,11.26908016879,11.342256014041,11.159316400912,11.312985675941,22800.0
2010-04-28,15.41,15.76,15.26,15.43,30700.0,0.0,1.0,11.276397753315,11.532513211696,11.166633985437,11.291032922365,30700.0
2010-04-29,15.5,15.95,15.3,15.78,37900.0,0.0,1.0,11.342256014041,11.671547317675,11.195904323538,11.547148380747,37900.0
2010-04-30,15.92,15.95,15.0,15.03,58500.0,0.0,1.0,11.649594564099,11.671547317675,10.976376787782,10.998329541358,58500.0
2010-05-03,15.05,15.15,14.36,15.05,33100.0,0.0,1.0,11.012964710408,11.08614055566,10.50805137817,11.012964710408,33100.0
2010-05-04,14.85,15.15,14.71,14.92,37900.0,0.0,1.0,10.866613019904,11.08614055566,10.764166836552,10.91783611158,37900.0
2010-05-05,14.73,14.99,14.5,14.5,59000.0,0.0,1.0,10.778802005602,10.969059203257,10.610497561523,10.610497561523,59000.0
2010-05-06,14.6,14.88,12.12,14.28,105200.0,0.0,1.0,10.683673406774,10.88856577348,8.8689124445278,10.449510701968,105200.0
2010-05-07,14.36,14.55,13.81,14.22,39500.0,0.0,1.0,10.50805137817,10.647085484149,10.105584229285,10.405605194817,39500.0
2010-05-10,14.8,15.21,14.35,15.16,55000.0,0.0,1.0,10.830025097278,11.130046062811,10.500733793645,11.093458140185,55000.0
2010-05-11,14.96,15.86,14.79,15.4,37500.0,0.0,1.0,10.947106449681,11.605689056948,10.822707512753,11.26908016879,37500.0
2010-05-12,15.54,15.81,15.2,15.59,40500.0,0.0,1.0,11.371526352142,11.569101134322,11.122728478286,11.408114274768,40500.0
2010-05-13,15.6,15.99,15.56,15.74,18800.0,0.0,1.0,11.415431859293,11.700817655776,11.386161521193,11.517878042646,18800.0
2010-05-14,15.675,15.8,15.62,15.64,19400.0,0.0,1.0,11.470313743232,11.561783549797,11.430067028344,11.444702197394,19400.0
2010-05-17,15.67,15.8,15.62,15.67,22800.0,0.0,1.0,11.46665495097,11.561783549797,11.430067028344,11.46665495097,22800.0
2010-05-18,15.67,15.95,15.67,15.74,29500.0,0.0,1.0,11.46665495097,11.671547317675,11.46665495097,11.517878042646,29500.0
2010-05-19,15.9,15.91,15.41,15.47,12800.0,0.0,1.0,11.634959395049,11.642276979574,11.276397753315,11.320303260466,12800.0
2010-05-20,15.12,15.3175,14.45,14.79,22600.0,0.0,1.0,11.064187802084,11.208710096457,10.573909638897,10.822707512753,22600.0
2010-05-21,14.43,15.36,14.26,15.18,37300.0,0.0,1.0,10.559274469846,11.239809830689,10.434875532918,11.108093309235,37300.0
2010-05-24,15.17,15.17,14.53,14.83,20200.0,0.0,1.0,11.10077572471,11.10077572471,10.632450315098,10.851977850854,20200.0
2010-05-25,14.4,14.68,14.27,14.54,7700.0,0.0,1.0,10.537321716271,10.742214082976,10.442193117443,10.639767899623,7700.0
2010-05-26,14.74,15.04,14.25,14.48,18700.0,0.0,1.0,10.786119590127,11.005647125883,10.427557948393,10.595862392472,18700.0
2010-05-27,14.56,14.86,14.56,14.86,4100.0,0.0,1.0,10.654403068674,10.873930604429,10.654403068674,10.873930604429,4100.0
2010-05-28,14.64,14.86,14.6,14.6,12600.0,0.0,1.0,10.712943744875,10.873930604429,10.683673406774,10.683673406774,12600.0
2010-06-01,14.48,14.78,14.48,14.68,4600.0,0.0,1.0,10.595862392472,10.815389928228,10.595862392472,10.742214082976,4600.0
2010-06-02,14.52,14.72,14.38,14.72,9800.0,0.0,1.0,10.625132730573,10.771484421077,10.52268654722,10.771484421077,9800.0
2010-06-03,14.39,14.74,14.35,14.56,23700.0,0.0,1.0,10.530004131746,10.786119590127,10.500733793645,10.654403068674,23700.0
2010-06-04,14.45,14.63,14.19,14.3,33500.0,0.0,1.0,10.573909638897,10.70562616035,10.383652441242,10.464145871019,33500.0
2010-06-07,13.95,14.65,13.95,14.28,14700.0,0.0,1.0,10.208030412637,10.7202613294,10.208030412637,10.449510701968,14700.0
2010-06-08,14.55,14.63,14.0,14.03,19500.0,0.0,1.0,10.647085484149,10.70562616035,10.244618335263,10.266571088839,19500.0
2010-06-09,14.01,14.53,13.97,14.22,18100.0,0.0,1.0,10.251935919788,10.632450315098,10.222665581688,10.405605194817,18100.0
2010-06-10,14.15,14.68,14.15,14.58,16800.0,0.0,1.0,10.354382103141,10.742214082976,10.354382103141,10.669038237724,16800.0
2010-06-11,14.64,14.7,14.43,14.69,19800.0,0.0,1.0,10.712943744875,10.756849252026,10.559274469846,10.749531667501,19800.0
2010-06-14,14.77,14.77,14.57,14.62,6600.0,0.0,1.0,10.808072343703,10.808072343703,10.661720653199,10.698308575825,6600.0
2010-06-15,14.59,14.91,14.56,14.91,25200.0,0.0,1.0,10.676355822249,10.910518527055,10.654403068674,10.910518527055,25200.0
2010-06-16,14.88,14.88,14.43,14.47,29000.0,0.0,1.0,10.88856577348,10.88856577348,10.559274469846,10.588544807947,29000.0
2010-06-17,14.44,14.67,14.4,14.6,17000.0,0.0,1.0,10.566592054371,10.734896498451,10.537321716271,10.683673406774,17000.0
2010-06-18,14.48,14.88,14.45,14.71,14300.0,0.0,1.0,10.595862392472,10.88856577348,10.573909638897,10.764166836552,14300.0
2010-06-21,14.81,14.88,14.5,14.59,16300.0,0.0,1.0,10.837342681803,10.88856577348,10.610497561523,10.676355822249,16300.0
2010-06-22,14.54,14.55,14.32,14.38,40900.0,0.0,1.0,10.639767899623,10.647085484149,10.478781040069,10.52268654722,40900.0
2010-06-23,14.48,14.59,14.11,14.44,48100.0,0.0,1.0,10.595862392472,10.676355822249,10.32511176504,10.566592054371,48100.0
2010-06-24,14.46,15.34,14.25,15.15,57800.0,0.0,1.0,10.581227223422,11.225174661638,10.427557948393,11.08614055566,57800.0
2010-06-25,15.32,15.32,14.44,14.83,950400.0,0.0,1.0,11.210539492588,11.210539492588,10.566592054371,10.851977850854,950400.0
2010-06-28,14.83,15.0,14.64,14.73,27500.0,0.0,1.0,10.851977850854,10.976376787782,10.712943744875,10.778802005602,27500.0
2010-06-29,14.54,14.69,14.25,14.51,36300.0,0.0,1.0,10.639767899623,10.749531667501,10.427557948393,10.617815146048,36300.0
2010-06-30,14.55,14.68,14.45,14.47,20900.0,0.0,1.0,10.647085484149,10.742214082976,10.573909638897,10.588544807947,20900.0
2010-07-01,14.53,14.53,13.98,13.99,34500.0,0.0,1.0,10.632450315098,10.632450315098,10.229983166213,10.237300750738,34500.0
2010-07-02,14.1,14.14,13.74,13.86,28400.0,0.0,1.0,10.317794180515,10.347064518616,10.054361137608,10.142172151911,28400.0
2010-07-06,14.05,14.29,13.88,14.14,57500.0,0.0,1.0,10.281206257889,10.456828286494,10.156807320961,10.347064518616,57500.0
2010-07-07,14.17,14.96,14.05,14.93,50900.0,0.0,1.0,10.369017272191,10.947106449681,10.281206257889,10.925153696106,50900.0
2010-07-08,15.06,15.3935,14.8976,15.12,39100.0,0.0,1.0,11.020282294933,11.264323738848,10.901444722244,11.064187802084,39100.0
2010-07-09,15.04,15.42,15.0,15.42,43800.0,0.0,1.0,11.005647125883,11.28371533784,10.976376787782,11.28371533784,43800.0
2010-07-12,15.32,15.67,15.25,15.26,21200.0,0.0,1.0,11.210539492588,11.46665495097,11.159316400912,11.166633985437,21200.0
2010-07-13,15.42,16.0,15.06,15.97,45000.0,0.0,1.0,11.28371533784,11.708135240301,11.020282294933,11.686182486725,45000.0
2010-07-14,15.98,16.2,15.83,16.18,27700.0,0.0,1.0,11.69350007125,11.854486930805,11.583736303373,11.839851761754,27700.0
2010-07-15,16.14,16.15,15.4838,15.76,37000.0,0.0,1.0,11.810581423653,11.817899008179,11.330401527111,11.532513211696,37000.0
2010-07-16,15.63,15.63,14.86,14.87,34200.0,0.0,1.0,11.437384612869,11.437384612869,10.873930604429,10.881248188955,34200.0
2010-07-19,14.99,15.13,14.456,14.54,18100.0,0.0,1.0,10.969059203257,11.071505386609,10.578300189612,10.639767899623,18100.0
2010-07-20,14.4,14.76,14.2,14.72,29300.0,0.0,1.0,10.537321716271,10.800754759177,10.390970025767,10.771484421077,29300.0
2010-07-21,14.83,14.93,14.36,14.36,17800.0,0.0,1.0,10.851977850854,10.925153696106,10.50805137817,10.50805137817,17800.0
2010-07-22,14.52,14.71,14.37,14.68,22400.0,0.0,1.0,10.625132730573,10.764166836552,10.515368962695,10.742214082976,22400.0
2010-07-23,14.66,14.73,14.34,14.66,38700.0,0.0,1.0,10.727578913926,10.778802005602,10.49341620912,10.727578913926,38700.0
2010-07-26,14.7,14.7,14.41,14.55,34700.0,0.0,1.0,10.756849252026,10.756849252026,10.544639300796,10.647085484149,34700.0
2010-07-27,14.64,14.64,14.25,14.32,32900.0,0.0,1.0,10.712943744875,10.712943744875,10.427557948393,10.478781040069,32900.0
2010-07-28,14.25,14.39,14.1,14.11,14000.0,0.0,1.0,10.427557948393,10.530004131746,10.317794180515,10.32511176504,14000.0
2010-07-29,14.18,14.44,14.0,14.12,19100.0,0.0,1.0,10.376334856717,10.566592054371,10.244618335263,10.332429349565,19100.0
2010-07-30,14.1,14.35,14.03,14.04,27000.0,0.0,1.0,10.317794180515,10.500733793645,10.266571088839,10.273888673364,27000.0
2010-08-02,14.2,14.4,14.0,14.07,21400.0,0.0,1.0,10.390970025767,10.537321716271,10.244618335263,10.29584142694,21400.0
2010-08-03,13.6,14.31,13.6,13.79,26600.0,0.0,1.0,9.9519149542557,10.471463455544,9.9519149542557,10.090949060234,26600.0
2010-08-04,13.84,14.11,13.65,13.83,24400.0,0.0,1.0,10.12753698286,10.32511176504,9.9885028768816,10.120219398335,24400.0
2010-08-05,13.79,13.79,13.52,13.52,24400.0,0.0,1.0,10.090949060234,10.090949060234,9.8933742780542,9.8933742780542,24400.0
2010-08-06,13.41,13.54,12.89,13.21,35500.0,0.0,1.0,9.8128808482771,9.9080094471045,9.4323664529673,9.6665291577733,35500.0
2010-08-09,13.28,13.58,13.1501,13.48,21600.0,0.0,1.0,9.7177522494497,9.9372797852053,9.6226968264675,9.8641039399534,21600.0
2010-08-10,13.35,13.42,13.16,13.26,20900.0,0.0,1.0,9.768975341126,9.8201984328023,9.6299412351474,9.7031170803993,20900.0
2010-08-11,13.18,13.38,13.14,13.21,46800.0,0.0,1.0,9.6445764041978,9.7909280947015,9.615306066097,9.6665291577733,46800.0
2010-08-12,13.12,13.18,12.9,12.94,10500.0,0.0,1.0,9.6006708970466,9.6445764041978,9.4396840374925,9.4689543755933,10500.0
2010-08-13,12.91,12.91,12.6,12.8,31500.0,0.0,1.0,9.4470016220177,9.4470016220177,9.2201565017369,9.3665081922406,31500.0
2010-08-16,12.77,13.35,12.77,13.27,21900.0,0.0,1.0,9.3445554386651,9.768975341126,9.3445554386651,9.7104346649245,21900.0
2010-08-17,13.35,13.53,13.24,13.32,19000.0,0.0,1.0,9.768975341126,9.9006918625794,9.6884819113489,9.7470225875504,19000.0
2010-08-18,13.27,13.75,13.06,13.18,22000.0,0.0,1.0,9.7104346649245,10.061678722133,9.5567653898955,9.6445764041978,22000.0
2010-08-19,13.12,13.18,12.59,12.6,35500.0,0.0,1.0,9.6006708970466,9.6445764041978,9.2128389172117,9.2201565017369,35500.0
2010-08-20,12.54,12.54,12.06,12.4,40400.0,0.0,1.0,9.1762509945857,9.1762509945857,8.8250069373767,9.0738048112331,40400.0
2010-08-23,12.46,12.62,12.22,12.25,27300.0,0.0,1.0,9.1177103183842,9.2347916707872,8.9420882897797,8.9640410433553,27300.0
2010-08-24,12.18,12.5,12.18,12.28,20700.0,0.0,1.0,8.912817951679,9.146980656485,8.912817951679,8.9859937969309,20700.0
2010-08-25,12.25,12.42,12.0,12.4,16900.0,0.0,1.0,8.9640410433553,9.0884399802835,8.7811014302256,9.0738048112331,16900.0
2010-08-26,12.46,12.46,12.22,12.27,21100.0,0.0,1.0,9.1177103183842,9.1177103183842,8.9420882897797,8.9786762124057,21100.0
2010-08-27,12.37,12.6,12.24,12.51,25800.0,0.0,1.0,9.0518520576575,9.2201565017369,8.9567234588301,9.1542982410102,25800.0
2010-08-30,12.51,12.6,12.35,12.36,13700.0,0.0,1.0,9.1542982410102,9.2201565017369,9.0372168886072,9.0445344731324,13700.0
2010-08-31,12.69,13.32,12.35,12.8,54900.0,0.0,1.0,9.2860147624636,9.7470225875504,9.0372168886072,9.3665081922406,54900.0
2010-09-01,13.06,13.24,12.68,13.21,29700.0,0.0,1.0,9.5567653898955,9.6884819113489,9.2786971779384,9.6665291577733,29700.0
2010-09-02,13.3,13.53,13.25,13.28,24300.0,0.0,1.0,9.7323874185,9.9006918625794,9.6957994958741,9.7177522494497,24300.0
2010-09-03,13.33,13.39,13.1,13.32,21300.0,0.0,1.0,9.7543401720756,9.7982456792267,9.5860357279963,9.7470225875504,21300.0
2010-09-07,13.36,13.36,12.9,12.92,19300.0,0.0,1.0,9.7762929256512,9.7762929256512,9.4396840374925,9.4543192065429,19300.0
2010-09-08,13.11,13.13,12.84,12.89,26500.0,0.0,1.0,9.5933533125215,9.6079884815718,9.3957785303414,9.4323664529673,26500.0
2010-09-09,13.1,13.1,12.96,13.0,16900.0,0.0,1.0,9.5860357279963,9.5860357279963,9.4835895446436,9.5128598827444,16900.0
2010-09-10,13.06,13.189,12.87,13.16,9600.0,0.0,1.0,9.5567653898955,9.6511622302704,9.4177312839169,9.6299412351474,9600.0
2010-09-13,12.83,13.44,12.81,13.38,26700.0,0.0,1.0,9.3884609458162,9.8348336018527,9.3738257767658,9.7909280947015,26700.0
2010-09-14,13.4,13.66,13.32,13.5,19200.0,0.0,1.0,9.8055632637519,9.9958204614068,9.7470225875504,9.8787391090038,19200.0
2010-09-15,13.52,13.78,13.19,13.36,14500.0,0.0,1.0,9.8933742780542,10.083631475709,9.651893988723,9.7762929256512,14500.0
2010-09-16,13.57,13.57,13.26,13.36,10400.0,0.0,1.0,9.9299622006801,9.9299622006801,9.7031170803993,9.7762929256512,10400.0
2010-09-17,13.51,13.52,13.25,13.33,33100.0,0.0,1.0,9.886056693529,9.8933742780542,9.6957994958741,9.7543401720756,33100.0
2010-09-20,13.28,13.6,13.25,13.44,25300.0,0.0,1.0,9.7177522494497,9.9519149542557,9.6957994958741,9.8348336018527,25300.0
2010-09-21,13.51,13.51,13.17,13.33,17400.0,0.0,1.0,9.886056693529,9.886056693529,9.6372588196726,9.7543401720756,17400.0
2010-09-22,13.27,13.4,13.0,13.04,23300.0,0.0,1.0,9.7104346649245,9.8055632637519,9.5128598827444,9.5421302208451,23300.0
2010-09-23,13.0,13.06,12.91,12.98,15500.0,0.0,1.0,9.5128598827444,9.5567653898955,9.4470016220177,9.498224713694,15500.0
2010-09-24,13.09,13.17,12.93,13.17,20500.0,0.0,1.0,9.5787181434711,9.6372588196726,9.4616367910681,9.6372588196726,20500.0
2010-09-27,13.17,13.26,13.03,13.18,28000.0,0.0,1.0,9.6372588196726,9.7031170803993,9.53481263632,9.6445764041978,28000.0
2010-09-28,13.1,13.41,13.01,13.4,13900.0,0.0,1.0,9.5860357279963,9.8128808482771,9.5201774672696,9.8055632637519,13900.0
2010-09-29,13.34,13.37,12.92,13.02,43300.0,0.0,1.0,9.7616577566008,9.7836105101763,9.4543192065429,9.5274950517948,43300.0
2010-09-30,13.11,13.44,12.92,13.2,35700.0,0.0,1.0,9.5933533125215,9.8348336018527,9.4543192065429,9.6592115732482,35700.0
2010-10-01,13.32,13.52,13.2,13.51,30800.0,0.0,1.0,9.7470225875504,9.8933742780542,9.6592115732482,9.886056693529,30800.0
2010-10-04,14.13,14.16,13.55,13.95,19300.0,0.0,1.0,10.339746934091,10.361699687666,9.9153270316297,10.208030412637,19300.0
2010-10-05,14.03,14.1,13.87,13.99,23000.0,0.0,1.0,10.266571088839,10.317794180515,10.149489736436,10.237300750738,23000.0
2010-10-06,13.93,13.98,13.76,13.76,37200.0,0.0,1.0,10.193395243587,10.229983166213,10.068996306659,10.068996306659,37200.0
2010-10-07,13.86,13.92,13.54,13.82,15200.0,0.0,1.0,10.142172151911,10.186077659062,9.9080094471045,10.11290181381,15200.0
2010-10-08,13.77,13.98,13.71,13.77,17300.0,0.0,1.0,10.076313891184,10.229983166213,10.032408384033,10.076313891184,17300.0
2010-10-11,13.75,13.98,13.525,13.74,14200.0,0.0,1.0,10.061678722133,10.229983166213,9.8970330703168,10.054361137608,14200.0
2010-10-12,13.79,13.8,13.55,13.73,8500.0,0.0,1.0,10.090949060234,10.098266644759,9.9153270316297,10.047043553083,8500.0
2010-10-13,13.72,14.1,13.46,14.07,23800.0,0.0,1.0,10.039725968558,10.317794180515,9.849468770903,10.29584142694,23800.0
2010-10-14,14.02,14.15,13.85,14.08,14200.0,0.0,1.0,10.259253504314,10.354382103141,10.134854567385,10.303159011465,14200.0
2010-10-15,14.27,14.27,13.89,14.07,22500.0,0.0,1.0,10.442193117443,10.442193117443,10.164124905486,10.29584142694,22500.0
2010-10-18,14.05,14.09,13.88,14.09,19500.0,0.0,1.0,10.281206257889,10.31047659599,10.156807320961,10.31047659599,19500.0
2010-10-19,13.96,14.21,13.96,14.19,13500.0,0.0,1.0,10.215347997162,10.398287610292,10.215347997162,10.383652441242,13500.0
2010-10-20,14.75,15.19,14.53,14.87,45600.0,0.0,1.0,10.793437174652,11.115410893761,10.632450315098,10.881248188955,45600.0
2010-10-21,14.95,15.19,14.77,14.87,21800.0,0.0,1.0,10.939788865156,11.115410893761,10.808072343703,10.881248188955,21800.0
2010-10-22,14.98,14.98,14.78,14.87,8100.0,0.0,1.0,10.961741618732,10.961741618732,10.815389928228,10.881248188955,8100.0
2010-10-25,14.89,15.0,14.78,14.9,9900.0,0.0,1.0,10.895883358005,10.976376787782,10.815389928228,10.90320094253,9900.0
2010-10-26,14.78,14.85,14.7,14.84,7300.0,0.0,1.0,10.815389928228,10.866613019904,10.756849252026,10.859295435379,7300.0
2010-10-27,14.98,14.98,14.4,14.58,19100.0,0.0,1.0,10.961741618732,10.961741618732,10.537321716271,10.669038237724,19100.0
2010-10-28,14.1,14.3,12.13,13.01,157600.0,0.0,1.0,10.317794180515,10.464145871019,8.876230029053,9.5201774672696,157600.0
2010-10-29,13.09,13.89,12.999,13.42,47100.0,0.0,1.0,9.5787181434711,10.164124905486,9.5121281242919,9.8201984328023,47100.0
2010-11-01,13.52,13.8,12.72,12.96,149900.0,0.0,1.0,9.8933742780542,10.098266644759,9.3079675160391,9.4835895446436,149900.0
2010-11-02,13.09,13.27,12.91,13.05,51100.0,0.0,1.0,9.5787181434711,9.7104346649245,9.4470016220177,9.5494478053703,51100.0
2010-11-03,13.0,13.08,12.9555,13.0,12900.0,0.0,1.0,9.5128598827444,9.5714005589459,9.4802966316073,9.5128598827444,12900.0
2010-11-04,13.11,13.12,12.87,13.0,65000.0,0.0,1.0,9.5933533125215,9.6006708970466,9.4177312839169,9.5128598827444,65000.0
2010-11-05,13.0,13.1,12.85,12.92,39600.0,0.0,1.0,9.5128598827444,9.5860357279963,9.4030961148666,9.4543192065429,39600.0
2010-11-08,12.93,12.93,12.75,12.78,27100.0,0.0,1.0,9.4616367910681,9.4616367910681,9.3299202696147,9.3518730231903,27100.0
2010-11-09,12.74,12.8,12.7,12.73,15800.0,0.0,1.0,9.3226026850895,9.3665081922406,9.2933323469888,9.3152851005643,15800.0
2010-11-10,12.78,12.83,12.51,12.75,20100.0,0.0,1.0,9.3518730231903,9.3884609458162,9.1542982410102,9.3299202696147,20100.0
2010-11-11,12.7,12.93,12.7,12.85,7200.0,0.0,1.0,9.2933323469888,9.4616367910681,9.2933323469888,9.4030961148666,7200.0
2010-11-12,12.73,12.87,12.56,12.56,12300.0,0.0,1.0,9.3152851005643,9.4177312839169,9.1908861636361,9.1908861636361,12300.0
2010-11-15,12.64,12.975,12.64,12.77,13600.0,0.0,1.0,9.2494268398376,9.4945659214314,9.2494268398376,9.3445554386651,13600.0
2010-11-16,12.62,13.04,12.26,12.3,35000.0,0.0,1.0,9.2347916707872,9.5421302208451,8.9713586278805,9.0006289659812,35000.0
2010-11-17,12.26,12.26,11.86,12.2,18700.0,0.0,1.0,8.9713586278805,8.9713586278805,8.678655246873,8.9274531207294,18700.0
2010-11-18,12.3,12.3,12.16,12.22,23900.0,0.0,1.0,9.0006289659812,9.0006289659812,8.8981827826286,8.9420882897797,23900.0
2010-11-19,12.25,12.3,11.93,12.19,53800.0,0.0,1.0,8.9640410433553,9.0006289659812,8.7298783385493,8.9201355362042,53800.0
2010-11-22,12.14,12.29,12.05,12.27,12800.0,0.0,1.0,8.8835476135782,8.993311381456,8.8176893528515,8.9786762124057,12800.0
2010-11-23,12.13,12.16,12.02,12.07,15200.0,0.0,1.0,8.876230029053,8.8981827826286,8.795736599276,8.8323245219019,15200.0
2010-11-24,12.11,12.25,12.02,12.25,21900.0,0.0,1.0,8.8615948600027,8.9640410433553,8.795736599276,8.9640410433553,21900.0
2010-11-26,12.165,12.36,12.14,12.28,7500.0,0.0,1.0,8.9018415748912,9.0445344731324,8.8835476135782,8.9859937969309,7500.0
2010-11-29,12.22,12.27,12.02,12.21,15900.0,0.0,1.0,8.9420882897797,8.9786762124057,8.795736599276,8.9347707052545,15900.0
2010-11-30,11.91,12.17,11.9,11.91,23000.0,0.0,1.0,8.7152431694989,8.9055003671538,8.7079255849737,8.7152431694989,23000.0
2010-12-01,12.1,12.1,11.91,12.01,15500.0,0.0,1.0,8.8542772754775,8.8542772754775,8.7152431694989,8.7884190147508,15500.0
2010-12-02,11.98,12.09,11.65,11.81,14400.0,0.0,1.0,8.7664662611752,8.8469596909523,8.524985971844,8.642067324247,14400.0
2010-12-03,11.8,11.99,11.75,11.99,9900.0,0.0,1.0,8.6347497397218,8.7737838457004,8.5981618170959,8.7737838457004,9900.0
2010-12-06,11.93,12.09,11.8,12.09,19000.0,0.0,1.0,8.7298783385493,8.8469596909523,8.6347497397218,8.8469596909523,19000.0
2010-12-07,12.15,12.2,11.92,12.2,14200.0,0.0,1.0,8.8908651981034,8.9274531207294,8.7225607540241,8.9274531207294,14200.0
2010-12-08,12.2,12.445,11.97,11.97,21800.0,0.0,1.0,8.9274531207294,9.1067339415965,8.75914867665,8.75914867665,21800.0
2010-12-09,12.08,12.2,11.92,12.18,60100.0,0.0,1.0,8.8396421064271,8.9274531207294,8.7225607540241,8.912817951679,60100.0
2010-12-10,12.18,12.73,12.07,12.48,38700.0,0.0,1.0,8.912817951679,9.3152851005643,8.8323245219019,9.1323454874346,38700.0
2010-12-13,12.48,12.49,12.17,12.26,25600.0,0.0,1.0,9.1323454874346,9.1396630719598,8.9055003671538,8.9713586278805,25600.0
2010-12-14,12.24,12.35,12.22,12.28,18400.0,0.0,1.0,8.9567234588301,9.0372168886072,8.9420882897797,8.9859937969309,18400.0
2010-12-15,12.23,12.27,12.03,12.17,23600.0,0.0,1.0,8.9494058743049,8.9786762124057,8.8030541838012,8.9055003671538,23600.0
2010-12-16,12.18,12.44,12.15,12.34,22600.0,0.0,1.0,8.912817951679,9.1030751493339,8.8908651981034,9.029899304082,22600.0
2010-12-17,12.38,13.09,12.29,13.08,55300.0,0.0,1.0,9.0591696421827,9.5787181434711,8.993311381456,9.5714005589459,55300.0
2010-12-20,13.08,13.1,12.91,12.96,20500.0,0.0,1.0,9.5714005589459,9.5860357279963,9.4470016220177,9.4835895446436,20500.0
2010-12-21,13.06,13.19,13.0,13.15,23200.0,0.0,1.0,9.5567653898955,9.651893988723,9.5128598827444,9.6226236506222,23200.0
2010-12-22,13.2,13.2,12.1,12.96,11500.0,0.0,1.0,9.6592115732482,9.6592115732482,8.8542772754775,9.4835895446436,11500.0
2010-12-23,12.99,12.99,12.75,12.865,13900.0,0.0,1.0,9.5055422982192,9.5055422982192,9.3299202696147,9.4140724916544,13900.0
2010-12-27,12.77,12.9,12.42,12.75,47000.0,0.0,1.0,9.3445554386651,9.4396840374925,9.0884399802835,9.3299202696147,47000.0
2010-12-28,12.66,12.8,12.66,12.74,9000.0,0.0,1.0,9.264062008888,9.3665081922406,9.264062008888,9.3226026850895,9000.0
2010-12-29,12.72,12.8399,12.72,12.79,9900.0,0.0,1.0,9.3079675160391,9.3957053544961,9.3079675160391,9.3591906077154,9900.0
2010-12-30,12.8,12.8,12.55,12.55,11600.0,0.0,1.0,9.3665081922406,9.3665081922406,9.1835685791109,9.1835685791109,11600.0
2010-12-31,12.56,12.6135,12.4,12.44,19800.0,0.0,1.0,9.1908861636361,9.2300352408459,9.0738048112331,9.1030751493339,19800.0
2011-01-03,12.5,12.5,12.28,12.36,48600.0,0.0,1.0,9.146980656485,9.146980656485,8.9859937969309,9.0445344731324,48600.0
2011-01-04,12.33,12.33,12.1,12.1,51800.0,0.0,1.0,9.0225817195568,9.0225817195568,8.8542772754775,8.8542772754775,51800.0
2011-01-05,12.13,12.29,12.11,12.23,25100.0,0.0,1.0,8.876230029053,8.993311381456,8.8615948600027,8.9494058743049,25100.0
2011-01-06,12.18,12.2,12.04,12.1,23100.0,0.0,1.0,8.912817951679,8.9274531207294,8.8103717683263,8.8542772754775,23100.0
2011-01-07,12.08,12.15,11.97,12.12,16300.0,0.0,1.0,8.8396421064271,8.8908651981034,8.75914867665,8.8689124445278,16300.0
2011-01-10,12.12,12.1799,12.03,12.14,11300.0,0.0,1.0,8.8689124445278,8.9127447758337,8.8030541838012,8.8835476135782,11300.0
2011-01-11,12.22,12.28,12.09,12.28,11700.0,0.0,1.0,8.9420882897797,8.9859937969309,8.8469596909523,8.9859937969309,11700.0
2011-01-12,12.38,12.38,12.26,12.34,9600.0,0.0,1.0,9.0591696421827,9.0591696421827,8.9713586278805,9.029899304082,9600.0
2011-01-13,12.27,12.4,12.12,12.19,10800.0,0.0,1.0,8.9786762124057,9.0738048112331,8.8689124445278,8.9201355362042,10800.0
2011-01-14,12.15,12.28,12.15,12.25,13400.0,0.0,1.0,8.8908651981034,8.9859937969309,8.8908651981034,8.9640410433553,13400.0
2011-01-18,12.16,12.35,12.14,12.25,12800.0,0.0,1.0,8.8981827826286,9.0372168886072,8.8835476135782,8.9640410433553,12800.0
2011-01-19,12.19,12.25,12.07,12.07,19600.0,0.0,1.0,8.9201355362042,8.9640410433553,8.8323245219019,8.8323245219019,19600.0
2011-01-20,11.99,12.23,11.99,12.09,9900.0,0.0,1.0,8.7737838457004,8.9494058743049,8.7737838457004,8.8469596909523,9900.0
2011-01-21,12.14,12.143,11.97,12.02,24900.0,0.0,1.0,8.8835476135782,8.8857428889358,8.75914867665,8.795736599276,24900.0
2011-01-24,12.0,12.08,12.0,12.0,33500.0,0.0,1.0,8.7811014302256,8.8396421064271,8.7811014302256,8.7811014302256,33500.0
2011-01-25,12.02,12.53,12.02,12.29,15100.0,0.0,1.0,8.795736599276,9.1689334100606,8.795736599276,8.993311381456,15100.0
2011-01-26,12.02,12.44,12.02,12.4,17800.0,0.0,1.0,8.795736599276,9.1030751493339,8.795736599276,9.0738048112331,17800.0
2011-01-27,12.33,12.33,12.0,12.03,23700.0,0.0,1.0,9.0225817195568,9.0225817195568,8.7811014302256,8.8030541838012,23700.0
2011-01-28,12.06,12.06,11.43,11.49,25100.0,0.0,1.0,8.8250069373767,8.8250069373767,8.3639991122899,8.407904619441,25100.0
2011-01-31,11.58,11.65,11.29,11.36,35200.0,0.0,1.0,8.4737628801677,8.524985971844,8.2615529289372,8.3127760206136,35200.0
2011-02-01,11.38,11.6,11.3,11.47,25600.0,0.0,1.0,8.3274111896639,8.4883980492181,8.2688705134624,8.3932694503906,25600.0
2011-02-02,11.39,11.58,11.14,11.31,21100.0,0.0,1.0,8.3347287741891,8.4737628801677,8.1517891610594,8.2761880979876,21100.0
2011-02-03,11.3,11.47,11.3,11.47,36800.0,0.0,1.0,8.2688705134624,8.3932694503906,8.2688705134624,8.3932694503906,36800.0
2011-02-04,11.41,11.55,11.37,11.41,33000.0,0.0,1.0,8.3493639432395,8.4518101265921,8.3200936051387,8.3493639432395,33000.0
2011-02-07,11.38,11.56,11.35,11.52,12800.0,0.0,1.0,8.3274111896639,8.4591277111173,8.3054584360884,8.4298573730166,12800.0
2011-02-08,11.46,11.4995,11.36,11.43,17900.0,0.0,1.0,8.3859518658654,8.4148563247399,8.3127760206136,8.3639991122899,17900.0
2011-02-09,11.41,11.65,11.405,11.53,13300.0,0.0,1.0,8.3493639432395,8.524985971844,8.3457051509769,8.4371749575418,13300.0
2011-02-10,11.42,11.67,11.4,11.45,12800.0,0.0,1.0,8.3566815277647,8.5396211408944,8.3420463587143,8.3786342813403,12800.0
2011-02-11,11.41,11.72,11.41,11.72,8600.0,0.0,1.0,8.3493639432395,8.5762090635203,8.3493639432395,8.5762090635203,8600.0
2011-02-14,11.68,11.91,11.68,11.85,9900.0,0.0,1.0,8.5469387254196,8.7152431694989,8.5469387254196,8.6713376623478,9900.0
2011-02-15,11.8,11.96,11.8,11.93,13000.0,0.0,1.0,8.6347497397218,8.7518310921248,8.6347497397218,8.7298783385493,13000.0
2011-02-16,11.97,12.0099,11.95,11.98,10200.0,0.0,1.0,8.75914867665,8.7883458389055,8.7445135075997,8.7664662611752,10200.0
2011-02-17,12.0,12.05,11.98,12.05,5200.0,0.0,1.0,8.7811014302256,8.8176893528515,8.7664662611752,8.8176893528515,5200.0
2011-02-18,12.1,12.1,11.48,11.83,19000.0,0.0,1.0,8.8542772754775,8.8542772754775,8.4005870349158,8.6567024932974,19000.0
2011-02-22,11.64,11.78,11.41,11.61,20300.0,0.0,1.0,8.5176683873188,8.6201145706715,8.3493639432395,8.4957156337433,20300.0
2011-02-23,11.7275,11.82,11.72,11.72,12100.0,0.0,1.0,8.5816972519142,8.6493849087722,8.5762090635203,8.5762090635203,12100.0
2011-02-24,11.78,11.82,11.51,11.76,16700.0,0.0,1.0,8.6201145706715,8.6493849087722,8.4225397884914,8.6054794016211,16700.0
2011-02-25,11.75,12.03,11.5301,11.92,20200.0,0.0,1.0,8.5981618170959,8.8030541838012,8.437248133387,8.7225607540241,20200.0
2011-02-28,11.97,12.05,11.95,12.05,8600.0,0.0,1.0,8.75914867665,8.8176893528515,8.7445135075997,8.8176893528515,8600.0
2011-03-01,11.83,11.8301,11.56,11.56,11300.0,0.0,1.0,8.6567024932974,8.6567756691426,8.4591277111173,8.4591277111173,11300.0
2011-03-02,11.57,11.9,11.42,11.72,12700.0,0.0,1.0,8.4664452956425,8.7079255849737,8.3566815277647,8.5762090635203,12700.0
2011-03-03,11.77,11.9,11.75,11.83,15500.0,0.0,1.0,8.6127969861463,8.7079255849737,8.5981618170959,8.6567024932974,15500.0
2011-03-04,11.76,11.87,11.75,11.82,12100.0,0.0,1.0,8.6054794016211,8.6859728313981,8.5981618170959,8.6493849087722,12100.0
2011-03-07,11.88,11.96,11.75,11.86,27400.0,0.0,1.0,8.6932904159233,8.7518310921248,8.5981618170959,8.678655246873,27400.0
2011-03-08,11.91,12.09,11.87,12.03,8300.0,0.0,1.0,8.7152431694989,8.8469596909523,8.6859728313981,8.8030541838012,8300.0
2011-03-09,12.0,12.0,11.83,11.9,5100.0,0.0,1.0,8.7811014302256,8.7811014302256,8.6567024932974,8.7079255849737,5100.0
2011-03-10,11.8,11.88,11.8,11.8,13900.0,0.0,1.0,8.6347497397218,8.6932904159233,8.6347497397218,8.6347497397218,13900.0
2011-03-11,11.87,11.92,11.77,11.8,7500.0,0.0,1.0,8.6859728313981,8.7225607540241,8.6127969861463,8.6347497397218,7500.0
2011-03-14,11.68,11.81,11.46,11.49,6800.0,0.0,1.0,8.5469387254196,8.642067324247,8.3859518658654,8.407904619441,6800.0
2011-03-15,11.22,11.6,11.22,11.48,33700.0,0.0,1.0,8.2103298372609,8.4883980492181,8.2103298372609,8.4005870349158,33700.0
2011-03-16,11.5,11.94,11.42,11.5,57400.0,0.0,1.0,8.4152222039662,8.7371959230745,8.3566815277647,8.4152222039662,57400.0
2011-03-17,11.71,11.71,11.39,11.49,18800.0,0.0,1.0,8.5688914789951,8.5688914789951,8.3347287741891,8.407904619441,18800.0
2011-03-18,11.53,11.78,11.53,11.77,24700.0,0.0,1.0,8.4371749575418,8.6201145706715,8.4371749575418,8.6127969861463,24700.0
2011-03-21,11.87,11.87,11.56,11.77,9300.0,0.0,1.0,8.6859728313981,8.6859728313981,8.4591277111173,8.6127969861463,9300.0
2011-03-22,11.73,11.73,11.44,11.51,14000.0,0.0,1.0,8.5835266480455,8.5835266480455,8.3713166968151,8.4225397884914,14000.0
2011-03-23,11.49,11.7,11.3,11.65,7300.0,0.0,1.0,8.407904619441,8.56157389447,8.2688705134624,8.524985971844,7300.0
2011-03-24,11.64,11.89,11.64,11.71,12200.0,0.0,1.0,8.5176683873188,8.7006080004485,8.5176683873188,8.5688914789951,12200.0
2011-03-25,11.76,11.76,11.59,11.62,19300.0,0.0,1.0,8.6054794016211,8.6054794016211,8.4810804646929,8.5030332182684,19300.0
2011-03-28,11.6399,11.6399,11.5,11.52,19500.0,0.0,1.0,8.5175952114736,8.5175952114736,8.4152222039662,8.4298573730166,19500.0
2011-03-29,11.55,11.57,11.44,11.57,22600.0,0.0,1.0,8.4518101265921,8.4664452956425,8.3713166968151,8.4664452956425,22600.0
2011-03-30,11.55,11.58,11.44,11.58,24800.0,0.0,1.0,8.4518101265921,8.4737628801677,8.3713166968151,8.4737628801677,24800.0
2011-03-31,11.58,11.72,11.5,11.7,7600.0,0.0,1.0,8.4737628801677,8.5762090635203,8.4152222039662,8.56157389447,7600.0
2011-04-01,11.73,11.9001,11.62,11.62,13000.0,0.0,1.0,8.5835266480455,8.707998760819,8.5030332182684,8.5030332182684,13000.0
2011-04-04,11.63,11.66,11.48,11.58,7700.0,0.0,1.0,8.5103508027936,8.5323035563692,8.4005870349158,8.4737628801677,7700.0
2011-04-05,11.58,11.8301,11.58,11.82,14300.0,0.0,1.0,8.4737628801677,8.6567756691426,8.4737628801677,8.6493849087722,14300.0
2011-04-06,11.66,12.09,11.635,12.08,19400.0,0.0,1.0,8.5323035563692,8.8469596909523,8.5140095950562,8.8396421064271,19400.0
2011-04-07,12.1,12.5,11.8707,12.41,60600.0,0.0,1.0,8.8542772754775,9.146980656485,8.6864850623149,9.0811223957583,60600.0
2011-04-08,12.44,12.44,12.06,12.36,19600.0,0.0,1.0,9.1030751493339,9.1030751493339,8.8250069373767,9.0445344731324,19600.0
2011-04-11,12.33,12.33,12.09,12.21,13000.0,0.0,1.0,9.0225817195568,9.0225817195568,8.8469596909523,8.9347707052545,13000.0
2011-04-12,12.08,12.19,12.0,12.0,15400.0,0.0,1.0,8.8396421064271,8.9201355362042,8.7811014302256,8.7811014302256,15400.0
2011-04-13,11.98,11.98,11.53,11.56,11400.0,0.0,1.0,8.7664662611752,8.7664662611752,8.4371749575418,8.4591277111173,11400.0
2011-04-14,11.54,11.85,11.51,11.76,15500.0,0.0,1.0,8.4444925420669,8.6713376623478,8.4225397884914,8.6054794016211,15500.0
2011-04-15,11.71,11.73,11.52,11.64,23700.0,0.0,1.0,8.5688914789951,8.5835266480455,8.4298573730166,8.5176683873188,23700.0
2011-04-18,11.5,11.63,11.42,11.54,55900.0,0.0,1.0,8.4152222039662,8.5103508027936,8.3566815277647,8.4444925420669,55900.0
2011-04-19,11.61,11.72,11.46,11.49,19000.0,0.0,1.0,8.4957156337433,8.5762090635203,8.3859518658654,8.407904619441,19000.0
2011-04-20,11.5001,11.57,11.4,11.56,15700.0,0.0,1.0,8.4152953798114,8.4664452956425,8.3420463587143,8.4591277111173,15700.0
2011-04-21,11.56,11.56,11.43,11.55,5000.0,0.0,1.0,8.4591277111173,8.4591277111173,8.3639991122899,8.4518101265921,5000.0
2011-04-25,11.56,11.56,11.41,11.54,6800.0,0.0,1.0,8.4591277111173,8.4591277111173,8.3493639432395,8.4444925420669,6800.0
2011-04-26,11.46,11.56,11.44,11.55,18200.0,0.0,1.0,8.3859518658654,8.4591277111173,8.3713166968151,8.4518101265921,18200.0
2011-04-27,11.52,11.68,11.48,11.68,15000.0,0.0,1.0,8.4298573730166,8.5469387254196,8.4005870349158,8.5469387254196,15000.0
2011-04-28,11.69,11.74,11.48,11.62,15000.0,0.0,1.0,8.5542563099448,8.5908442325707,8.4005870349158,8.5030332182684,15000.0
2011-04-29,11.75,11.75,11.0,11.0,35000.0,0.0,1.0,8.5981618170959,8.5981618170959,8.0493429777068,8.0493429777068,35000.0
2011-05-02,11.07,11.07,10.73,10.75,16000.0,0.0,1.0,8.1005660693831,8.1005660693831,7.8517681955267,7.8664033645771,16000.0
2011-05-03,10.78,10.78,10.45,10.45,22000.0,0.0,1.0,7.8883561181527,7.8883561181527,7.6468758288215,7.6468758288215,22000.0
2011-05-04,10.49,10.49,9.71,9.74,29900.0,0.0,1.0,7.6761461669222,7.6761461669222,7.1053745739575,7.1273273275331,29900.0
2011-05-05,9.71,9.76,8.63,8.78,59900.0,0.0,1.0,7.1053745739575,7.1419624965835,6.3150754452372,6.4248392131151,59900.0
2011-05-06,8.83,9.49,8.78,9.31,40000.0,0.0,1.0,6.461427135741,6.9443877144034,6.4248392131151,6.81267119295,40000.0
2011-05-09,9.36,9.64,9.3,9.31,30000.0,0.0,1.0,6.849259115576,7.0541514822812,6.8053536084248,6.81267119295,30000.0
2011-05-10,9.31,9.86,9.31,9.86,26300.0,0.0,1.0,6.81267119295,7.2151383418354,6.81267119295,7.2151383418354,26300.0
2011-05-11,9.78,9.88,9.55,9.57,52500.0,0.0,1.0,7.1565976656339,7.2297735108857,6.9882932215545,7.0029283906049,52500.0
2011-05-12,9.51,9.97,9.5,9.96,24500.0,0.0,1.0,6.9590228834538,7.2956317716124,6.9517052989286,7.2883141870872,24500.0
2011-05-13,9.98,9.98,9.61,9.62,12000.0,0.0,1.0,7.3029493561376,7.3029493561376,7.0321987287057,7.0395163132308,12000.0
2011-05-16,9.52,9.65,9.3,9.3,28900.0,0.0,1.0,6.966340467979,7.0614690668064,6.8053536084248,6.8053536084248,28900.0
2011-05-17,9.33,9.58,9.3,9.53,24900.0,0.0,1.0,6.8273063620004,7.0102459751301,6.8053536084248,6.9736580525042,24900.0
2011-05-18,9.52,9.64,9.321,9.61,27200.0,0.0,1.0,6.966340467979,7.0541514822812,6.8207205359277,7.0321987287057,27200.0
2011-05-19,9.68,9.68,9.45,9.54,31800.0,0.0,1.0,7.083421820382,7.083421820382,6.9151173763027,6.9809756370293,31800.0
2011-05-20,9.53,9.58,9.37,9.37,40800.0,0.0,1.0,6.9736580525042,7.0102459751301,6.8565767001011,6.8565767001011,40800.0
2011-05-23,9.23,9.33,9.1,9.1,12400.0,0.0,1.0,6.7541305167485,6.8273063620004,6.6590019179211,6.6590019179211,12400.0
2011-05-24,9.17,9.22,9.07,9.09,22300.0,0.0,1.0,6.7102250095974,6.7468129322233,6.6370491643455,6.6516843333959,22300.0
2011-05-25,9.08,9.15,9.06,9.1,12800.0,0.0,1.0,6.6443667488707,6.695589840547,6.6297315798203,6.6590019179211,12800.0
2011-05-26,9.1,9.23,9.06,9.17,16800.0,0.0,1.0,6.6590019179211,6.7541305167485,6.6297315798203,6.7102250095974,16800.0
2011-05-27,9.2,9.44,9.14,9.32,20900.0,0.0,1.0,6.732177763173,6.9077997917775,6.6882722560218,6.8199887774752,20900.0
2011-05-31,9.4,9.69,9.32,9.6,48400.0,0.0,1.0,6.8785294536767,7.0907394049072,6.8199887774752,7.0248811441805,48400.0
2011-06-01,9.61,9.64,9.0,9.01,46000.0,0.0,1.0,7.0321987287057,7.0541514822812,6.5858260726692,6.5931436571944,46000.0
2011-06-02,9.05,9.13,8.95,9.02,18600.0,0.0,1.0,6.6224139952951,6.6809546714966,6.5492381500433,6.6004612417196,18600.0
2011-06-03,8.91,9.52,8.9,8.98,38000.0,0.0,1.0,6.5199678119425,6.966340467979,6.5126502274173,6.5711909036188,38000.0
2011-06-06,8.89,9.04,8.7,8.71,29800.0,0.0,1.0,6.5053326428921,6.6150964107699,6.3662985369136,6.3736161214387,29800.0
2011-06-07,8.81,8.81,8.58,8.62,11500.0,0.0,1.0,6.4467919666906,6.4467919666906,6.2784875226113,6.307757860712,11500.0
2011-06-08,8.57,8.57,8.38,8.42,20000.0,0.0,1.0,6.2711699380861,6.2711699380861,6.1321358321075,6.1614061702083,20000.0
2011-06-09,8.43,8.45,8.28,8.37,20200.0,0.0,1.0,6.1687237547335,6.1833589237839,6.0589599868557,6.1248182475823,20200.0
2011-06-10,8.3,8.39,8.01,8.09,38800.0,0.0,1.0,6.073595155906,6.1394534166327,5.8613852046756,5.9199258808771,38800.0
2011-06-13,8.14,8.34,7.97,8.02,28300.0,0.0,1.0,5.956513803503,6.1028654940068,5.8321148665748,5.8687027892008,28300.0
2011-06-14,8.11,8.27,7.97,8.04,43700.0,0.0,1.0,5.9345610499275,6.0516424023305,5.8321148665748,5.8833379582511,43700.0
2011-06-15,8.0,8.13,7.63,7.73,58300.0,0.0,1.0,5.8540676201504,5.9491962189778,5.5833169927184,5.6564928379703,58300.0
2011-06-16,7.73,8.32,7.6,8.09,36400.0,0.0,1.0,5.6564928379703,6.0882303249564,5.5613642391429,5.9199258808771,36400.0
2011-06-17,8.19,8.72,8.18,8.44,42000.0,0.0,1.0,5.993101726129,6.3809337059639,5.9857841416038,6.1760413392587,42000.0
2011-06-20,8.43,8.75,8.42,8.54,39600.0,0.0,1.0,6.1687237547335,6.4028864595395,6.1614061702083,6.2492171845105,39600.0
2011-06-21,8.55,8.84,8.31,8.63,64400.0,0.0,1.0,6.2565347690357,6.4687447202662,6.0809127404312,6.3150754452372,64400.0
2011-06-22,8.59,8.62,8.26,8.33,30700.0,0.0,1.0,6.2858051071365,6.307757860712,6.0443248178053,6.0955479094816,30700.0
2011-06-23,8.19,8.39,7.98,7.99,53100.0,0.0,1.0,5.993101726129,6.1394534166327,5.8394324511,5.8467500356252,53100.0
2011-06-24,8.02,8.26,7.97,8.13,1052000.0,0.0,1.0,5.8687027892008,6.0443248178053,5.8321148665748,5.9491962189778,1052000.0
2011-06-27,8.17,8.75,8.17,8.5,41900.0,0.0,1.0,5.9784665570786,6.4028864595395,5.9784665570786,6.2199468464098,41900.0
2011-06-28,8.51,8.725,8.32,8.5,22300.0,0.0,1.0,6.227264430935,6.3845924982265,6.0882303249564,6.2199468464098,22300.0
2011-06-29,8.55,8.69,8.5,8.53,24200.0,0.0,1.0,6.2565347690357,6.3589809523884,6.2199468464098,6.2418995999854,24200.0
2011-06-30,8.61,8.64,8.46,8.46,37000.0,0.0,1.0,6.3004402761869,6.3223930297624,6.190676508309,6.190676508309,37000.0
2011-07-01,8.43,8.43,8.33,8.37,17900.0,0.0,1.0,6.1687237547335,6.1687237547335,6.0955479094816,6.1248182475823,17900.0
2011-07-05,8.37,8.45,8.25,8.3,17100.0,0.0,1.0,6.1248182475823,6.1833589237839,6.0370072332801,6.073595155906,17100.0
2011-07-06,8.3399,8.38,8.24,8.28,21700.0,0.0,1.0,6.1027923181615,6.1321358321075,6.0296896487549,6.0589599868557,21700.0
2011-07-07,8.38,8.38,8.26,8.31,28200.0,0.0,1.0,6.1321358321075,6.1321358321075,6.0443248178053,6.0809127404312,28200.0
2011-07-08,8.22,8.39,8.22,8.34,7500.0,0.0,1.0,6.0150544797045,6.1394534166327,6.0150544797045,6.1028654940068,7500.0
2011-07-11,8.26,8.39,8.26,8.35,20600.0,0.0,1.0,6.0443248178053,6.1394534166327,6.0443248178053,6.110183078532,20600.0
2011-07-12,8.35,8.38,8.35,8.35,4300.0,0.0,1.0,6.110183078532,6.1321358321075,6.110183078532,6.110183078532,4300.0
2011-07-13,8.39,8.39,8.3,8.3,9700.0,0.0,1.0,6.1394534166327,6.1394534166327,6.073595155906,6.073595155906,9700.0
2011-07-14,8.3,8.4,8.3,8.37,19700.0,0.0,1.0,6.073595155906,6.1467710011579,6.073595155906,6.1248182475823,19700.0
2011-07-15,8.4,8.4,8.24,8.3,4900.0,0.0,1.0,6.1467710011579,6.1467710011579,6.0296896487549,6.073595155906,4900.0
2011-07-18,8.23,8.33,8.21,8.21,9900.0,0.0,1.0,6.0223720642297,6.0955479094816,6.0077368951793,6.0077368951793,9900.0
2011-07-19,8.26,8.26,8.16,8.17,41500.0,0.0,1.0,6.0443248178053,6.0443248178053,5.9711489725534,5.9784665570786,41500.0
2011-07-20,8.17,8.32,8.15,8.32,10600.0,0.0,1.0,5.9784665570786,6.0882303249564,5.9638313880282,6.0882303249564,10600.0
2011-07-21,8.32,8.32,8.2,8.28,14100.0,0.0,1.0,6.0882303249564,6.0882303249564,6.0004193106542,6.0589599868557,14100.0
2011-07-22,8.25,8.4,8.25,8.28,19500.0,0.0,1.0,6.0370072332801,6.1467710011579,6.0370072332801,6.0589599868557,19500.0
2011-07-25,8.22,8.36,8.22,8.35,10700.0,0.0,1.0,6.0150544797045,6.1175006630572,6.0150544797045,6.110183078532,10700.0
2011-07-26,8.4,8.57,8.3,8.57,14700.0,0.0,1.0,6.1467710011579,6.2711699380861,6.073595155906,6.2711699380861,14700.0
2011-07-27,8.5316,8.5316,8.38,8.46,4600.0,0.0,1.0,6.2430704135094,6.2430704135094,6.1321358321075,6.190676508309,4600.0
2011-07-28,8.406,8.51,8.35,8.36,8900.0,0.0,1.0,6.151161551873,6.227264430935,6.110183078532,6.1175006630572,8900.0
2011-07-29,8.35,8.53,8.307,8.37,39100.0,0.0,1.0,6.110183078532,6.2418995999854,6.0787174650737,6.1248182475823,39100.0
2011-08-01,8.43,8.5,8.34,8.38,7000.0,0.0,1.0,6.1687237547335,6.2199468464098,6.1028654940068,6.1321358321075,7000.0
2011-08-02,8.39,8.48,8.33,8.39,6500.0,0.0,1.0,6.1394534166327,6.2053116773594,6.0955479094816,6.1394534166327,6500.0
2011-08-03,8.3434,8.5,8.3225,8.44,10800.0,0.0,1.0,6.1053534727454,6.2199468464098,6.0900597210877,6.1760413392587,10800.0
2011-08-04,8.4,8.56,8.34,8.37,17300.0,0.0,1.0,6.1467710011579,6.2638523535609,6.1028654940068,6.1248182475823,17300.0
2011-08-05,8.54,8.54,8.23,8.23,16200.0,0.0,1.0,6.2492171845105,6.2492171845105,6.0223720642297,6.0223720642297,16200.0
2011-08-08,8.01,8.0901,7.701,7.98,47500.0,0.0,1.0,5.8613852046756,5.9199990567223,5.6352718428473,5.8394324511,47500.0
2011-08-09,8.0,8.16,7.58,7.99,64700.0,0.0,1.0,5.8540676201504,5.9711489725534,5.5467290700925,5.8467500356252,64700.0
2011-08-10,7.98,8.01,7.64,7.91,10600.0,0.0,1.0,5.8394324511,5.8613852046756,5.5906345772436,5.7882093594237,10600.0
2011-08-11,7.86,7.92,7.49,7.66,22100.0,0.0,1.0,5.7516214367978,5.7955269439489,5.4808708093658,5.605269746294,22100.0
2011-08-12,7.78,7.9057,7.54,7.54,12400.0,0.0,1.0,5.6930807605963,5.7850627980779,5.5174587319917,5.5174587319917,12400.0
2011-08-15,7.59,8.0,7.59,7.75,9700.0,0.0,1.0,5.5540466546177,5.8540676201504,5.5540466546177,5.6711280070207,9700.0
2011-08-16,7.6,7.75,7.51,7.51,6800.0,0.0,1.0,5.5613642391429,5.6711280070207,5.4955059784162,5.4955059784162,6800.0
2011-08-17,7.51,7.51,7.36,7.4,6900.0,0.0,1.0,5.4955059784162,5.4955059784162,5.3857422105384,5.4150125486391,6900.0
2011-08-18,7.35,7.4,7.15,7.33,27700.0,0.0,1.0,5.3784246260132,5.4150125486391,5.2320729355094,5.3637894569628,27700.0
2011-08-19,7.17,7.25,7.0,7.03,36700.0,0.0,1.0,5.2467081045598,5.3052487807613,5.1223091676316,5.1442619212072,36700.0
2011-08-22,7.18,7.18,6.28,6.49,26500.0,0.0,1.0,5.254025689085,5.254025689085,4.5954430818181,4.749112356847,26500.0
2011-08-23,6.5,6.69,6.32,6.63,20000.0,0.0,1.0,4.7564299413722,4.8954640473508,4.6247134199188,4.8515585401996,20000.0
2011-08-24,6.5801,6.62,6.58,6.6,2900.0,0.0,1.0,4.815043793419,4.8442409556745,4.8149706175737,4.8296057866241,2900.0
2011-08-25,7.31,9.15,7.31,8.45,169900.0,0.0,1.0,5.3491542879124,6.695589840547,5.3491542879124,6.1833589237839,169900.0
2011-08-26,8.32,8.5,7.78,7.91,48200.0,0.0,1.0,6.0882303249564,6.2199468464098,5.6930807605963,5.7882093594237,48200.0
2011-08-29,8.1,8.67,8.03,8.52,37500.0,0.0,1.0,5.9272434654023,6.344345783338,5.876020373726,6.2345820154602,37500.0
2011-08-30,8.36,8.46,8.27,8.42,13800.0,0.0,1.0,6.1175006630572,6.190676508309,6.0516424023305,6.1614061702083,13800.0
2011-08-31,8.42,8.46,8.32,8.36,4700.0,0.0,1.0,6.1614061702083,6.190676508309,6.0882303249564,6.1175006630572,4700.0
2011-09-01,8.45,8.45,8.2,8.22,4200.0,0.0,1.0,6.1833589237839,6.1833589237839,6.0004193106542,6.0150544797045,4200.0
2011-09-02,8.21,8.27,8.11,8.22,8100.0,0.0,1.0,6.0077368951793,6.0516424023305,5.9345610499275,6.0150544797045,8100.0
2011-09-06,8.05,8.06,7.87,7.87,6700.0,0.0,1.0,5.8906555427763,5.8979731273015,5.758939021323,5.758939021323,6700.0
2011-09-07,7.99,8.0501,7.91,7.92,7100.0,0.0,1.0,5.8467500356252,5.8907287186216,5.7882093594237,5.7955269439489,7100.0
2011-09-08,7.7907,7.939,7.7907,7.82,7800.0,0.0,1.0,5.7009105760382,5.8094303545467,5.7009105760382,5.722351098697,7800.0
2011-09-09,7.75,7.75,7.35,7.6499,71900.0,0.0,1.0,5.6711280070207,5.6711280070207,5.3784246260132,5.5978789859236,71900.0
2011-09-12,7.37,7.6501,7.37,7.6501,15400.0,0.0,1.0,5.3930597950636,5.5980253376141,5.3930597950636,5.5980253376141,15400.0
2011-09-13,7.645,8.089,7.64,8.0015,70100.0,0.0,1.0,5.5942933695062,5.9191941224246,5.5906345772436,5.8551652578292,70100.0
2011-09-14,8.0,8.1,7.93,8.1,7400.0,0.0,1.0,5.8540676201504,5.9272434654023,5.8028445284741,5.9272434654023,7400.0
2011-09-15,8.1,8.175,8.0,8.02,6500.0,0.0,1.0,5.9272434654023,5.9821253493412,5.8540676201504,5.8687027892008,6500.0
2011-09-16,8.02,8.2465,7.96,8.24,7200.0,0.0,1.0,5.8687027892008,6.0344460786963,5.8247972820496,6.0296896487549,7200.0
2011-09-19,8.12,8.21,8.0,8.0,9900.0,0.0,1.0,5.9418786344527,6.0077368951793,5.8540676201504,5.8540676201504,9900.0
2011-09-20,8.01,8.2,8.0099,8.16,11100.0,0.0,1.0,5.8613852046756,6.0004193106542,5.8613120288303,5.9711489725534,11100.0
2011-09-21,8.15,8.15,7.81,8.065,11700.0,0.0,1.0,5.9638313880282,5.9638313880282,5.7150335141718,5.9016319195641,11700.0
2011-09-22,7.8911,7.936,7.68,7.77,18200.0,0.0,1.0,5.7743791246711,5.8072350791892,5.6199049153444,5.6857631760711,18200.0
2011-09-23,7.76,7.88,7.71,7.8,6900.0,0.0,1.0,5.6784455915459,5.7662566058481,5.6418576689199,5.7077159296466,6900.0
2011-09-26,7.67,7.76,7.67,7.745,32000.0,0.0,1.0,5.6125873308192,5.6784455915459,5.6125873308192,5.6674692147581,32000.0
2011-09-27,7.75,7.98,7.7499,7.8,18500.0,0.0,1.0,5.6711280070207,5.8394324511,5.6710548311754,5.7077159296466,18500.0
2011-09-28,7.7586,7.79,7.67,7.72,13800.0,0.0,1.0,5.6774211297124,5.7003983451214,5.6125873308192,5.6491752534451,13800.0
2011-09-29,7.73,8.0,7.73,7.96,4900.0,0.0,1.0,5.6564928379703,5.8540676201504,5.6564928379703,5.8247972820496,4900.0
2011-09-30,7.85,7.99,7.85,7.9,2800.0,0.0,1.0,5.7443038522726,5.8467500356252,5.7443038522726,5.7808917748985,2800.0
2011-10-03,7.94,7.99,7.72,7.9,6500.0,0.0,1.0,5.8101621129993,5.8467500356252,5.6491752534451,5.7808917748985,6500.0
2011-10-04,7.9,7.99,7.82,7.9,2600.0,0.0,1.0,5.7808917748985,5.8467500356252,5.722351098697,5.7808917748985,2600.0
2011-10-05,7.94,8.0,7.91,7.91,16400.0,0.0,1.0,5.8101621129993,5.8540676201504,5.7882093594237,5.7882093594237,16400.0
2011-10-06,7.95,7.95,7.81,7.91,3500.0,0.0,1.0,5.8174796975245,5.8174796975245,5.7150335141718,5.7882093594237,3500.0
2011-10-07,7.95,8.01,7.81,7.9,9800.0,0.0,1.0,5.8174796975245,5.8613852046756,5.7150335141718,5.7808917748985,9800.0
2011-10-10,7.9,8.01,7.9,8.01,26400.0,0.0,1.0,5.7808917748985,5.8613852046756,5.7808917748985,5.8613852046756,26400.0
2011-10-11,8.0,8.27,7.91,8.27,3600.0,0.0,1.0,5.8540676201504,6.0516424023305,5.7882093594237,6.0516424023305,3600.0
2011-10-12,8.27,8.4293,8.065,8.33,55200.0,0.0,1.0,6.0516424023305,6.1682115238167,5.9016319195641,6.0955479094816,55200.0
2011-10-13,8.29,8.41,8.29,8.36,19400.0,0.0,1.0,6.0662775713808,6.1540885856831,6.0662775713808,6.1175006630572,19400.0
2011-10-14,8.4,8.52,8.31,8.51,8100.0,0.0,1.0,6.1467710011579,6.2345820154602,6.0809127404312,6.227264430935,8100.0
2011-10-17,8.49,8.59,8.08,8.325,26100.0,0.0,1.0,6.2126292618846,6.2858051071365,5.9126082963519,6.091889117219,26100.0
2011-10-18,8.36,8.39,8.28,8.28,9200.0,0.0,1.0,6.1175006630572,6.1394534166327,6.0589599868557,6.0589599868557,9200.0
2011-10-19,8.15,8.23,8.125,8.23,4500.0,0.0,1.0,5.9638313880282,6.0223720642297,5.9455374267152,6.0223720642297,4500.0
2011-10-20,8.1,8.21,8.08,8.1,3400.0,0.0,1.0,5.9272434654023,6.0077368951793,5.9126082963519,5.9272434654023,3400.0
2011-10-21,8.1,8.2,8.095,8.13,4200.0,0.0,1.0,5.9272434654023,6.0004193106542,5.9235846731397,5.9491962189778,4200.0
2011-10-24,8.11,8.4,8.11,8.205,27500.0,0.0,1.0,5.9345610499275,6.1467710011579,5.9345610499275,6.0040781029167,27500.0
2011-10-25,8.15,8.25,8.15,8.24,27100.0,0.0,1.0,5.9638313880282,6.0370072332801,5.9638313880282,6.0296896487549,27100.0
2011-10-26,8.6284,8.63,8.29,8.3,23700.0,0.0,1.0,6.3139046317132,6.3150754452372,6.0662775713808,6.073595155906,23700.0
2011-10-27,8.3,8.9,8.3,8.9,53200.0,0.0,1.0,6.073595155906,6.5126502274173,6.073595155906,6.5126502274173,53200.0
2011-10-28,8.29,8.52,8.0,8.42,39600.0,0.0,1.0,6.0662775713808,6.2345820154602,5.8540676201504,6.1614061702083,39600.0
2011-10-31,8.37,8.6,8.31,8.6,12000.0,0.0,1.0,6.1248182475823,6.2931226916617,6.0809127404312,6.2931226916617,12000.0
2011-11-01,8.6,8.71,8.11,8.62,8300.0,0.0,1.0,6.2931226916617,6.3736161214387,5.9345610499275,6.307757860712,8300.0
2011-11-02,8.74,8.75,8.475,8.75,4000.0,0.0,1.0,6.3955688750143,6.4028864595395,6.2016528850968,6.4028864595395,4000.0
2011-11-03,8.76,8.76,8.75,8.75,1000.0,0.0,1.0,6.4102040440647,6.4102040440647,6.4028864595395,6.4028864595395,1000.0
2011-11-04,8.62,8.73,8.29,8.73,2700.0,0.0,1.0,6.307757860712,6.3882512904891,6.0662775713808,6.3882512904891,2700.0
2011-11-07,8.62,8.75,8.62,8.75,8400.0,0.0,1.0,6.307757860712,6.4028864595395,6.307757860712,6.4028864595395,8400.0
2011-11-08,8.7,8.72,8.54,8.71,10600.0,0.0,1.0,6.3662985369136,6.3809337059639,6.2492171845105,6.3736161214387,10600.0
2011-11-09,8.65,8.68,8.473,8.5,8700.0,0.0,1.0,6.3297106142876,6.3516633678632,6.2001893681918,6.2199468464098,8700.0
2011-11-10,8.57,8.6,8.45,8.47,24300.0,0.0,1.0,6.2711699380861,6.2931226916617,6.1833589237839,6.1979940928342,24300.0
2011-11-11,8.48,8.5,8.38,8.4,12100.0,0.0,1.0,6.2053116773594,6.2199468464098,6.1321358321075,6.1467710011579,12100.0
2011-11-14,8.4999,8.52,8.32,8.34,62200.0,0.0,1.0,6.2198736705645,6.2345820154602,6.0882303249564,6.1028654940068,62200.0
2011-11-15,8.34,8.49,8.2799,8.47,8800.0,0.0,1.0,6.1028654940068,6.2126292618846,6.0588868110104,6.1979940928342,8800.0
2011-11-16,8.4,8.5,8.29,8.43,2400.0,0.0,1.0,6.1467710011579,6.2199468464098,6.0662775713808,6.1687237547335,2400.0
2011-11-17,8.38,8.5,8.08,8.35,32100.0,0.0,1.0,6.1321358321075,6.2199468464098,5.9126082963519,6.110183078532,32100.0
2011-11-18,8.33,8.419,8.3,8.39,9400.0,0.0,1.0,6.0955479094816,6.1606744117558,6.073595155906,6.1394534166327,9400.0
2011-11-21,8.29,8.39,8.24,8.33,1300.0,0.0,1.0,6.0662775713808,6.1394534166327,6.0296896487549,6.0955479094816,1300.0
2011-11-22,8.35,8.35,8.245,8.25,5100.0,0.0,1.0,6.110183078532,6.110183078532,6.0333484410175,6.0370072332801,5100.0
2011-11-23,8.15,8.15,7.92,7.92,9100.0,0.0,1.0,5.9638313880282,5.9638313880282,5.7955269439489,5.7955269439489,9100.0
2011-11-25,7.87,7.9,7.84,7.84,18100.0,0.0,1.0,5.758939021323,5.7808917748985,5.7369862677474,5.7369862677474,18100.0
2011-11-28,7.98,8.19,7.69,7.82,11300.0,0.0,1.0,5.8394324511,5.993101726129,5.6272224998696,5.722351098697,11300.0
2011-11-29,7.76,7.8,7.7,7.79,9100.0,0.0,1.0,5.6784455915459,5.7077159296466,5.6345400843948,5.7003983451214,9100.0
2011-11-30,7.9,7.91,7.79,7.82,7800.0,0.0,1.0,5.7808917748985,5.7882093594237,5.7003983451214,5.722351098697,7800.0
2011-12-01,7.85,7.85,7.74,7.76,9000.0,0.0,1.0,5.7443038522726,5.7443038522726,5.6638104224955,5.6784455915459,9000.0
2011-12-02,7.82,7.92,7.75,7.75,5400.0,0.0,1.0,5.722351098697,5.7955269439489,5.6711280070207,5.6711280070207,5400.0
2011-12-05,7.8799,7.95,7.76,7.77,20400.0,0.0,1.0,5.7661834300029,5.8174796975245,5.6784455915459,5.6857631760711,20400.0
2011-12-06,7.76,7.76,7.4226,7.4226,11800.0,0.0,1.0,5.6784455915459,5.6784455915459,5.431550289666,5.431550289666,11800.0
2011-12-07,7.45,7.77,7.43,7.75,21300.0,0.0,1.0,5.4516004712651,5.6857631760711,5.4369653022147,5.6711280070207,21300.0
2011-12-08,7.57,7.935,7.57,7.75,24200.0,0.0,1.0,5.5394114855673,5.8065033207367,5.5394114855673,5.6711280070207,24200.0
2011-12-09,7.75,7.75,7.43,7.59,24300.0,0.0,1.0,5.6711280070207,5.6711280070207,5.4369653022147,5.5540466546177,24300.0
2011-12-12,7.56,7.65,7.45,7.49,66900.0,0.0,1.0,5.5320939010421,5.5979521617688,5.4516004712651,5.4808708093658,66900.0
2011-12-13,7.49,7.5353,7.3,7.41,23500.0,0.0,1.0,5.4808708093658,5.5140194672649,5.3418367033872,5.4223301331643,23500.0
2011-12-14,7.35,7.5,7.2501,7.4,17700.0,0.0,1.0,5.3784246260132,5.488188393891,5.3053219566065,5.4150125486391,17700.0
2011-12-15,7.46,7.5,7.31,7.32,8000.0,0.0,1.0,5.4589180557902,5.488188393891,5.3491542879124,5.3564718724376,8000.0
2011-12-16,7.38,7.47,7.16,7.24,32000.0,0.0,1.0,5.4003773795887,5.4662356403154,5.2393905200346,5.2979311962361,32000.0
2011-12-19,7.25,7.45,7.23,7.23,32600.0,0.0,1.0,5.3052487807613,5.4516004712651,5.2906136117109,5.2906136117109,32600.0
2011-12-20,7.26,7.35,7.2,7.25,80500.0,0.0,1.0,5.3125663652865,5.3784246260132,5.2686608581354,5.3052487807613,80500.0
2011-12-21,7.23,7.28,7.2065,7.25,67000.0,0.0,1.0,5.2906136117109,5.3272015343369,5.2734172880767,5.3052487807613,67000.0
2011-12-22,7.25,7.4,7.2086,7.35,48500.0,0.0,1.0,5.3052487807613,5.4150125486391,5.274953980827,5.3784246260132,48500.0
2011-12-23,7.3,7.58,7.26,7.26,29900.0,0.0,1.0,5.3418367033872,5.5467290700925,5.3125663652865,5.3125663652865,29900.0
2011-12-27,7.2,7.26,7.18,7.25,19300.0,0.0,1.0,5.2686608581354,5.3125663652865,5.254025689085,5.3052487807613,19300.0
2011-12-28,7.25,7.4399,7.23,7.29,54300.0,0.0,1.0,5.3052487807613,5.4442097108946,5.2906136117109,5.334519118862,54300.0
2011-12-29,7.3,7.56,7.3,7.5,18000.0,0.0,1.0,5.3418367033872,5.5320939010421,5.3418367033872,5.488188393891,18000.0
2011-12-30,7.28,7.55,7.28,7.54,57200.0,0.0,1.0,5.3272015343369,5.5247763165169,5.3272015343369,5.5174587319917,57200.0
2012-01-03,7.66,7.68,7.43,7.68,9500.0,0.0,1.0,5.605269746294,5.6199049153444,5.4369653022147,5.6199049153444,9500.0
2012-01-04,7.72,7.96,7.31,7.33,49700.0,0.0,1.0,5.6491752534451,5.8247972820496,5.3491542879124,5.3637894569628,49700.0
2012-01-05,7.3,7.67,7.24,7.66,28600.0,0.0,1.0,5.3418367033872,5.6125873308192,5.2979311962361,5.605269746294,28600.0
2012-01-06,7.58,7.7192,7.31,7.51,24800.0,0.0,1.0,5.5467290700925,5.6485898466831,5.3491542879124,5.4955059784162,24800.0
2012-01-09,7.54,7.65,7.4,7.55,13600.0,0.0,1.0,5.5174587319917,5.5979521617688,5.4150125486391,5.5247763165169,13600.0
2012-01-10,7.65,8.31,7.6,8.31,16900.0,0.0,1.0,5.5979521617688,6.0809127404312,5.5613642391429,6.0809127404312,16900.0
2012-01-11,8.13,8.459,7.95,8.33,12200.0,0.0,1.0,5.9491962189778,6.1899447498565,5.8174796975245,6.0955479094816,12200.0
2012-01-12,8.36,8.569,8.25,8.51,17100.0,0.0,1.0,6.1175006630572,6.2704381796336,6.0370072332801,6.227264430935,17100.0
2012-01-13,8.47,8.72,8.46,8.71,11200.0,0.0,1.0,6.1979940928342,6.3809337059639,6.190676508309,6.3736161214387,11200.0
2012-01-17,8.8,9.24,8.75,8.91,28400.0,0.0,1.0,6.4394743821654,6.7614481012737,6.4028864595395,6.5199678119425,28400.0
2012-01-18,8.52,9.089,8.26,8.76,10000.0,0.0,1.0,6.2345820154602,6.6509525749434,6.0443248178053,6.4102040440647,10000.0
2012-01-19,8.79,9.02,8.76,9.0186,17300.0,0.0,1.0,6.4321567976402,6.6004612417196,6.4102040440647,6.599436779886,17300.0
2012-01-20,8.91,9.15,8.91,9.123,7000.0,0.0,1.0,6.5199678119425,6.695589840547,6.5199678119425,6.675832362329,7000.0
2012-01-23,9.04,9.359,9.04,9.17,8000.0,0.0,1.0,6.6150964107699,6.8485273571234,6.6150964107699,6.7102250095974,8000.0
2012-01-24,9.22,9.65,9.04,9.584,16100.0,0.0,1.0,6.7468129322233,7.0614690668064,6.6150964107699,7.0131730089402,16100.0
2012-01-25,9.58,10.17,9.58,10.0,30600.0,0.0,1.0,7.0102459751301,7.4419834621162,7.0102459751301,7.317584525188,30600.0
2012-01-26,10.1,10.25,10.01,10.01,16500.0,0.0,1.0,7.3907603704399,7.5005241383177,7.3249021097132,7.3249021097132,16500.0
2012-01-27,10.03,10.06,9.79,9.9,5000.0,0.0,1.0,7.3395372787636,7.3614900323391,7.163915250159,7.2444086799361,5000.0
2012-01-30,9.8,9.8,9.57,9.8,4500.0,0.0,1.0,7.1712328346842,7.1712328346842,7.0029283906049,7.1712328346842,4500.0
2012-01-31,9.93,10.0,9.78,10.0,4700.0,0.0,1.0,7.2663614335117,7.317584525188,7.1565976656339,7.317584525188,4700.0
2012-02-01,9.88,10.1499,9.87,9.95,14500.0,0.0,1.0,7.2297735108857,7.4272751172206,7.2224559263605,7.2809966025621,14500.0
2012-02-02,10.56,11.0,9.805,10.3,99700.0,0.0,1.0,7.7273692585985,8.0493429777068,7.1748916269468,7.5371120609436,99700.0
2012-02-03,10.2,10.2,9.73,10.17,21700.0,0.0,1.0,7.4639362156918,7.4639362156918,7.1200097430079,7.4419834621162,21700.0
2012-02-06,10.12,10.3,9.85,9.94,39200.0,0.0,1.0,7.4053955394902,7.5371120609436,7.2078207573102,7.2736790180369,39200.0
2012-02-07,9.975,10.33,9.95,9.97,27900.0,0.0,1.0,7.299290563875,7.5590648145192,7.2809966025621,7.2956317716124,27900.0
2012-02-08,10.06,10.1792,9.95,10.15,11500.0,0.0,1.0,7.3614900323391,7.4487156398794,7.2809966025621,7.4273482930658,11500.0
2012-02-09,10.23,10.25,10.07,10.24,21300.0,0.0,1.0,7.4858889692673,7.5005241383177,7.3688076168643,7.4932065537925,21300.0
2012-02-10,10.25,10.25,10.1095,10.15,13500.0,0.0,1.0,7.5005241383177,7.5005241383177,7.3977120757388,7.4273482930658,13500.0
2012-02-13,10.24,10.79,10.24,10.59,63000.0,0.0,1.0,7.4932065537925,7.8956737026778,7.4932065537925,7.7493220121741,63000.0
2012-02-14,10.7,10.9699,10.36,10.9,21200.0,0.0,1.0,7.8298154419512,8.027317048286,7.5810175680948,7.9761671324549,21200.0
2012-02-15,10.97,10.97,10.8,10.84,3300.0,0.0,1.0,8.0273902241312,8.0273902241312,7.902991287203,7.9322616253038,3300.0
2012-02-16,10.79,10.95,10.79,10.95,9700.0,0.0,1.0,7.8956737026778,8.0127550550809,7.8956737026778,8.0127550550809,9700.0
2012-02-17,11.0,11.0,10.7,11.0,18800.0,0.0,1.0,8.0493429777068,8.0493429777068,7.8298154419512,8.0493429777068,18800.0
2012-02-21,11.0,11.1784,10.67,10.6812,54300.0,0.0,1.0,8.0493429777068,8.1798886856361,7.8078626883756,7.8160583830438,54300.0
2012-02-22,10.74,10.84,10.7,10.74,24100.0,0.0,1.0,7.8590857800519,7.9322616253038,7.8298154419512,7.8590857800519,24100.0
2012-02-23,10.79,10.93,10.7,10.77,17000.0,0.0,1.0,7.8956737026778,7.9981198860305,7.8298154419512,7.8810385336275,17000.0
2012-02-24,10.75,10.75,10.4118,10.7,26600.0,0.0,1.0,7.8664033645771,7.8664033645771,7.6189226559352,7.8298154419512,26600.0
2012-02-27,10.62,10.74,10.39,10.68,23600.0,0.0,1.0,7.7712747657496,7.8590857800519,7.6029703216703,7.8151802729008,23600.0
2012-02-28,10.58,10.75,10.4,10.7,16800.0,0.0,1.0,7.7420044276489,7.8664033645771,7.6102879061955,7.8298154419512,16800.0
2012-02-29,10.48,10.7,10.48,10.7,9800.0,0.0,1.0,7.668828582397,7.8298154419512,7.668828582397,7.8298154419512,9800.0
2012-03-01,10.67,10.75,10.381,10.7,14400.0,0.0,1.0,7.8078626883756,7.8664033645771,7.5963844955977,7.8298154419512,14400.0
2012-03-02,10.73,10.88,10.63,10.74,50100.0,0.0,1.0,7.8517681955267,7.9615319634045,7.7785923502748,7.8590857800519,50100.0
2012-03-05,10.77,10.95,10.6508,10.7,36500.0,0.0,1.0,7.8810385336275,8.0127550550809,7.7938129260872,7.8298154419512,36500.0
2012-03-06,10.65,10.75,10.5,10.7,41300.0,0.0,1.0,7.7932275193252,7.8664033645771,7.6834637514474,7.8298154419512,41300.0
2012-03-07,10.72,11.15,10.59,11.15,13900.0,0.0,1.0,7.8444506110015,8.1591067455846,7.7493220121741,8.1591067455846,13900.0
2012-03-08,11.2,11.3,11.09,11.25,12000.0,0.0,1.0,8.1956946682106,8.2688705134624,8.1152012384335,8.2322825908365,12000.0
2012-03-09,11.25,11.25,11.11,11.23,9600.0,0.0,1.0,8.2322825908365,8.2322825908365,8.1298364074839,8.2176474217861,9600.0
2012-03-12,11.27,11.713,11.21,11.63,23200.0,0.0,1.0,8.2469177598869,8.5710867543527,8.2030122527357,8.5103508027936,23200.0
2012-03-13,11.7,11.9,11.6,11.7712,19300.0,0.0,1.0,8.56157389447,8.7079255849737,8.4883980492181,8.6136750962893,19300.0
2012-03-14,11.83,11.97,11.83,11.84,19100.0,0.0,1.0,8.6567024932974,8.75914867665,8.6567024932974,8.6640200778226,19100.0
2012-03-15,11.81,11.9,11.77,11.835,11200.0,0.0,1.0,8.642067324247,8.7079255849737,8.6127969861463,8.66036128556,11200.0
2012-03-16,11.7,11.7,11.49,11.52,8100.0,0.0,1.0,8.56157389447,8.56157389447,8.407904619441,8.4298573730166,8100.0
2012-03-19,11.65,11.79,11.3,11.43,27400.0,0.0,1.0,8.524985971844,8.6274321551966,8.2688705134624,8.3639991122899,27400.0
2012-03-20,11.4,11.75,11.26,11.75,18100.0,0.0,1.0,8.3420463587143,8.5981618170959,8.2396001753617,8.5981618170959,18100.0
2012-03-21,11.71,11.96,11.7,11.94,40100.0,0.0,1.0,8.5688914789951,8.7518310921248,8.56157389447,8.7371959230745,40100.0
2012-03-22,11.82,11.96,11.7,11.96,12000.0,0.0,1.0,8.6493849087722,8.7518310921248,8.56157389447,8.7518310921248,12000.0
2012-03-23,11.89,12.01,11.8,11.98,59600.0,0.0,1.0,8.7006080004485,8.7884190147508,8.6347497397218,8.7664662611752,59600.0
2012-03-26,11.98,12.07,11.65,12.07,13300.0,0.0,1.0,8.7664662611752,8.8323245219019,8.524985971844,8.8323245219019,13300.0
2012-03-27,12.06,12.37,12.06,12.36,43600.0,0.0,1.0,8.8250069373767,9.0518520576575,8.8250069373767,9.0445344731324,43600.0
2012-03-28,12.37,12.49,12.31,12.45,19800.0,0.0,1.0,9.0518520576575,9.1396630719598,9.0079465505064,9.1103927338591,19800.0
2012-03-29,12.47,12.55,12.44,12.55,25700.0,0.0,1.0,9.1250279029094,9.1835685791109,9.1030751493339,9.1835685791109,25700.0
2012-03-30,12.55,12.73,12.47,12.47,29200.0,0.0,1.0,9.1835685791109,9.3152851005643,9.1250279029094,9.1250279029094,29200.0
2012-04-02,12.63,12.73,12.63,12.73,27900.0,0.0,1.0,9.2421092553124,9.3152851005643,9.2421092553124,9.3152851005643,27900.0
2012-04-03,12.66,12.78,12.63,12.746,19900.0,0.0,1.0,9.264062008888,9.3518730231903,9.2421092553124,9.3269932358046,19900.0
2012-04-04,12.7416,12.85,12.64,12.85,23200.0,0.0,1.0,9.3237734986135,9.4030961148666,9.2494268398376,9.4030961148666,23200.0
2012-04-05,12.85,12.91,12.55,12.85,26900.0,0.0,1.0,9.4030961148666,9.4470016220177,9.1835685791109,9.4030961148666,26900.0
2012-04-09,12.65,12.91,12.5801,12.875,26000.0,0.0,1.0,9.2567444243628,9.4470016220177,9.2055945085317,9.4213900761795,26000.0
2012-04-10,12.91,12.97,12.72,12.79,18900.0,0.0,1.0,9.4470016220177,9.4909071291688,9.3079675160391,9.3591906077154,18900.0
2012-04-11,12.79,12.97,12.7,12.97,11500.0,0.0,1.0,9.3591906077154,9.4909071291688,9.2933323469888,9.4909071291688,11500.0
2012-04-12,12.83,13.03,12.83,13.01,28600.0,0.0,1.0,9.3884609458162,9.53481263632,9.3884609458162,9.5201774672696,28600.0
2012-04-13,12.91,13.25,12.79,13.24,20900.0,0.0,1.0,9.4470016220177,9.6957994958741,9.3591906077154,9.6884819113489,20900.0
2012-04-16,13.25,13.25,13.04,13.04,38600.0,0.0,1.0,9.6957994958741,9.6957994958741,9.5421302208451,9.5421302208451,38600.0
2012-04-17,13.1,13.25,13.1,13.18,14900.0,0.0,1.0,9.5860357279963,9.6957994958741,9.5860357279963,9.6445764041978,14900.0
2012-04-18,13.24,13.5,13.24,13.5,16500.0,0.0,1.0,9.6884819113489,9.8787391090038,9.6884819113489,9.8787391090038,16500.0
2012-04-19,13.5,13.6,13.4,13.58,33600.0,0.0,1.0,9.8787391090038,9.9519149542557,9.8055632637519,9.9372797852053,33600.0
2012-04-20,13.65,14.0,13.5,13.861,34200.0,0.0,1.0,9.9885028768816,10.244618335263,9.8787391090038,10.142903910363,34200.0
2012-04-23,13.89,14.0,13.54,13.96,33900.0,0.0,1.0,10.164124905486,10.244618335263,9.9080094471045,10.215347997162,33900.0
2012-04-24,13.82,13.93,13.43,13.88,45300.0,0.0,1.0,10.11290181381,10.193395243587,9.8275160173275,10.156807320961,45300.0
2012-04-25,14.0,14.14,13.89,14.0,29200.0,0.0,1.0,10.244618335263,10.347064518616,10.164124905486,10.244618335263,29200.0
2012-04-26,14.1,14.1,13.89,14.04,20600.0,0.0,1.0,10.317794180515,10.317794180515,10.164124905486,10.273888673364,20600.0
2012-04-27,14.0,14.14,13.65,13.83,41300.0,0.0,1.0,10.244618335263,10.347064518616,9.9885028768816,10.120219398335,41300.0
2012-04-30,14.14,14.6,13.67,14.46,35000.0,0.0,1.0,10.347064518616,10.683673406774,10.003138045932,10.581227223422,35000.0
2012-05-01,14.475,14.96,14.265,14.87,62000.0,0.0,1.0,10.59220360021,10.947106449681,10.438534325181,10.881248188955,62000.0
2012-05-02,14.7,15.355,14.55,15.18,80300.0,0.0,1.0,10.756849252026,11.236151038426,10.647085484149,11.108093309235,80300.0
2012-05-03,15.2,15.328,14.937,15.13,42000.0,0.0,1.0,11.122728478286,11.216393560208,10.930276005273,11.071505386609,42000.0
2012-05-04,15.13,15.16,15.01,15.16,38000.0,0.0,1.0,11.071505386609,11.093458140185,10.983694372307,11.093458140185,38000.0
2012-05-07,14.85,15.64,14.73,15.43,92000.0,0.0,1.0,10.866613019904,11.444702197394,10.778802005602,11.291032922365,92000.0
2012-05-08,15.49,15.49,13.87,13.93,75800.0,0.0,1.0,11.334938429516,11.334938429516,10.149489736436,10.193395243587,75800.0
2012-05-09,13.51,14.12,13.13,13.78,58000.0,0.0,1.0,9.886056693529,10.332429349565,9.6079884815718,10.083631475709,58000.0
2012-05-10,13.73,14.29,13.73,14.24,61000.0,0.0,1.0,10.047043553083,10.456828286494,10.047043553083,10.420240363868,61000.0
2012-05-11,14.24,14.37,14.06,14.36,52300.0,0.0,1.0,10.420240363868,10.515368962695,10.288523842414,10.50805137817,52300.0
2012-05-14,14.34,14.37,13.96,14.37,48600.0,0.0,1.0,10.49341620912,10.515368962695,10.215347997162,10.515368962695,48600.0
2012-05-15,14.51,14.87,13.84,14.82,35000.0,0.0,1.0,10.617815146048,10.881248188955,10.12753698286,10.844660266329,35000.0
2012-05-16,14.75,14.84,14.63,14.72,28700.0,0.0,1.0,10.793437174652,10.859295435379,10.70562616035,10.771484421077,28700.0
2012-05-17,14.66,14.86,14.56,14.62,29600.0,0.0,1.0,10.727578913926,10.873930604429,10.654403068674,10.698308575825,29600.0
2012-05-18,14.46,14.47,14.03,14.26,28900.0,0.0,1.0,10.581227223422,10.588544807947,10.266571088839,10.434875532918,28900.0
2012-05-21,14.18,14.43,13.83,14.0,49600.0,0.0,1.0,10.376334856717,10.559274469846,10.120219398335,10.244618335263,49600.0
2012-05-22,14.01,14.25,14.01,14.23,29000.0,0.0,1.0,10.251935919788,10.427557948393,10.251935919788,10.412922779343,29000.0
2012-05-23,14.16,14.837,14.16,14.81,38000.0,0.0,1.0,10.361699687666,10.857100160021,10.361699687666,10.837342681803,38000.0
2012-05-24,14.85,14.85,14.41,14.55,20100.0,0.0,1.0,10.866613019904,10.866613019904,10.544639300796,10.647085484149,20100.0
2012-05-25,14.64,14.64,14.035,14.09,17100.0,0.0,1.0,10.712943744875,10.712943744875,10.270229881101,10.31047659599,17100.0
2012-05-29,14.11,14.68,14.04,14.68,17100.0,0.0,1.0,10.32511176504,10.742214082976,10.273888673364,10.742214082976,17100.0
2012-05-30,14.52,14.65,14.35,14.52,16800.0,0.0,1.0,10.625132730573,10.7202613294,10.500733793645,10.625132730573,16800.0
2012-05-31,14.61,14.74,14.4601,14.49,15300.0,0.0,1.0,10.6909909913,10.786119590127,10.581300399267,10.603179976997,15300.0
2012-06-01,14.32,14.39,14.01,14.16,33600.0,0.0,1.0,10.478781040069,10.530004131746,10.251935919788,10.361699687666,33600.0
2012-06-04,14.12,14.12,13.75,13.8,31500.0,0.0,1.0,10.332429349565,10.332429349565,10.061678722133,10.098266644759,31500.0
2012-06-05,13.82,14.12,12.93,13.69,21500.0,0.0,1.0,10.11290181381,10.332429349565,9.4616367910681,10.017773214982,21500.0
2012-06-06,13.95,14.4,12.97,14.03,19900.0,0.0,1.0,10.208030412637,10.537321716271,9.4909071291688,10.266571088839,19900.0
2012-06-07,14.15,14.32,13.88,14.04,14700.0,0.0,1.0,10.354382103141,10.478781040069,10.156807320961,10.273888673364,14700.0
2012-06-08,13.99,14.78,13.891,14.72,31800.0,0.0,1.0,10.237300750738,10.815389928228,10.164856663939,10.771484421077,31800.0
2012-06-11,14.77,14.799,14.035,14.4,39800.0,0.0,1.0,10.808072343703,10.829293338826,10.270229881101,10.537321716271,39800.0
2012-06-12,14.44,14.65,14.0,14.29,75400.0,0.0,1.0,10.566592054371,10.7202613294,10.244618335263,10.456828286494,75400.0
2012-06-13,14.05,14.51,13.85,14.37,39100.0,0.0,1.0,10.281206257889,10.617815146048,10.134854567385,10.515368962695,39100.0
2012-06-14,14.44,14.79,14.29,14.66,98800.0,0.0,1.0,10.566592054371,10.822707512753,10.456828286494,10.727578913926,98800.0
2012-06-15,14.68,14.85,14.56,14.74,45700.0,0.0,1.0,10.742214082976,10.866613019904,10.654403068674,10.786119590127,45700.0
2012-06-18,14.74,15.7,14.52,15.59,112900.0,0.0,1.0,10.786119590127,11.488607704545,10.625132730573,11.408114274768,112900.0
2012-06-19,15.71,16.11,15.62,15.84,86900.0,0.0,1.0,11.49592528907,11.788628670078,11.430067028344,11.591053887898,86900.0
2012-06-20,15.86,15.86,15.37,15.82,61900.0,0.0,1.0,11.605689056948,11.605689056948,11.247127415214,11.576418718847,61900.0
2012-06-21,15.82,15.85,15.25,15.51,39400.0,0.0,1.0,11.576418718847,11.598371472423,11.159316400912,11.349573598567,39400.0
2012-06-22,15.47,15.64,15.04,15.27,1115900.0,0.0,1.0,11.320303260466,11.444702197394,11.005647125883,11.173951569962,1115900.0
2012-06-25,15.26,15.95,15.17,15.71,146900.0,0.0,1.0,11.166633985437,11.671547317675,11.10077572471,11.49592528907,146900.0
2012-06-26,15.88,15.88,15.5,15.75,64400.0,0.0,1.0,11.620324225999,11.620324225999,11.342256014041,11.525195627171,64400.0
2012-06-27,15.84,16.48,15.71,16.34,204900.0,0.0,1.0,11.591053887898,12.05937929751,11.49592528907,11.956933114157,204900.0
2012-06-28,16.36,17.1,16.36,16.87,152000.0,0.0,1.0,11.971568283208,12.513069538071,11.971568283208,12.344765093992,152000.0
2012-06-29,17.21,18.02,16.99,17.85,242900.0,0.0,1.0,12.593562967849,13.186287314389,12.432576108294,13.061888377461,242900.0
2012-07-02,18.5,19.01,17.9,18.81,229900.0,0.0,1.0,13.537531371598,13.910728182382,13.098476300087,13.764376491879,229900.0
2012-07-03,18.99,19.3094,18.83,18.98,165000.0,0.0,1.0,13.896093013332,14.129816663067,13.779011660929,13.888775428807,165000.0
2012-07-05,19.03,19.06,18.4,18.77,87500.0,0.0,1.0,13.925363351433,13.947316105008,13.464355526346,13.735106153778,87500.0
2012-07-06,18.62,18.72,18.05,18.63,90400.0,0.0,1.0,13.6253423859,13.698518231152,13.208240067964,13.632659970425,90400.0
2012-07-09,18.67,18.9,18.54,18.76,99700.0,0.0,1.0,13.661930308526,13.830234752605,13.566801709699,13.727788569253,99700.0
2012-07-10,18.99,18.99,18.66,18.7,79100.0,0.0,1.0,13.896093013332,13.896093013332,13.654612724001,13.683883062102,79100.0
2012-07-11,18.76,18.8,18.425,18.72,125300.0,0.0,1.0,13.727788569253,13.757058907353,13.482649487659,13.698518231152,125300.0
2012-07-12,18.42,18.66,18.3,18.46,65400.0,0.0,1.0,13.478990695396,13.654612724001,13.391179681094,13.508261033497,65400.0
2012-07-13,18.59,19.27,18.48,19.16,100500.0,0.0,1.0,13.603389632324,14.100985380037,13.522896202547,14.02049195026,100500.0
2012-07-16,19.16,19.67,18.97,19.38,154900.0,0.0,1.0,14.02049195026,14.393688761045,13.881457844282,14.181478809814,154900.0
2012-07-17,19.42,19.48,19.2,19.38,44500.0,0.0,1.0,14.210749147915,14.254654655066,14.049762288361,14.181478809814,44500.0
2012-07-18,19.21,19.26,18.68,18.72,97100.0,0.0,1.0,14.057079872886,14.093667795512,13.669247893051,13.698518231152,97100.0
2012-07-19,18.62,19.12,18.62,18.7,56700.0,0.0,1.0,13.6253423859,13.991221612159,13.6253423859,13.683883062102,56700.0
2012-07-20,18.58,18.65,16.89,16.9,114700.0,0.0,1.0,13.596072047799,13.647295139476,12.359400263043,12.366717847568,114700.0
2012-07-23,16.71,17.0,16.1,16.56,84400.0,0.0,1.0,12.227683741589,12.43989369282,11.781311085553,12.117919973711,84400.0
2012-07-24,16.66,17.38,16.5,17.29,68800.0,0.0,1.0,12.191095818963,12.717961904777,12.07401446656,12.65210364405,68800.0
2012-07-25,17.41,17.84,17.16,17.65,64700.0,0.0,1.0,12.739914658352,13.054570792935,12.556975045223,12.915536686957,64700.0
2012-07-26,17.84,17.84,16.71,17.27,66400.0,0.0,1.0,13.054570792935,13.054570792935,12.227683741589,12.637468475,66400.0
2012-07-27,17.39,18.23,17.23,18.05,43700.0,0.0,1.0,12.725279489302,13.339956589418,12.608198136899,13.208240067964,43700.0
2012-07-30,17.99,18.1199,17.23,17.29,57200.0,0.0,1.0,13.164334560813,13.259389983795,12.608198136899,12.65210364405,57200.0
2012-07-31,17.35,17.46,16.89,16.96,38400.0,0.0,1.0,12.696009151201,12.776502580978,12.359400263043,12.410623354719,38400.0
2012-08-01,16.99,17.37,16.49,16.49,34300.0,0.0,1.0,12.432576108294,12.710644320252,12.066696882035,12.066696882035,34300.0
2012-08-02,16.5,16.77,15.98,16.72,30600.0,0.0,1.0,12.07401446656,12.27158924874,11.69350007125,12.235001326114,30600.0
2012-08-03,16.91,17.57,16.85,16.94,45100.0,0.0,1.0,12.374035432093,12.856996010755,12.330129924942,12.395988185668,45100.0
2012-08-06,16.86,18.81,16.768,18.7,91600.0,0.0,1.0,12.337447509467,13.764376491879,12.270125731835,13.683883062102,91600.0
2012-08-07,18.83,18.85,18.53,18.79,74100.0,0.0,1.0,13.779011660929,13.793646829979,13.559484125173,13.749741322828,74100.0
2012-08-08,19.35,19.35,18.7,18.88,67500.0,0.0,1.0,14.159526056239,14.159526056239,13.683883062102,13.815599583555,67500.0
2012-08-09,19.05,19.05,18.65,18.78,49000.0,0.0,1.0,13.939998520483,13.939998520483,13.647295139476,13.742423738303,49000.0
2012-08-10,18.75,18.8499,18.382,18.7,27600.0,0.0,1.0,13.720470984727,13.793573654134,13.451183874201,13.683883062102,27600.0
2012-08-13,18.7,18.76,17.74,17.87,20700.0,0.0,1.0,13.683883062102,13.727788569253,12.981394947683,13.076523546511,20700.0
2012-08-14,17.97,18.12,17.75,17.85,31900.0,0.0,1.0,13.149699391763,13.259463159641,12.988712532209,13.061888377461,31900.0
2012-08-15,18.12,18.28,17.86,18.21,26300.0,0.0,1.0,13.259463159641,13.376544512044,13.069205961986,13.325321420367,26300.0
2012-08-16,18.25,18.39,17.9605,18.31,27500.0,0.0,1.0,13.354591758468,13.457037941821,13.142747686464,13.398497265619,27500.0
2012-08-17,18.23,18.35,16.91,17.08,59700.0,0.0,1.0,13.339956589418,13.42776760372,12.374035432093,12.498434369021,59700.0
2012-08-20,16.98,17.37,16.57,17.08,47100.0,0.0,1.0,12.425258523769,12.710644320252,12.125237558237,12.498434369021,47100.0
2012-08-21,17.09,17.87,16.94,17.67,61700.0,0.0,1.0,12.505751953546,13.076523546511,12.395988185668,12.930171856007,61700.0
2012-08-22,17.73,17.98,17.27,17.42,40400.0,0.0,1.0,12.974077363158,13.157016976288,12.637468475,12.747232242877,40400.0
2012-08-23,17.36,17.44,16.572,16.89,42400.0,0.0,1.0,12.703326735726,12.761867411928,12.126701075142,12.359400263043,42400.0
2012-08-24,16.77,16.77,15.03,16.01,45600.0,0.0,1.0,12.27158924874,12.27158924874,10.998329541358,11.715452824826,45600.0
2012-08-27,16.0,16.3,15.55,15.66,18500.0,0.0,1.0,11.708135240301,11.927662776056,11.378843936667,11.459337366444,18500.0
2012-08-28,15.82,16.05,15.32,15.65,56400.0,0.0,1.0,11.576418718847,11.744723162927,11.210539492588,11.452019781919,56400.0
2012-08-29,15.65,15.72,15.2501,15.54,22100.0,0.0,1.0,11.452019781919,11.503242873596,11.159389576757,11.371526352142,22100.0
2012-08-30,15.54,15.67,15.251,15.58,25200.0,0.0,1.0,11.371526352142,11.46665495097,11.160048159364,11.400796690243,25200.0
2012-08-31,15.69,15.86,15.36,15.49,38300.0,0.0,1.0,11.48129012002,11.605689056948,11.239809830689,11.334938429516,38300.0
2012-09-04,15.49,15.5,14.84,15.41,84700.0,0.0,1.0,11.334938429516,11.342256014041,10.859295435379,11.276397753315,84700.0
2012-09-05,15.47,15.62,14.812,15.52,38500.0,0.0,1.0,11.320303260466,11.430067028344,10.838806198708,11.356891183092,38500.0
2012-09-06,15.46,16.1291,15.4199,15.87,31500.0,0.0,1.0,11.312985675941,11.802605256521,11.283642161995,11.613006641473,31500.0
2012-09-07,15.83,16.24,15.56,16.0,62900.0,0.0,1.0,11.583736303373,11.883757268905,11.386161521193,11.708135240301,62900.0
2012-09-10,16.0,16.155,15.22,15.225,61500.0,0.0,1.0,11.708135240301,11.821557800441,11.137363647336,11.141022439599,61500.0
2012-09-11,15.34,15.54,15.0,15.23,34600.0,0.0,1.0,11.225174661638,11.371526352142,10.976376787782,11.144681231861,34600.0
2012-09-12,15.3,15.84,15.3,15.57,33800.0,0.0,1.0,11.195904323538,11.591053887898,11.195904323538,11.393479105718,33800.0
2012-09-13,15.48,16.8,15.48,16.79,60200.0,0.0,1.0,11.327620844991,12.293542002316,11.327620844991,12.286224417791,60200.0
2012-09-14,16.86,17.08,16.4725,16.82,32800.0,0.0,1.0,12.337447509467,12.498434369021,12.053891109116,12.308177171366,32800.0
2012-09-17,16.7,16.9,15.614,15.71,49200.0,0.0,1.0,12.220366157064,12.366717847568,11.425676477629,11.49592528907,49200.0
2012-09-18,15.54,15.635,13.93,14.15,106600.0,0.0,1.0,11.371526352142,11.441043405131,10.193395243587,10.354382103141,106600.0
2012-09-19,14.23,14.23,13.64,13.94,63300.0,0.0,1.0,10.412922779343,10.412922779343,9.9811852923564,10.200712828112,63300.0
2012-09-20,13.71,13.94,13.66,13.82,48400.0,0.0,1.0,10.032408384033,10.200712828112,9.9958204614068,10.11290181381,48400.0
2012-09-21,13.97,13.97,13.0,13.25,149500.0,0.0,1.0,10.222665581688,10.222665581688,9.5128598827444,9.6957994958741,149500.0
2012-09-24,13.15,13.255,12.52,12.72,177500.0,0.0,1.0,9.6226236506222,9.6994582881367,9.1616158255354,9.3079675160391,177500.0
2012-09-25,12.64,13.84,12.64,13.61,72400.0,0.0,1.0,9.2494268398376,10.12753698286,9.2494268398376,9.9592325387809,72400.0
2012-09-26,13.47,13.73,12.72,12.76,39700.0,0.0,1.0,9.8567863554282,10.047043553083,9.3079675160391,9.3372378541399,39700.0
2012-09-27,12.82,12.87,12.61,12.76,72700.0,0.0,1.0,9.381143361291,9.4177312839169,9.2274740862621,9.3372378541399,72700.0
2012-09-28,12.76,13.16,12.4,13.02,89300.0,0.0,1.0,9.3372378541399,9.6299412351474,9.0738048112331,9.5274950517948,89300.0
2012-10-01,13.08,13.38,12.87,13.14,38800.0,0.0,1.0,9.5714005589459,9.7909280947015,9.4177312839169,9.615306066097,38800.0
2012-10-02,13.22,13.22,12.81,13.19,52000.0,0.0,1.0,9.6738467422985,9.6738467422985,9.3738257767658,9.651893988723,52000.0
2012-10-03,13.27,14.329,13.1,13.74,61300.0,0.0,1.0,9.7104346649245,10.485366866142,9.5860357279963,10.054361137608,61300.0
2012-10-04,14.1,14.8,14.09,14.51,74000.0,0.0,1.0,10.317794180515,10.830025097278,10.31047659599,10.617815146048,74000.0
2012-10-05,14.62,14.71,14.4,14.54,31600.0,0.0,1.0,10.698308575825,10.764166836552,10.537321716271,10.639767899623,31600.0
2012-10-08,14.4,14.64,14.2,14.21,34100.0,0.0,1.0,10.537321716271,10.712943744875,10.390970025767,10.398287610292,34100.0
2012-10-09,14.33,14.97,14.0,14.56,56700.0,0.0,1.0,10.486098624594,10.954424034206,10.244618335263,10.654403068674,56700.0
2012-10-10,14.56,14.56,14.0,14.11,40200.0,0.0,1.0,10.654403068674,10.654403068674,10.244618335263,10.32511176504,40200.0
2012-10-11,14.17,14.4611,14.0,14.13,31700.0,0.0,1.0,10.369017272191,10.58203215772,10.244618335263,10.339746934091,31700.0
2012-10-12,14.38,14.43,13.74,13.89,15500.0,0.0,1.0,10.52268654722,10.559274469846,10.054361137608,10.164124905486,15500.0
2012-10-15,13.88,14.01,13.672,13.78,28500.0,0.0,1.0,10.156807320961,10.251935919788,10.004601562837,10.083631475709,28500.0
2012-10-16,13.74,14.655,13.71,14.63,41700.0,0.0,1.0,10.054361137608,10.723920121663,10.032408384033,10.70562616035,41700.0
2012-10-17,14.54,15.0,14.53,14.69,33900.0,0.0,1.0,10.639767899623,10.976376787782,10.632450315098,10.749531667501,33900.0
2012-10-18,14.62,14.749,14.14,14.3,13600.0,0.0,1.0,10.698308575825,10.7927054162,10.347064518616,10.464145871019,13600.0
2012-10-19,14.19,14.53,13.41,13.69,60900.0,0.0,1.0,10.383652441242,10.632450315098,9.8128808482771,10.017773214982,60900.0
2012-10-22,13.98,14.3,13.82,14.15,34300.0,0.0,1.0,10.229983166213,10.464145871019,10.11290181381,10.354382103141,34300.0
2012-10-23,14.09,14.39,13.87,14.01,54600.0,0.0,1.0,10.31047659599,10.530004131746,10.149489736436,10.251935919788,54600.0
2012-10-24,14.0,14.035,13.89,13.94,20300.0,0.0,1.0,10.244618335263,10.270229881101,10.164124905486,10.200712828112,20300.0
2012-10-25,14.05,14.07,13.92,13.98,20800.0,0.0,1.0,10.281206257889,10.29584142694,10.186077659062,10.229983166213,20800.0
2012-10-26,13.94,14.07,13.6017,14.05,45500.0,0.0,1.0,10.200712828112,10.29584142694,9.953158943625,10.281206257889,45500.0
2012-10-31,15.0,17.37,15.0,16.82,102400.0,0.0,1.0,10.976376787782,12.710644320252,10.976376787782,12.308177171366,102400.0
2012-11-01,17.0,17.48,16.85,17.16,42900.0,0.0,1.0,12.43989369282,12.791137750029,12.330129924942,12.556975045223,42900.0
2012-11-02,17.26,17.26,16.7285,16.99,43700.0,0.0,1.0,12.630150890474,12.630150890474,12.241221272961,12.432576108294,43700.0
2012-11-05,16.8,17.2,16.8,17.05,40000.0,0.0,1.0,12.293542002316,12.586245383323,12.293542002316,12.476481615446,40000.0
2012-11-06,17.13,17.69,17.06,17.45,73600.0,0.0,1.0,12.535022291647,12.944807025058,12.483799199971,12.769184996453,73600.0
2012-11-07,17.2,17.87,16.98,17.25,54100.0,0.0,1.0,12.586245383323,13.076523546511,12.425258523769,12.622833305949,54100.0
2012-11-08,17.11,17.27,16.61,16.61,18700.0,0.0,1.0,12.520387122597,12.637468475,12.154507896337,12.154507896337,18700.0
2012-11-09,16.58,17.11,16.36,16.65,39600.0,0.0,1.0,12.132555142762,12.520387122597,11.971568283208,12.183778234438,39600.0
2012-11-12,16.74,17.23,16.74,17.09,7700.0,0.0,1.0,12.249636495165,12.608198136899,12.249636495165,12.505751953546,7700.0
2012-11-13,17.1123,17.43,16.68,16.94,32100.0,0.0,1.0,12.522070167037,12.754549827403,12.205730988014,12.395988185668,32100.0
2012-11-14,16.99,16.99,16.12,16.4,42800.0,0.0,1.0,12.432576108294,12.432576108294,11.795946254603,12.000838621308,42800.0
2012-11-15,16.3,16.3,15.7515,16.02,30800.0,0.0,1.0,11.927662776056,11.927662776056,11.52629326485,11.722770409351,30800.0
2012-11-16,16.0,16.5,15.78,16.3,24100.0,0.0,1.0,11.708135240301,12.07401446656,11.547148380747,11.927662776056,24100.0
2012-11-19,16.6,17.3985,16.6,17.04,43500.0,0.0,1.0,12.147190311812,12.731499436148,12.147190311812,12.46916403092,43500.0
2012-11-20,17.04,17.28,16.47,16.69,20700.0,0.0,1.0,12.46916403092,12.644786059525,12.052061712985,12.213048572539,20700.0
2012-11-21,16.5,17.0995,16.15,16.66,27900.0,0.0,1.0,12.07401446656,12.512703658845,11.817899008179,12.191095818963,27900.0
2012-11-23,16.75,17.37,16.67,17.0,4600.0,0.0,1.0,12.25695407969,12.710644320252,12.198413403488,12.43989369282,4600.0
2012-11-26,17.0,17.25,16.68,17.03,18000.0,0.0,1.0,12.43989369282,12.622833305949,12.205730988014,12.461846446395,18000.0
2012-11-27,16.96,16.99,16.69,16.84,16100.0,0.0,1.0,12.410623354719,12.432576108294,12.213048572539,12.322812340417,16100.0
2012-11-28,16.75,17.47,16.05,17.35,19400.0,0.0,1.0,12.25695407969,12.783820165503,11.744723162927,12.696009151201,19400.0
2012-11-29,17.56,17.56,17.02,17.2,22200.0,0.0,1.0,12.84967842623,12.84967842623,12.45452886187,12.586245383323,22200.0
2012-11-30,17.18,17.74,16.9,17.72,51600.0,0.0,1.0,12.571610214273,12.981394947683,12.366717847568,12.966759778633,51600.0
2012-12-03,18.0,18.4,17.66,18.32,46700.0,0.0,1.0,13.171652145338,13.464355526346,12.922854271482,13.405814850144,46700.0
2012-12-04,18.28,18.48,18.11,18.2,20400.0,0.0,1.0,13.376544512044,13.522896202547,13.252145575115,13.318003835842,20400.0
2012-12-05,18.39,18.632,18.18,18.32,17500.0,0.0,1.0,13.457037941821,13.63412348733,13.303368666792,13.405814850144,17500.0
2012-12-06,18.45,18.59,18.19,18.49,26300.0,0.0,1.0,13.500943448972,13.603389632324,13.310686251317,13.530213787073,26300.0
2012-12-07,18.59,18.59,18.25,18.5,31200.0,0.0,1.0,13.603389632324,13.603389632324,13.354591758468,13.537531371598,31200.0
2012-12-10,18.48,18.49,18.3,18.39,17100.0,0.0,1.0,13.522896202547,13.530213787073,13.391179681094,13.457037941821,17100.0
2012-12-11,18.88,18.97,18.3,18.65,41500.0,0.0,1.0,13.815599583555,13.881457844282,13.391179681094,13.647295139476,41500.0
2012-12-12,18.74,18.98,18.37,18.52,53700.0,0.0,1.0,13.713153400202,13.888775428807,13.44240277277,13.552166540648,53700.0
2012-12-13,18.64,18.679,18.3,18.35,20000.0,0.0,1.0,13.63997755495,13.668516134599,13.391179681094,13.42776760372,20000.0
2012-12-14,18.35,18.45,17.8,17.95,33200.0,0.0,1.0,13.42776760372,13.500943448972,13.025300454835,13.135064222712,33200.0
2012-12-17,18.38,19.28,18.29,18.98,99100.0,0.0,1.0,13.449720357296,14.108302964562,13.383862096569,13.888775428807,99100.0
2012-12-18,18.51,19.15,18.265,19.05,57200.0,1.0,1.0,14.255864649358,14.748774069973,14.067172761778,14.671756973002,57200.0
2012-12-19,19.12,19.12,18.5,19.02,33400.0,0.0,1.0,14.725668940882,14.725668940882,14.248162939661,14.648651843911,33400.0
2012-12-20,19.0,19.15,18.65,19.15,16900.0,0.0,1.0,14.633248424516,14.748774069973,14.363688585117,14.748774069973,16900.0
2012-12-21,18.99,18.99,18.3075,18.56,92800.0,0.0,1.0,14.625546714819,14.625546714819,14.099905027991,14.294373197843,92800.0
2012-12-24,18.63,19.0399,18.411,18.65,18500.0,0.0,1.0,14.348285165723,14.663978246208,14.179617723356,14.363688585117,18500.0
2012-12-26,18.77,18.78,18.04,18.04,24400.0,0.0,1.0,14.456109101483,14.46381081118,13.893884293593,13.893884293593,24400.0
2012-12-27,18.06,18.49,18.06,18.49,18600.0,0.0,1.0,13.909287712988,14.240461229964,13.909287712988,14.240461229964,18600.0
2012-12-28,18.18,18.33,17.2014,17.52,56400.0,0.0,1.0,14.001708229353,14.11723387481,13.248018918393,13.493395389344,56400.0
2012-12-31,17.52,18.34,17.5,18.18,47000.0,0.0,1.0,13.493395389344,14.124935584507,13.477991969949,14.001708229353,47000.0
2013-01-02,18.65,19.0,18.5428,18.97,66900.0,0.0,1.0,14.363688585117,14.633248424516,14.281126257164,14.610143295425,66900.0
2013-01-03,19.05,19.1,18.56,18.98,43200.0,0.0,1.0,14.671756973002,14.710265521487,14.294373197843,14.617845005122,43200.0
2013-01-04,19.16,19.2,18.65,18.88,21600.0,0.0,1.0,14.75647577967,14.787282618459,14.363688585117,14.540827908151,21600.0
2013-01-07,20.3,20.3,18.89,19.04,29900.0,0.0,1.0,15.634470685141,15.634470685141,14.548529617848,14.664055263305,29900.0
2013-01-08,19.0,19.41,18.95,18.99,23900.0,0.0,1.0,14.633248424516,14.949018522098,14.594739876031,14.625546714819,23900.0
2013-01-09,19.14,19.3699,18.91,19.0,20000.0,0.0,1.0,14.741072360276,14.918134666213,14.563933037242,14.633248424516,20000.0
2013-01-10,19.13,19.25,18.8,18.97,41400.0,0.0,1.0,14.733370650579,14.825791166944,14.479214230574,14.610143295425,41400.0
2013-01-11,19.06,19.57,18.91,19.5,63800.0,0.0,1.0,14.679458682699,15.072245877252,14.563933037242,15.018333909372,63800.0
2013-01-14,19.68,20.19,19.5,20.04,58300.0,0.0,1.0,15.15696468392,15.549751878473,15.018333909372,15.434226233016,58300.0
2013-01-15,20.19,20.19,19.6,19.9,70400.0,0.0,1.0,15.549751878473,15.549751878473,15.095351006343,15.326402297257,70400.0
2013-01-16,19.93,20.0399,19.74,19.95,43600.0,0.0,1.0,15.349507426348,15.434149215919,15.203174942103,15.364910845742,43600.0
2013-01-17,20.03,20.095,19.62,19.73,27800.0,0.0,1.0,15.426524523319,15.47658563635,15.110754425737,15.195473232406,27800.0
2013-01-18,19.74,20.0,19.73,19.96,29800.0,0.0,1.0,15.203174942103,15.403419394228,15.195473232406,15.372612555439,29800.0
2013-01-22,20.1,20.1,19.24,19.71,43700.0,0.0,1.0,15.480436491199,15.480436491199,14.818089457247,15.180069813011,43700.0
2013-01-23,20.19,20.19,19.2,19.22,50400.0,0.0,1.0,15.549751878473,15.549751878473,14.787282618459,14.802686037853,50400.0
2013-01-24,19.31,19.63,19.23,19.59,24900.0,0.0,1.0,14.872001425127,15.118456135435,14.81038774755,15.087649296646,24900.0
2013-01-25,19.56,20.02,19.4,19.83,52700.0,0.0,1.0,15.064544167555,15.418822813622,14.941316812401,15.272490329377,52700.0
2013-01-28,19.76,20.19,19.54,20.18,40500.0,0.0,1.0,15.218578361497,15.549751878473,15.049140748161,15.542050168776,40500.0
2013-01-29,20.18,20.46,19.848,20.41,26800.0,0.0,1.0,15.542050168776,15.757698040295,15.286353406832,15.719189491809,26800.0
2013-01-30,20.44,20.71,20.2,20.42,58500.0,0.0,1.0,15.742294620901,15.950240782723,15.55745358817,15.726891201507,58500.0
2013-01-31,20.18,20.19,17.8,18.43,170300.0,0.0,1.0,15.542050168776,15.549751878473,13.709043260863,14.194250971781,170300.0
2013-02-01,18.5,19.23,18.5,19.02,49000.0,0.0,1.0,14.248162939661,14.81038774755,14.248162939661,14.648651843911,49000.0
2013-02-04,18.9,18.97,18.4,18.65,50100.0,0.0,1.0,14.556231327545,14.610143295425,14.17114584269,14.363688585117,50100.0
2013-02-05,18.82,19.34,18.75,19.15,65300.0,0.0,1.0,14.494617649968,14.895106554218,14.440705682089,14.748774069973,65300.0
2013-02-06,19.04,19.91,18.79,19.85,39500.0,0.0,1.0,14.664055263305,15.334104006954,14.471512520877,15.287893748771,39500.0
2013-02-07,19.49,19.73,19.3,19.52,27800.0,0.0,1.0,15.010632199675,15.195473232406,14.86429971543,15.033737328766,27800.0
2013-02-08,19.55,19.55,18.7,18.81,38600.0,0.0,1.0,15.056842457858,15.056842457858,14.402197133603,14.486915940271,38600.0
2013-02-11,18.85,19.17,18.52,19.16,40900.0,0.0,1.0,14.51772277906,14.764177489367,14.263566359055,14.75647577967,40900.0
2013-02-12,19.2,19.5,19.055,19.4,13700.0,0.0,1.0,14.787282618459,15.018333909372,14.67560782785,14.941316812401,13700.0
2013-02-13,19.4,19.49,19.32,19.43,50300.0,0.0,1.0,14.941316812401,15.010632199675,14.879703134824,14.964421941492,50300.0
2013-02-14,19.4,19.62,19.17,19.34,23400.0,0.0,1.0,14.941316812401,15.110754425737,14.764177489367,14.895106554218,23400.0
2013-02-15,19.51,19.51,18.77,18.96,31100.0,0.0,1.0,15.026035619069,15.026035619069,14.456109101483,14.602441585728,31100.0
2013-02-19,18.96,19.11,18.79,19.11,29700.0,0.0,1.0,14.602441585728,14.717967231185,14.471512520877,14.717967231185,29700.0
2013-02-20,19.1,19.18,18.95,18.95,43400.0,0.0,1.0,14.710265521487,14.771879199064,14.594739876031,14.594739876031,43400.0
2013-02-21,18.77,18.95,18.4,18.83,48800.0,0.0,1.0,14.456109101483,14.594739876031,14.17114584269,14.502319359665,48800.0
2013-02-22,18.96,19.14,18.55,19.13,15600.0,0.0,1.0,14.602441585728,14.741072360276,14.286671488146,14.733370650579,15600.0
2013-02-25,19.11,19.2422,18.33,18.63,43700.0,0.0,1.0,14.717967231185,14.81978383338,14.11723387481,14.348285165723,43700.0
2013-02-26,18.75,18.79,18.51,18.69,24800.0,0.0,1.0,14.440705682089,14.471512520877,14.255864649358,14.394495423906,24800.0
2013-02-27,18.75,18.8,18.55,18.7,39000.0,0.0,1.0,14.440705682089,14.479214230574,14.286671488146,14.402197133603,39000.0
2013-02-28,18.73,19.1,18.7,19.06,19900.0,0.0,1.0,14.425302262694,14.710265521487,14.402197133603,14.679458682699,19900.0
2013-03-01,19.06,19.21,18.46,19.11,36600.0,0.0,1.0,14.679458682699,14.794984328156,14.217356100872,14.717967231185,36600.0
2013-03-04,19.07,19.14,18.791,19.1,23000.0,0.0,1.0,14.687160392396,14.741072360276,14.472282691847,14.710265521487,23000.0
2013-03-05,19.2,19.2,19.0,19.1,26400.0,0.0,1.0,14.787282618459,14.787282618459,14.633248424516,14.710265521487,26400.0
2013-03-06,19.25,19.4,18.872,19.39,11600.0,0.0,1.0,14.825791166944,14.941316812401,14.534666540393,14.933615102704,11600.0
2013-03-07,19.4,19.47,18.98,19.43,9500.0,0.0,1.0,14.941316812401,14.995228780281,14.617845005122,14.964421941492,9500.0
2013-03-08,19.7,19.9,18.61,18.98,47600.0,0.0,1.0,15.172368103314,15.326402297257,14.332881746329,14.617845005122,47600.0
2013-03-11,19.0,19.71,19.0,19.41,28100.0,0.0,1.0,14.633248424516,15.180069813011,14.633248424516,14.949018522098,28100.0
2013-03-12,19.39,19.77,19.39,19.57,18200.0,0.0,1.0,14.933615102704,15.226280071194,14.933615102704,15.072245877252,18200.0
2013-03-13,19.66,20.125,19.66,19.75,32800.0,0.0,1.0,15.141561264526,15.499690765442,15.141561264526,15.2108766518,32800.0
2013-03-14,19.85,20.16,19.57,19.94,24900.0,0.0,1.0,15.287893748771,15.526646749382,15.072245877252,15.357209136045,24900.0
2013-03-15,19.95,19.95,19.28,19.59,72000.0,0.0,1.0,15.364910845742,15.364910845742,14.848896296036,15.087649296646,72000.0
2013-03-18,19.32,19.59,19.22,19.37,28200.0,0.0,1.0,14.879703134824,15.087649296646,14.802686037853,14.91821168331,28200.0
2013-03-19,19.49,20.0,19.324,19.83,13800.0,0.0,1.0,15.010632199675,15.403419394228,14.882783818703,15.272490329377,13800.0
2013-03-20,19.95,19.99,19.76,19.99,10800.0,0.0,1.0,15.364910845742,15.395717684531,15.218578361497,15.395717684531,10800.0
2013-03-21,19.77,19.96,19.4,19.4,8000.0,0.0,1.0,15.226280071194,15.372612555439,14.941316812401,14.941316812401,8000.0
2013-03-22,19.36,19.9,19.29,19.79,38900.0,0.0,1.0,14.910509973612,15.326402297257,14.856598005733,15.241683490588,38900.0
2013-03-25,19.78,19.99,19.6745,19.91,14500.0,0.0,1.0,15.233981780891,15.395717684531,15.152728743587,15.334104006954,14500.0
2013-03-26,20.0,20.18,19.61,19.97,34300.0,0.0,1.0,15.403419394228,15.542050168776,15.10305271604,15.380314265136,34300.0
2013-03-27,19.8,20.57,19.8,20.11,31200.0,0.0,1.0,15.249385200285,15.842416846963,15.249385200285,15.488138200896,31200.0
2013-03-28,20.2,20.26,19.97,19.98,26000.0,0.0,1.0,15.55745358817,15.603663846353,15.380314265136,15.388015974834,26000.0
2013-04-01,20.07,20.2308,19.84,19.91,13600.0,0.0,1.0,15.457331362108,15.581174854037,15.280192039074,15.334104006954,13600.0
2013-04-02,20.15,20.15,19.26,19.42,17300.0,0.0,1.0,15.518945039684,15.518945039684,14.833492876641,14.956720231795,17300.0
2013-04-03,19.7599,19.7599,19.04,19.1,41000.0,0.0,1.0,15.2185013444,15.2185013444,14.664055263305,14.710265521487,41000.0
2013-04-04,18.85,19.22,18.833,19.22,26600.0,0.0,1.0,14.51772277906,14.802686037853,14.504629872575,14.802686037853,26600.0
2013-04-05,18.95,19.43,18.95,19.29,8600.0,0.0,1.0,14.594739876031,14.964421941492,14.594739876031,14.856598005733,8600.0
2013-04-08,19.33,19.6,19.1,19.48,9400.0,0.0,1.0,14.887404844521,15.095351006343,14.710265521487,15.002930489978,9400.0
2013-04-09,19.48,20.469,18.9006,20.07,60100.0,0.0,1.0,15.002930489978,15.764629579022,14.556693430127,15.457331362108,60100.0
2013-04-10,20.3,20.865,20.29,20.76,51800.0,0.0,1.0,15.634470685141,16.069617283028,15.626768975444,15.988749331208,51800.0
2013-04-11,20.76,21.05,20.76,21.0,18600.0,0.0,1.0,15.988749331208,16.212098912425,15.988749331208,16.173590363939,18600.0
2013-04-12,20.97,21.09,20.301,20.42,32300.0,0.0,1.0,16.150485234848,16.242905751213,15.635240856111,15.726891201507,32300.0
2013-04-15,20.29,20.42,19.94,19.97,35000.0,0.0,1.0,15.626768975444,15.726891201507,15.357209136045,15.380314265136,35000.0
2013-04-16,20.15,20.78,20.15,20.65,16100.0,0.0,1.0,15.518945039684,16.004152750603,15.518945039684,15.90403052454,16100.0
2013-04-17,20.43,20.9,19.91,19.91,23600.0,0.0,1.0,15.734592911204,16.096573266968,15.334104006954,15.334104006954,23600.0
2013-04-18,19.91,20.64,19.9,20.38,20800.0,0.0,1.0,15.334104006954,15.896328814843,15.326402297257,15.696084362718,20800.0
2013-04-19,20.42,20.85,20.38,20.65,28000.0,0.0,1.0,15.726891201507,16.058064718482,15.696084362718,15.90403052454,28000.0
2013-04-22,20.7,20.96,20.25,20.46,35900.0,0.0,1.0,15.942539073026,16.142783525151,15.595962136656,15.757698040295,35900.0
2013-04-23,20.74,20.74,20.322,20.6,15900.0,0.0,1.0,15.973345911814,15.973345911814,15.651414446475,15.865521976055,15900.0
2013-04-24,20.5,20.945,20.49,20.69,14900.0,0.0,1.0,15.788504879083,16.131230960605,15.780803169386,15.934837363329,14900.0
2013-04-25,20.99,21.08,20.75,20.82,18900.0,0.0,1.0,16.165888654242,16.235204041516,15.981047621511,16.034959589391,18900.0
2013-04-26,20.75,21.0,20.75,20.91,28200.0,0.0,1.0,15.981047621511,16.173590363939,15.981047621511,16.104274976665,28200.0
2013-04-29,21.0,21.07,20.85,20.88,40300.0,0.0,1.0,16.173590363939,16.227502331819,16.058064718482,16.081169847574,40300.0
2013-04-30,20.91,21.09,20.75,20.98,26800.0,0.0,1.0,16.104274976665,16.242905751213,15.981047621511,16.158186944545,26800.0
2013-05-01,20.7,21.11,19.96,19.96,54700.0,0.0,1.0,15.942539073026,16.258309170607,15.372612555439,15.372612555439,54700.0
2013-05-02,19.97,20.06,19.445,19.46,50700.0,0.0,1.0,15.380314265136,15.44962965241,14.975974506038,14.987527070584,50700.0
2013-05-03,19.76,20.98,19.71,20.01,33100.0,0.0,1.0,15.218578361497,16.158186944545,15.180069813011,15.411121103925,33100.0
2013-05-06,20.07,20.2099,19.82,19.85,23500.0,0.0,1.0,15.457331362108,15.56507828077,15.26478861968,15.287893748771,23500.0
2013-05-07,19.96,20.13,19.859,19.98,26900.0,0.0,1.0,15.372612555439,15.50354162029,15.294825287498,15.388015974834,26900.0
2013-05-08,19.95,19.99,19.81,19.96,31900.0,0.0,1.0,15.364910845742,15.395717684531,15.257086909983,15.372612555439,31900.0
2013-05-09,20.01,20.01,19.61,19.65,46100.0,0.0,1.0,15.411121103925,15.411121103925,15.10305271604,15.133859554829,46100.0
2013-05-10,19.65,19.76,19.51,19.53,24200.0,0.0,1.0,15.133859554829,15.218578361497,15.026035619069,15.041439038463,24200.0
2013-05-13,19.53,19.74,19.53,19.66,12900.0,0.0,1.0,15.041439038463,15.203174942103,15.041439038463,15.141561264526,12900.0
2013-05-14,19.62,19.71,19.6,19.67,21000.0,0.0,1.0,15.110754425737,15.180069813011,15.095351006343,15.149262974223,21000.0
2013-05-15,19.67,19.86,19.67,19.85,64900.0,0.0,1.0,15.149262974223,15.295595458468,15.149262974223,15.287893748771,64900.0
2013-05-16,19.85,19.95,19.65,19.77,24900.0,0.0,1.0,15.287893748771,15.364910845742,15.133859554829,15.226280071194,24900.0
2013-05-17,19.85,20.07,19.78,19.9,17500.0,0.0,1.0,15.287893748771,15.457331362108,15.233981780891,15.326402297257,17500.0
2013-05-20,19.74,19.76,19.54,19.61,9900.0,0.0,1.0,15.203174942103,15.218578361497,15.049140748161,15.10305271604,9900.0
2013-05-21,19.61,19.74,19.54,19.6,10100.0,0.0,1.0,15.10305271604,15.203174942103,15.049140748161,15.095351006343,10100.0
2013-05-22,19.5,19.6,19.5,19.55,25100.0,0.0,1.0,15.018333909372,15.095351006343,15.018333909372,15.056842457858,25100.0
2013-05-23,19.4,19.83,19.25,19.82,20000.0,0.0,1.0,14.941316812401,15.272490329377,14.825791166944,15.26478861968,20000.0
2013-05-24,19.69,19.74,19.5,19.6,6300.0,0.0,1.0,15.164666393617,15.203174942103,15.018333909372,15.095351006343,6300.0
2013-05-28,19.88,20.19,19.41,19.65,22300.0,0.0,1.0,15.310998877862,15.549751878473,14.949018522098,15.133859554829,22300.0
2013-05-29,19.55,19.63,19.255,19.5,19100.0,0.0,1.0,15.056842457858,15.118456135435,14.829642021793,15.018333909372,19100.0
2013-05-30,19.56,19.66,19.48,19.56,11800.0,0.0,1.0,15.064544167555,15.141561264526,15.002930489978,15.064544167555,11800.0
2013-05-31,19.37,19.7,19.345,19.37,15000.0,0.0,1.0,14.91821168331,15.172368103314,14.898957409067,14.91821168331,15000.0
2013-06-03,19.41,20.0,19.38,19.87,38200.0,0.0,1.0,14.949018522098,15.403419394228,14.925913393007,15.303297168165,38200.0
2013-06-04,19.91,20.0,19.74,19.85,18400.0,0.0,1.0,15.334104006954,15.403419394228,15.203174942103,15.287893748771,18400.0
2013-06-05,19.82,19.94,19.55,19.56,27500.0,0.0,1.0,15.26478861968,15.357209136045,15.056842457858,15.064544167555,27500.0
2013-06-06,19.63,19.74,19.315,19.71,17000.0,0.0,1.0,15.118456135435,15.203174942103,14.875852279975,15.180069813011,17000.0
2013-06-07,19.75,19.75,19.53,19.68,9900.0,0.0,1.0,15.2108766518,15.2108766518,15.041439038463,15.15696468392,9900.0
2013-06-10,19.74,19.98,19.43,19.98,90700.0,0.0,1.0,15.203174942103,15.388015974834,14.964421941492,15.388015974834,90700.0
2013-06-11,19.69,19.9199,19.516,19.72,20400.0,0.0,1.0,15.164666393617,15.341728699554,15.030656644887,15.187771522709,20400.0
2013-06-12,19.76,19.78,19.52,19.71,5900.0,0.0,1.0,15.218578361497,15.233981780891,15.033737328766,15.180069813011,5900.0
2013-06-13,19.66,19.74,19.5,19.74,9000.0,0.0,1.0,15.141561264526,15.203174942103,15.018333909372,15.203174942103,9000.0
2013-06-14,19.65,19.76,19.51,19.61,14400.0,0.0,1.0,15.133859554829,15.218578361497,15.026035619069,15.10305271604,14400.0
2013-06-17,19.84,20.2,19.7,20.14,15900.0,0.0,1.0,15.280192039074,15.55745358817,15.172368103314,15.511243329987,15900.0
2013-06-18,20.15,20.2,19.8,19.9,18600.0,0.0,1.0,15.518945039684,15.55745358817,15.249385200285,15.326402297257,18600.0
2013-06-19,19.9,19.9,19.62,19.7,8800.0,0.0,1.0,15.326402297257,15.326402297257,15.110754425737,15.172368103314,8800.0
2013-06-20,19.38,19.65,19.23,19.59,26100.0,0.0,1.0,14.925913393007,15.133859554829,14.81038774755,15.087649296646,26100.0
2013-06-21,19.66,19.76,19.46,19.54,29400.0,0.0,1.0,15.141561264526,15.218578361497,14.987527070584,15.049140748161,29400.0
2013-06-24,19.4,19.67,19.05,19.54,19300.0,0.0,1.0,14.941316812401,15.149262974223,14.671756973002,15.049140748161,19300.0
2013-06-25,19.74,19.74,19.41,19.66,16300.0,0.0,1.0,15.203174942103,15.203174942103,14.949018522098,15.141561264526,16300.0
2013-06-26,19.72,19.94,19.23,19.33,25600.0,0.0,1.0,15.187771522709,15.357209136045,14.81038774755,14.887404844521,25600.0
2013-06-27,19.46,20.0,19.388,19.86,23500.0,0.0,1.0,14.987527070584,15.403419394228,14.932074760764,15.295595458468,23500.0
2013-06-28,19.84,20.19,19.65,20.16,89100.0,0.0,1.0,15.280192039074,15.549751878473,15.133859554829,15.526646749382,89100.0
2013-07-01,20.07,20.74,20.07,20.6,29000.0,0.0,1.0,15.457331362108,15.973345911814,15.457331362108,15.865521976055,29000.0
2013-07-02,20.1,20.462,19.55,20.12,27000.0,0.0,1.0,15.480436491199,15.759238382234,15.056842457858,15.495839910593,27000.0
2013-07-03,20.02,20.91,20.02,20.78,18500.0,0.0,1.0,15.418822813622,16.104274976665,15.418822813622,16.004152750603,18500.0
2013-07-05,21.0,21.0,20.52,20.94,13700.0,0.0,1.0,16.173590363939,16.173590363939,15.803908298478,16.127380105756,13700.0
2013-07-08,20.97,21.17,20.82,20.93,40500.0,0.0,1.0,16.150485234848,16.30451942879,16.034959589391,16.119678396059,40500.0
2013-07-09,21.1,21.13,20.75,20.88,18500.0,0.0,1.0,16.25060746091,16.273712590002,15.981047621511,16.081169847574,18500.0
2013-07-10,20.89,20.89,20.41,20.5,20200.0,0.0,1.0,16.088871557271,16.088871557271,15.719189491809,15.788504879083,20200.0
2013-07-11,20.6,20.809,20.42,20.55,42200.0,0.0,1.0,15.865521976055,16.026487708724,15.726891201507,15.827013427569,42200.0
2013-07-12,20.49,20.87,20.3598,20.53,34000.0,0.0,1.0,15.780803169386,16.073468137877,15.68052690913,15.811610008175,34000.0
2013-07-15,20.64,20.98,20.46,20.54,26200.0,0.0,1.0,15.896328814843,16.158186944545,15.757698040295,15.819311717872,26200.0
2013-07-16,20.42,21.04,20.28,20.72,55400.0,0.0,1.0,15.726891201507,16.204397202728,15.619067265747,15.95794249242,55400.0
2013-07-17,20.86,21.45,20.73,20.77,45100.0,0.0,1.0,16.06576642818,16.520167300309,15.965644202117,15.996451040906,45100.0
2013-07-18,20.8,21.2,20.78,20.92,40100.0,0.0,1.0,16.019556169997,16.327624557881,16.004152750603,16.111976686362,40100.0
2013-07-19,20.86,20.96,20.51,20.83,57100.0,0.0,1.0,16.06576642818,16.142783525151,15.796206588781,16.042661299088,57100.0
2013-07-22,20.82,21.07,20.701,20.97,23100.0,0.0,1.0,16.034959589391,16.227502331819,15.943309243995,16.150485234848,23100.0
2013-07-23,20.91,21.07,20.76,20.86,56400.0,0.0,1.0,16.104274976665,16.227502331819,15.988749331208,16.06576642818,56400.0
2013-07-24,20.92,21.23,20.54,20.91,22400.0,0.0,1.0,16.111976686362,16.350729686973,15.819311717872,16.104274976665,22400.0
2013-07-25,20.82,22.67,20.82,22.6,25200.0,0.0,1.0,16.034959589391,17.459775883357,16.034959589391,17.405863915477,25200.0
2013-07-26,22.49,22.6599,21.52,21.82,43300.0,0.0,1.0,17.321145108809,17.451997156563,16.574079268189,16.805130559102,43300.0
2013-07-29,21.7,22.35,21.19,22.0,21200.0,0.0,1.0,16.712710042737,17.21332117305,16.319922848184,16.943761333651,21200.0
2013-07-30,22.13,22.42,21.62,21.62,19100.0,0.0,1.0,17.043883559713,17.267233140929,16.65109636516,16.65109636516,19100.0
2013-07-31,21.62,22.34,21.17,21.58,32100.0,0.0,1.0,16.65109636516,17.205619463352,16.30451942879,16.620289526372,32100.0
2013-08-01,21.71,21.772,21.29,21.42,14900.0,0.0,1.0,16.720411752434,16.768162352556,16.396939945155,16.497062171218,14900.0
2013-08-02,21.26,21.43,21.14,21.33,7700.0,0.0,1.0,16.373834816064,16.504763880915,16.281414299699,16.427746783944,7700.0
2013-08-05,21.39,21.9,20.88,21.14,29600.0,0.0,1.0,16.473957042127,16.866744236679,16.081169847574,16.281414299699,29600.0
2013-08-06,21.11,21.6,20.85,21.16,33400.0,0.0,1.0,16.258309170607,16.635692945766,16.058064718482,16.296817719093,33400.0
2013-08-07,21.18,21.48,20.95,20.96,13100.0,0.0,1.0,16.312221138487,16.543272429401,16.135081815454,16.142783525151,13100.0
2013-08-08,21.08,21.36,20.8464,21.19,10100.0,0.0,1.0,16.235204041516,16.450851913035,16.055292102991,16.319922848184,10100.0
2013-08-09,21.09,21.59,20.9,21.4,29700.0,0.0,1.0,16.242905751213,16.627991236069,16.096573266968,16.481658751824,29700.0
2013-08-12,21.45,22.07,21.45,21.98,16100.0,0.0,1.0,16.520167300309,16.99767330153,16.520167300309,16.928357914256,16100.0
2013-08-13,21.99,22.25,21.82,22.14,28300.0,0.0,1.0,16.936059623953,17.136304076078,16.805130559102,17.05158526941,28300.0
2013-08-14,22.21,22.36,22.08,22.15,21200.0,0.0,1.0,17.10549723729,17.221022882747,17.005375011227,17.059286979107,21200.0
2013-08-15,22.0,22.1,21.01,21.06,24800.0,0.0,1.0,16.943761333651,17.020778430622,16.181292073636,16.219800622122,24800.0
2013-08-16,20.93,21.0,20.69,20.72,36600.0,0.0,1.0,16.119678396059,16.173590363939,15.934837363329,15.95794249242,36600.0
2013-08-19,20.8,21.12,20.5101,20.61,11700.0,0.0,1.0,16.019556169997,16.266010880304,15.796283605878,15.873223685752,11700.0
2013-08-20,20.6,21.29,20.6,20.99,15300.0,0.0,1.0,15.865521976055,16.396939945155,15.865521976055,16.165888654242,15300.0
2013-08-21,20.87,21.37,20.87,21.04,14100.0,0.0,1.0,16.073468137877,16.458553622732,16.073468137877,16.204397202728,14100.0
2013-08-22,21.43,22.15,21.27,21.91,12300.0,0.0,1.0,16.504763880915,17.059286979107,16.381536525761,16.874445946376,12300.0
2013-08-23,22.29,26.29,22.12,22.23,47500.0,0.0,1.0,17.167110914867,20.247794793712,17.036181850016,17.120900656684,47500.0
2013-08-26,22.32,22.6,21.19,21.29,21800.0,0.0,1.0,17.190216043958,17.405863915477,16.319922848184,16.396939945155,21800.0
2013-08-27,21.16,21.25,20.875,20.98,34000.0,0.0,1.0,16.296817719093,16.366133106367,16.077318992725,16.158186944545,34000.0
2013-08-28,21.05,21.27,20.86,21.05,39900.0,0.0,1.0,16.212098912425,16.381536525761,16.06576642818,16.212098912425,39900.0
2013-08-29,21.0,21.64,20.89,21.64,15200.0,0.0,1.0,16.173590363939,16.666499784554,16.088871557271,16.666499784554,15200.0
2013-08-30,21.69,21.75,21.51,21.65,21900.0,0.0,1.0,16.70500833304,16.751218591223,16.566377558492,16.674201494252,21900.0
2013-09-03,21.94,22.66,21.92,22.46,33400.0,0.0,1.0,16.897551075468,17.45207417366,16.882147656074,17.298039979718,33400.0
2013-09-04,22.45,22.73,22.24,22.52,8400.0,0.0,1.0,17.290338270021,17.50598614154,17.128602366381,17.3442502379,8400.0
2013-09-05,22.732,22.732,22.504,22.56,8700.0,0.0,1.0,17.507526483479,17.507526483479,17.331927502385,17.375057076689,8700.0
2013-09-06,22.68,22.68,21.53,21.71,45300.0,0.0,1.0,17.467477593054,17.467477593054,16.581780977886,16.720411752434,45300.0
2013-09-09,21.74,22.02,21.29,21.97,33500.0,0.0,1.0,16.743516881526,16.959164753045,16.396939945155,16.920656204559,33500.0
2013-09-10,22.528,22.53,22.02,22.33,20400.0,0.0,1.0,17.350411605658,17.351951947598,16.959164753045,17.197917753655,20400.0
2013-09-11,22.29,22.44,22.25,22.34,6500.0,0.0,1.0,17.167110914867,17.282636560324,17.136304076078,17.205619463352,6500.0
2013-09-12,22.34,22.38,21.93,22.23,33700.0,0.0,1.0,17.205619463352,17.236426302141,16.889849365771,17.120900656684,33700.0
2013-09-13,22.26,22.43,21.95,22.2,27900.0,0.0,1.0,17.144005785775,17.274934850626,16.905252785165,17.097795527593,27900.0
2013-09-16,22.46,22.52,22.2,22.44,11100.0,0.0,1.0,17.298039979718,17.3442502379,17.097795527593,17.282636560324,11100.0
2013-09-17,22.48,23.04,22.27,22.84,27900.0,0.0,1.0,17.313443399112,17.74473914215,17.151707495473,17.590704948208,27900.0
2013-09-18,22.55,23.88,22.55,23.79,30700.0,0.0,1.0,17.367355366992,18.391682756708,17.367355366992,18.322367369434,30700.0
2013-09-19,23.81,23.96,23.35,23.35,24300.0,0.0,1.0,18.337770788828,18.453296434285,17.983492142761,17.983492142761,24300.0
2013-09-20,23.35,23.5,23.15,23.38,53800.0,0.0,1.0,17.983492142761,18.099017788218,17.829457948819,18.006597271852,53800.0
2013-09-23,23.36,23.57,23.19,23.57,15100.0,0.0,1.0,17.991193852458,18.152929756097,17.860264787607,18.152929756097,15100.0
2013-09-24,23.765,23.97,23.351,23.83,7600.0,0.0,1.0,18.303113095191,18.460998143982,17.984262313731,18.353174208222,7600.0
2013-09-25,23.9,23.97,23.48,23.51,11600.0,0.0,1.0,18.407086176102,18.460998143982,18.083614368823,18.106719497915,11600.0
2013-09-26,23.51,24.24,23.28,23.75,12600.0,0.0,1.0,18.106719497915,18.668944305804,17.929580174881,18.291560530645,12600.0
2013-09-27,23.57,23.92,23.52,23.62,9900.0,0.0,1.0,18.152929756097,18.422489595496,18.114421207612,18.191438304583,9900.0
2013-09-30,23.35,23.82,22.99,23.19,35000.0,0.0,1.0,17.983492142761,18.345472498525,17.706230593665,17.860264787607,35000.0
2013-10-01,23.26,23.42,22.92,23.39,18400.0,0.0,1.0,17.914176755487,18.037404110641,17.652318625785,18.014298981549,18400.0
2013-10-02,23.44,23.45,22.8,22.94,17500.0,0.0,1.0,18.052807530035,18.060509239732,17.55989810942,17.667722045179,17500.0
2013-10-03,22.98,23.23,22.56,22.57,12300.0,0.0,1.0,17.698528883968,17.891071626396,17.375057076689,17.382758786386,12300.0
2013-10-04,22.51,22.6,22.1,22.31,7500.0,0.0,1.0,17.336548528203,17.405863915477,17.020778430622,17.182514334261,7500.0
2013-10-07,22.07,22.26,21.67,21.68,14300.0,0.0,1.0,16.99767330153,17.144005785775,16.689604913646,16.697306623343,14300.0
2013-10-08,21.75,22.43,21.24,21.26,34300.0,0.0,1.0,16.751218591223,17.274934850626,16.35843139667,16.373834816064,34300.0
2013-10-09,21.39,21.61,21.07,21.14,11100.0,0.0,1.0,16.473957042127,16.643394655463,16.227502331819,16.281414299699,11100.0
2013-10-10,21.42,22.35,21.07,22.23,16700.0,0.0,1.0,16.497062171218,17.21332117305,16.227502331819,17.120900656684,16700.0
2013-10-11,22.12,22.71,22.02,22.64,15400.0,0.0,1.0,17.036181850016,17.490582722146,16.959164753045,17.436670754266,15400.0
2013-10-14,22.67,22.81,22.34,22.69,17700.0,0.0,1.0,17.459775883357,17.567599819117,17.205619463352,17.475179302751,17700.0
2013-10-15,22.57,22.96,22.33,22.4,13200.0,0.0,1.0,17.382758786386,17.683125464573,17.197917753655,17.251829721535,13200.0
2013-10-16,22.47,22.83,22.47,22.66,8500.0,0.0,1.0,17.305741689415,17.583003238511,17.305741689415,17.45207417366,8500.0
2013-10-17,22.66,23.55,22.66,23.26,12200.0,0.0,1.0,17.45207417366,18.137526336703,17.45207417366,17.914176755487,12200.0
2013-10-18,23.47,23.61,23.03,23.24,21100.0,0.0,1.0,18.075912659126,18.183736594886,17.737037432453,17.898773336093,21100.0
2013-10-21,23.15,23.45,23.0,23.26,18900.0,0.0,1.0,17.829457948819,18.060509239732,17.713932303362,17.914176755487,18900.0
2013-10-22,24.11,24.2,23.34,23.78,20000.0,0.0,1.0,18.568822079742,18.638137467016,17.975790433064,18.314665659737,20000.0
2013-10-23,23.74,24.34,23.27,24.0,12700.0,0.0,1.0,18.283858820948,18.745961402775,17.921878465184,18.484103273073,12700.0
2013-10-24,24.18,24.5,23.81,24.44,7500.0,0.0,1.0,18.622734047621,18.869188757929,18.337770788828,18.822978499746,7500.0
2013-10-25,24.51,24.65,24.09,24.41,29100.0,0.0,1.0,18.876890467626,18.984714403386,18.553418660347,18.799873370655,29100.0
2013-10-28,24.26,24.48,24.26,24.37,28200.0,0.0,1.0,18.684347725198,18.853785338535,18.684347725198,18.769066531867,28200.0
2013-10-29,24.25,24.61,23.24,24.05,12400.0,0.0,1.0,18.676646015501,18.953907564597,17.898773336093,18.522611821559,12400.0
2013-10-30,24.5,24.61,24.05,24.1,75900.0,0.0,1.0,18.869188757929,18.953907564597,18.522611821559,18.561120370044,75900.0
2013-10-31,24.3,24.71,24.1,24.58,65100.0,0.0,1.0,18.715154563987,19.030924661568,18.561120370044,18.930802435506,65100.0
2013-11-01,24.86,24.86,24.41,24.68,57200.0,0.0,1.0,19.146450307025,19.146450307025,18.799873370655,19.007819532477,57200.0
2013-11-04,24.87,25.246,24.8,24.91,53800.0,0.0,1.0,19.154152016722,19.443736301334,19.100240048842,19.184958855511,53800.0
2013-11-05,24.9,25.2,24.855,24.97,39500.0,0.0,1.0,19.177257145814,19.408308436727,19.142599452177,19.231169113693,39500.0
2013-11-06,25.02,25.19,24.707,24.86,23600.0,0.0,1.0,19.269677662179,19.40060672703,19.028614148659,19.146450307025,23600.0
2013-11-07,24.9,24.9,24.38,24.43,16600.0,0.0,1.0,19.177257145814,19.177257145814,18.776768241564,18.815276790049,16600.0
2013-11-08,24.41,25.5,24.41,25.09,59600.0,0.0,1.0,18.799873370655,19.63935972764,18.799873370655,19.323589630059,59600.0
2013-11-11,25.1,25.15,24.72,24.81,20000.0,0.0,1.0,19.331291339756,19.369799888241,19.038626371265,19.10794175854,20000.0
2013-11-12,24.8,25.56,24.8,25.41,15200.0,0.0,1.0,19.100240048842,19.685569985823,19.100240048842,19.570044340366,15200.0
2013-11-13,25.18,25.3999,24.82,25.32,35700.0,0.0,1.0,19.392905017333,19.562265613572,19.115643468237,19.500728953092,35700.0
2013-11-14,25.4,25.8599,25.31,25.66,16700.0,0.0,1.0,19.562342630669,19.91654425964,19.493027243395,19.762587082794,16700.0
2013-11-15,25.66,25.75,25.32,25.49,23700.0,0.0,1.0,19.762587082794,19.831902470068,19.500728953092,19.631658017943,23700.0
2013-11-18,25.65,25.94,25.4,25.5,85900.0,0.0,1.0,19.754885373097,19.978234954313,19.562342630669,19.63935972764,85900.0
2013-11-19,24.12,24.71,23.88,24.03,44700.0,1.5,1.0,19.736107047206,20.218872518096,19.539727872607,19.662464856732,44700.0
2013-11-20,24.0,24.0,23.6312,23.75,15100.0,0.0,1.0,19.637917459907,19.637917459907,19.336148128273,19.433355819699,15100.0
2013-11-21,23.75,24.7,23.67,24.67,35100.0,0.0,1.0,19.433355819699,20.210690052487,19.367896094833,20.186142655663,35100.0
2013-11-22,24.66,24.82,24.4758,24.7,20800.0,0.0,1.0,20.177960190054,20.308879639787,20.027239173549,20.210690052487,20800.0
2013-11-25,24.74,24.75,24.3,24.39,24100.0,0.0,1.0,20.243419914921,20.251602380529,19.883391428156,19.95703361863,24100.0
2013-11-26,24.28,24.55,24.1401,24.5,43400.0,0.0,1.0,19.867026496939,20.087953068363,19.752553803079,20.047040740322,43400.0
2013-11-27,24.41,25.49,24.41,25.32,77100.0,0.0,1.0,19.973398549847,20.857104835543,19.973398549847,20.718002920202,77100.0
2013-11-29,25.58,25.9699,25.42,25.49,52900.0,0.0,1.0,20.930747026017,21.249781360085,20.799827576285,20.857104835543,52900.0
2013-12-02,25.66,26.0,25.54,25.57,51100.0,0.0,1.0,20.996206750884,21.274410581566,20.898017163584,20.922564560409,51100.0
2013-12-03,25.62,25.83,25.51,25.69,35400.0,0.0,1.0,20.963476888451,21.135308666225,20.873469766759,21.020754147709,35400.0
2013-12-04,25.66,25.9,25.35,25.63,32300.0,0.0,1.0,20.996206750884,21.192585925483,20.742550317027,20.971659354059,32300.0
2013-12-05,25.6,25.7,24.53,24.8,34800.0,0.0,1.0,20.947111957234,21.028936613317,20.071588137146,20.29251470857,34800.0
2013-12-06,24.96,25.16,24.59,24.73,33300.0,0.0,1.0,20.423434158303,20.587083470469,20.120682930796,20.235237449312,33300.0
2013-12-09,24.83,24.9132,24.339,24.46,20800.0,0.0,1.0,20.317062105395,20.385140219256,19.915303044028,20.014310877888,20800.0
2013-12-10,24.32,24.34,23.78,23.86,38100.0,0.0,1.0,19.899756359372,19.916121290589,19.457903216524,19.523362941391,38100.0
2013-12-11,23.9,24.0099,23.7,23.92,29900.0,0.0,1.0,19.556092803824,19.646018100859,19.392443491658,19.57245773504,29900.0
2013-12-12,23.9,24.35,23.825,24.32,27300.0,0.0,1.0,19.556092803824,19.924303756197,19.494724311762,19.899756359372,27300.0
2013-12-13,24.32,24.32,24.03,24.21,27100.0,0.0,1.0,19.899756359372,19.899756359372,19.662464856732,19.809749237681,27100.0
2013-12-16,24.25,24.54,24.1,24.28,32500.0,0.0,1.0,19.842479100114,20.079770602755,19.71974211599,19.867026496939,32500.0
2013-12-17,24.18,24.335,24.0,24.12,17400.0,0.0,1.0,19.785201840856,19.912030057785,19.637917459907,19.736107047206,17400.0
2013-12-18,24.26,24.44,23.98,24.37,18400.0,0.0,1.0,19.850661565722,19.997945946672,19.62155252869,19.940668687414,18400.0
2013-12-19,24.31,25.64,24.2205,24.93,34300.0,0.0,1.0,19.891573893764,20.979841819667,19.81834082657,20.398886761478,34300.0
2013-12-20,25.05,25.85,25.0,25.42,78600.0,0.0,1.0,20.497076348778,21.151673597441,20.456164020736,20.799827576285,78600.0
2013-12-23,25.5,25.9899,25.46,25.57,26600.0,0.0,1.0,20.865287301151,21.266146291301,20.832557438718,20.922564560409,26600.0
2013-12-24,25.55,25.55,25.13,25.13,11300.0,0.0,1.0,20.906199629192,20.906199629192,20.562536073644,20.562536073644,11300.0
2013-12-26,25.19,25.49,25.04,25.33,16400.0,0.0,1.0,20.611630867294,20.857104835543,20.488893883169,20.72618538581,16400.0
2013-12-27,25.43,25.6599,24.9,25.03,14500.0,0.0,1.0,20.808010041893,20.996124926228,20.374339364653,20.480711417561,14500.0
2013-12-30,25.06,25.06,24.74,24.86,7400.0,0.0,1.0,20.505258814386,20.505258814386,20.243419914921,20.34160950222,7400.0
2013-12-31,24.93,24.93,24.53,24.68,16900.0,0.0,1.0,20.398886761478,20.398886761478,20.071588137146,20.194325121271,16900.0
2014-01-02,24.47,24.47,23.95,24.02,19900.0,0.0,1.0,20.022493343497,20.022493343497,19.597005131865,19.654282391123,19900.0
2014-01-03,24.04,24.33,23.94,23.95,34300.0,0.0,1.0,19.67064732234,19.907938824981,19.588822666257,19.597005131865,34300.0
2014-01-06,23.89,23.932,23.0,23.04,44300.0,0.0,1.0,19.547910338216,19.58227669377,18.819670899077,18.852400761511,44300.0
2014-01-07,23.07,23.9,23.07,23.59,25000.0,0.0,1.0,18.876948158335,19.556092803824,18.876948158335,19.302436369967,25000.0
2014-01-08,23.49,23.5299,23.0,23.2,16800.0,0.0,1.0,19.220611713884,19.253259751661,18.819670899077,18.983320211243,16800.0
2014-01-09,23.36,23.36,22.52,22.59,26300.0,0.0,1.0,19.114239660976,19.114239660976,18.426912549879,18.484189809137,26300.0
2014-01-10,22.65,22.97,22.54,22.72,22400.0,0.0,1.0,18.533284602787,18.795123502252,18.443277481096,18.590561862045,22400.0
2014-01-13,22.7,23.18,22.7,23.18,36000.0,0.0,1.0,18.574196930829,18.966955280027,18.574196930829,18.966955280027,36000.0
2014-01-14,23.2,23.28,22.96,23.12,28100.0,0.0,1.0,18.983320211243,19.04877993611,18.786941036644,18.917860486377,28100.0
2014-01-15,23.12,23.88,23.12,23.53,25000.0,0.0,1.0,18.917860486377,19.539727872607,18.917860486377,19.253341576317,25000.0
2014-01-16,23.46,23.65,23.311,23.55,33900.0,0.0,1.0,19.196064317059,19.351531163617,19.074145579495,19.269706507534,33900.0
2014-01-17,23.52,23.6399,23.35,23.48,32600.0,0.0,1.0,19.245159110709,19.343266873352,19.106057195368,19.212429248276,32600.0
2014-01-21,23.57,23.65,23.41,23.58,14400.0,0.0,1.0,19.28607143875,19.351531163617,19.155151989017,19.294253904358,14400.0
2014-01-22,23.54,23.89,23.31,23.57,10700.0,0.0,1.0,19.261524041925,19.547910338216,19.073327332935,19.28607143875,10700.0
2014-01-23,23.4101,23.64,23.25,23.4,19900.0,0.0,1.0,19.155233813674,19.343348698008,19.024232539285,19.146969523409,19900.0
2014-01-24,23.25,23.57,23.25,23.29,17700.0,0.0,1.0,19.024232539285,19.28607143875,19.024232539285,19.056962401718,17700.0
2014-01-27,23.43,23.43,22.98,22.99,17800.0,0.0,1.0,19.171516920234,19.171516920234,18.803305967861,18.811488433469,17800.0
2014-01-28,22.99,23.18,22.7,23.02,48600.0,0.0,1.0,18.811488433469,18.966955280027,18.574196930829,18.836035830294,48600.0
2014-01-29,22.74,23.22,22.63,22.8,27100.0,0.0,1.0,18.606926793262,18.99968514246,18.51691967157,18.656021586911,27100.0
2014-01-30,22.52,24.415,22.5,23.97,65800.0,0.0,1.0,18.426912549879,19.977489782651,18.410547618663,19.613370063082,65800.0
2014-01-31,23.6,24.151,23.07,23.15,47900.0,0.0,1.0,19.310618835575,19.761472690592,18.876948158335,18.942407883202,47900.0
2014-02-03,23.16,24.01,21.82,22.21,92400.0,0.0,1.0,18.95059034881,19.646099925515,17.854139957299,18.173256116022,92400.0
2014-02-04,22.23,22.35,21.86,22.2,48000.0,0.0,1.0,18.189621047239,18.287810634538,17.886869819732,18.165073650414,48000.0
2014-02-05,22.1,22.4,21.5512,21.77,54800.0,0.0,1.0,18.083248994331,18.32872296258,17.634195281748,17.813227629257,54800.0
2014-02-06,21.9,22.24,21.73,21.76,49700.0,0.0,1.0,17.919599682165,18.197803512847,17.780497766824,17.805045163649,49700.0
2014-02-07,21.74,22.1,21.6,21.92,27400.0,0.0,1.0,17.788680232432,18.083248994331,17.674125713916,17.935964613382,27400.0
2014-02-10,21.82,21.9,21.51,21.83,15800.0,0.0,1.0,17.854139957299,17.919599682165,17.600483523442,17.862322422907,15800.0
2014-02-11,21.78,22.06,21.3,21.41,37900.0,0.0,1.0,17.821410094865,18.050519131898,17.428651745667,17.518658867359,37900.0
2014-02-12,21.36,21.92,21.2,21.74,44500.0,0.0,1.0,17.477746539317,17.935964613382,17.346827089584,17.788680232432,44500.0
2014-02-13,21.61,23.25,21.58,22.35,87600.0,0.0,1.0,17.682308179524,19.024232539285,17.6577607827,18.287810634538,87600.0
2014-02-14,22.38,22.99,22.31,22.35,45000.0,0.0,1.0,18.312358031363,18.811488433469,18.255080772105,18.287810634538,45000.0
2014-02-18,22.35,23.2399,22.35,22.81,37600.0,0.0,1.0,18.287810634538,19.01596824902,18.287810634538,18.66420405252,37600.0
2014-02-19,22.81,22.97,22.42,22.51,22500.0,0.0,1.0,18.66420405252,18.795123502252,18.345087893796,18.418730084271,22500.0
2014-02-20,22.64,22.97,22.04,22.81,17100.0,0.0,1.0,18.525102137179,18.795123502252,18.034154200681,18.66420405252,17100.0
2014-02-21,22.97,23.18,22.81,22.9,31400.0,0.0,1.0,18.795123502252,18.966955280027,18.66420405252,18.737846242994,31400.0
2014-02-24,22.74,23.09,22.6599,23.02,47800.0,0.0,1.0,18.606926793262,18.893313089552,18.541385243739,18.836035830294,47800.0
2014-02-25,22.78,23.489,22.78,23.29,32600.0,0.0,1.0,18.639656655695,19.219793467323,18.639656655695,19.056962401718,32600.0
2014-02-26,23.24,23.705,23.001,23.5,29300.0,0.0,1.0,19.016050073676,19.396534724462,18.820489145638,19.228794179492,29300.0
2014-02-27,23.55,23.77,23.48,23.61,30800.0,0.0,1.0,19.269706507534,19.449720750916,19.212429248276,19.318801301183,30800.0
2014-02-28,23.67,24.4,23.67,24.25,63500.0,0.0,1.0,19.367896094833,19.965216084239,19.367896094833,19.842479100114,63500.0
2014-03-03,24.13,24.35,23.62,23.65,26300.0,0.0,1.0,19.744289512815,19.924303756197,19.326983766792,19.351531163617,26300.0
2014-03-04,23.99,24.2,23.629,23.84,39800.0,0.0,1.0,19.629734994299,19.801566772073,19.334347985839,19.506998010174,39800.0
2014-03-05,23.7,23.7,23.16,23.37,38300.0,0.0,1.0,19.392443491658,19.392443491658,18.95059034881,19.122422126584,38300.0
2014-03-06,23.51,23.63,23.04,23.14,22900.0,0.0,1.0,19.2369766451,19.3351662324,18.852400761511,18.934225417594,22900.0
2014-03-07,23.13,23.57,23.04,23.07,33600.0,0.0,1.0,18.926042951985,19.28607143875,18.852400761511,18.876948158335,33600.0
2014-03-10,23.13,23.28,22.87,23.25,18900.0,0.0,1.0,18.926042951985,19.04877993611,18.71329884617,19.024232539285,18900.0
2014-03-11,23.33,23.33,22.67,22.7,15300.0,0.0,1.0,19.089692264151,19.089692264151,18.549649534004,18.574196930829,15300.0
2014-03-12,22.7,22.85,22.54,22.76,19600.0,0.0,1.0,18.574196930829,18.696933914953,18.443277481096,18.623291724478,19600.0
2014-03-13,22.61,22.75,22.05,22.18,19800.0,0.0,1.0,18.500554740354,18.61510925887,18.042336666289,18.148708719197,19800.0
2014-03-14,22.18,22.52,22.18,22.45,9900.0,0.0,1.0,18.148708719197,18.426912549879,18.148708719197,18.369635290621,9900.0
2014-03-17,22.69,22.81,22.21,22.26,30500.0,0.0,1.0,18.56601446522,18.66420405252,18.173256116022,18.214168444064,30500.0
2014-03-18,22.26,22.68,22.03,22.68,12100.0,0.0,1.0,18.214168444064,18.557831999612,18.025971735073,18.557831999612,12100.0
2014-03-19,22.72,22.72,22.42,22.44,8900.0,0.0,1.0,18.590561862045,18.590561862045,18.345087893796,18.361452825013,8900.0
2014-03-20,22.51,22.86,22.0,22.32,48300.0,0.0,1.0,18.418730084271,18.705116380561,18.001424338248,18.263263237713,48300.0
2014-03-21,22.33,22.64,22.002,22.13,33900.0,0.0,1.0,18.271445703322,18.525102137179,18.00306083137,18.107796391156,33900.0
2014-03-24,22.18,22.25,21.5802,22.17,41500.0,0.0,1.0,18.148708719197,18.205985978455,17.657924432012,18.140526253589,41500.0
2014-03-25,22.17,23.48,22.17,23.15,21300.0,0.0,1.0,18.140526253589,19.212429248276,18.140526253589,18.942407883202,21300.0
2014-03-26,23.26,23.26,22.53,22.54,31700.0,0.0,1.0,19.032415004893,19.032415004893,18.435095015488,18.443277481096,31700.0
2014-03-27,22.63,23.0,22.22,22.75,62800.0,0.0,1.0,18.51691967157,18.819670899077,18.18143858163,18.61510925887,62800.0
2014-03-28,22.7,23.65,22.28,22.51,39800.0,0.0,1.0,18.574196930829,19.351531163617,18.23053337528,18.418730084271,39800.0
2014-03-31,22.54,23.3,22.43,23.02,36200.0,0.0,1.0,18.443277481096,19.065144867326,18.353270359405,18.836035830294,36200.0
2014-04-01,23.03,23.28,23.01,23.24,23300.0,0.0,1.0,18.844218295902,19.04877993611,18.827853364686,19.016050073676,23300.0
2014-04-02,23.32,23.58,23.29,23.4,17900.0,0.0,1.0,19.081509798543,19.294253904358,19.056962401718,19.146969523409,17900.0
2014-04-03,23.6,23.66,23.21,23.36,28600.0,0.0,1.0,19.310618835575,19.359713629225,18.991502676852,19.114239660976,28600.0
2014-04-04,23.55,23.55,22.55,22.84,24900.0,0.0,1.0,19.269706507534,19.269706507534,18.451459946704,18.688751449345,24900.0
2014-04-07,22.69,22.98,22.52,22.65,24100.0,0.0,1.0,18.56601446522,18.803305967861,18.426912549879,18.533284602787,24100.0
2014-04-08,22.84,23.33,22.78,23.05,76300.0,0.0,1.0,18.688751449345,19.089692264151,18.639656655695,18.860583227119,76300.0
2014-04-09,23.07,23.2499,23.0,23.03,13700.0,0.0,1.0,18.876948158335,19.024150714629,18.819670899077,18.844218295902,13700.0
2014-04-10,23.0,23.11,22.7818,22.85,28700.0,0.0,1.0,18.819670899077,18.909678020769,18.641129499504,18.696933914953,28700.0
2014-04-11,22.63,23.3,22.56,23.21,34800.0,0.0,1.0,18.51691967157,19.065144867326,18.459642412312,18.991502676852,34800.0
2014-04-14,23.36,23.55,23.2,23.34,17700.0,0.0,1.0,19.114239660976,19.269706507534,18.983320211243,19.097874729759,17700.0
2014-04-15,23.5,23.6,22.86,23.05,34400.0,0.0,1.0,19.228794179492,19.310618835575,18.705116380561,18.860583227119,34400.0
2014-04-16,23.11,23.16,22.82,23.14,31600.0,0.0,1.0,18.909678020769,18.95059034881,18.672386518128,18.934225417594,31600.0
2014-04-17,23.02,23.52,23.0,23.4,25800.0,0.0,1.0,18.836035830294,19.245159110709,18.819670899077,19.146969523409,25800.0
2014-04-21,23.26,23.33,23.16,23.28,7100.0,0.0,1.0,19.032415004893,19.089692264151,18.95059034881,19.04877993611,7100.0
2014-04-22,23.28,23.62,23.27,23.42,8700.0,0.0,1.0,19.04877993611,19.326983766792,19.040597470501,19.163334454626,8700.0
2014-04-23,23.49,23.52,23.25,23.27,13900.0,0.0,1.0,19.220611713884,19.245159110709,19.024232539285,19.040597470501,13900.0
2014-04-24,23.25,23.37,23.13,23.34,18800.0,0.0,1.0,19.024232539285,19.122422126584,18.926042951985,19.097874729759,18800.0
2014-04-25,23.31,23.36,22.82,22.85,26300.0,0.0,1.0,19.073327332935,19.114239660976,18.672386518128,18.696933914953,26300.0
2014-04-28,22.82,22.86,22.51,22.66,17200.0,0.0,1.0,18.672386518128,18.705116380561,18.418730084271,18.541467068395,17200.0
2014-04-29,22.82,23.425,22.67,23.01,28300.0,0.0,1.0,18.672386518128,19.16742568743,18.549649534004,18.827853364686,28300.0
2014-04-30,23.03,23.729,23.0,23.05,29600.0,0.0,1.0,18.844218295902,19.416172641922,18.819670899077,18.860583227119,29600.0
2014-05-01,23.35,25.41,23.35,24.0,109600.0,0.0,1.0,19.106057195368,20.791645110676,19.106057195368,19.637917459907,109600.0
2014-05-02,23.94,23.94,23.75,23.84,58600.0,0.0,1.0,19.588822666257,19.588822666257,19.433355819699,19.506998010174,58600.0
2014-05-05,23.77,24.22,23.5,24.1,36100.0,0.0,1.0,19.449720750916,19.817931703289,19.228794179492,19.71974211599,36100.0
2014-05-06,24.11,24.42,24.0,24.35,31900.0,0.0,1.0,19.727924581598,19.981581015455,19.637917459907,19.924303756197,31900.0
2014-05-07,24.36,24.42,24.2,24.33,47500.0,0.0,1.0,19.932486221805,19.981581015455,19.801566772073,19.907938824981,47500.0
2014-05-08,24.25,24.58,24.25,24.49,25000.0,0.0,1.0,19.842479100114,20.112500465188,19.842479100114,20.038858274713,25000.0
2014-05-09,24.29,25.0,24.29,24.9,20900.0,0.0,1.0,19.875208962547,20.456164020736,19.875208962547,20.374339364653,20900.0
2014-05-12,25.0,25.7,25.0,25.67,26000.0,0.0,1.0,20.456164020736,21.028936613317,20.456164020736,21.004389216492,26000.0
2014-05-13,25.74,25.94,25.61,25.8,47900.0,0.0,1.0,21.06166647575,21.225315787916,20.955294422842,21.1107612694,47900.0
2014-05-14,25.85,26.17,25.51,25.97,73100.0,0.0,1.0,21.151673597441,21.413512496907,20.873469766759,21.249863184741,73100.0
2014-05-15,25.89,25.946,25.5964,25.73,34600.0,0.0,1.0,21.184403459874,21.230225267281,20.944166269615,21.053484010142,34600.0
2014-05-16,25.67,25.899,25.49,25.72,31600.0,0.0,1.0,21.004389216492,21.191767678922,20.857104835543,21.045301544533,31600.0
2014-05-19,25.72,27.23,25.72,27.09,51300.0,0.0,1.0,21.045301544533,22.280853851386,21.045301544533,22.16629933287,51300.0
2014-05-20,27.05,27.5,26.1201,26.27,127800.0,0.0,1.0,22.133569470437,22.50178042281,21.372681993521,21.49533715299,127800.0
2014-05-21,26.2,26.2,25.3,25.54,53000.0,0.0,1.0,21.438059893732,21.438059893732,20.701637988985,20.898017163584,53000.0
2014-05-22,25.48,25.5,25.07,25.17,33000.0,0.0,1.0,20.848922369934,20.865287301151,20.513441279994,20.595265936077,33000.0
2014-05-23,25.31,25.68,25.1,25.67,29300.0,0.0,1.0,20.709820454593,21.0125716821,20.537988676819,21.004389216492,29300.0
2014-05-27,25.67,26.2,25.67,25.89,29200.0,0.0,1.0,21.004389216492,21.438059893732,21.004389216492,21.184403459874,29200.0
2014-05-28,25.93,26.0,25.645,25.71,14700.0,0.0,1.0,21.217133322308,21.274410581566,20.983933052471,21.037119078925,14700.0
2014-05-29,25.68,25.97,25.523,25.68,16000.0,0.0,1.0,21.0125716821,21.249863184741,20.88410697205,21.0125716821,16000.0
2014-05-30,25.71,25.8499,25.5,25.7,33300.0,0.0,1.0,21.037119078925,21.151591772785,20.865287301151,21.028936613317,33300.0
2014-06-02,25.68,25.68,25.26,25.49,18200.0,0.0,1.0,21.0125716821,21.0125716821,20.668908126552,20.857104835543,18200.0
2014-06-03,25.47,25.47,25.11,25.15,11500.0,0.0,1.0,20.840739904326,20.840739904326,20.546171142428,20.578901004861,11500.0
2014-06-04,25.1,25.41,25.0,25.4,24200.0,0.0,1.0,20.537988676819,20.791645110676,20.456164020736,20.783462645068,24200.0
2014-06-05,25.33,25.85,24.4,25.77,27200.0,0.0,1.0,20.72618538581,21.151673597441,19.965216084239,21.086213872575,27200.0
2014-06-06,25.9,25.99,25.57,25.97,23200.0,0.0,1.0,21.192585925483,21.266228115957,20.922564560409,21.249863184741,23200.0
2014-06-09,26.03,26.32,25.98,26.28,28600.0,0.0,1.0,21.298957978391,21.536249481031,21.258045650349,21.503519618598,28600.0
2014-06-10,26.29,26.45,26.2,26.39,17200.0,0.0,1.0,21.511702084206,21.642621533939,21.438059893732,21.593526740289,17200.0
2014-06-11,26.38,26.45,26.231,26.41,24200.0,0.0,1.0,21.585344274681,21.642621533939,21.463425537117,21.609891671506,24200.0
2014-06-12,26.44,26.52,26.22,26.37,17700.0,0.0,1.0,21.634439068331,21.699898793197,21.454424824948,21.577161809073,17700.0
2014-06-13,26.43,26.57,26.29,26.52,23400.0,0.0,1.0,21.626256602722,21.740811121239,21.511702084206,21.699898793197,23400.0
2014-06-16,26.49,26.6,26.34,26.5,29000.0,0.0,1.0,21.675351396372,21.765358518063,21.552614412248,21.68353386198,29000.0
2014-06-17,26.57,27.0,26.56,26.94,37300.0,0.0,1.0,21.740811121239,22.092657142395,21.73262865563,22.043562348745,37300.0
2014-06-18,26.965,27.24,26.67,27.04,74800.0,0.0,1.0,22.064018512766,22.289036316994,21.822635777321,22.125387004828,74800.0
2014-06-19,27.23,27.23,26.44,26.59,29000.0,0.0,1.0,22.280853851386,22.280853851386,21.634439068331,21.757176052455,29000.0
2014-06-20,26.73,26.91,26.4864,26.7,43400.0,0.0,1.0,21.871730570971,22.019014951921,21.672405708753,21.847183174146,43400.0
2014-06-23,26.59,27.0135,26.24,26.4,21500.0,0.0,1.0,21.757176052455,22.103703470966,21.470789756165,21.601709205898,21500.0
2014-06-24,26.47,26.6522,26.23,26.27,19700.0,0.0,1.0,21.658986465156,21.808070988539,21.462607290557,21.49533715299,19700.0
2014-06-25,26.24,26.286,25.54,25.73,37500.0,0.0,1.0,21.470789756165,21.508429097963,20.898017163584,21.053484010142,37500.0
2014-06-26,25.75,26.4,25.59,26.36,20200.0,0.0,1.0,21.069848941358,21.601709205898,20.938929491626,21.568979343464,20200.0
2014-06-27,26.16,26.52,25.37,26.36,47600.0,0.0,1.0,21.405330031298,21.699898793197,20.758915248243,21.568979343464,47600.0
2014-06-30,26.52,26.6,26.08,26.47,21000.0,0.0,1.0,21.699898793197,21.765358518063,21.339870306432,21.658986465156,21000.0
2014-07-01,26.44,27.45,26.405,27.19,35500.0,0.0,1.0,21.634439068331,22.460868094768,21.605800438702,22.248123988953,35500.0
2014-07-02,27.29,27.65,27.2,27.24,32500.0,0.0,1.0,22.329948645036,22.624517406934,22.256306454561,22.289036316994,32500.0
2014-07-03,27.39,27.64,27.39,27.64,10600.0,0.0,1.0,22.411773301119,22.616334941326,22.411773301119,22.616334941326,10600.0
2014-07-07,27.64,27.8839,27.335,27.68,27400.0,0.0,1.0,22.616334941326,22.815905277512,22.366769740273,22.649064803759,27400.0
2014-07-08,27.58,27.69,27.0,27.25,17700.0,0.0,1.0,22.567240147676,22.657247269368,22.092657142395,22.297218782603,17700.0
2014-07-09,27.3,27.57,27.011,27.07,21200.0,0.0,1.0,22.338131110644,22.559057682068,22.101657854564,22.149934401653,21200.0
2014-07-10,26.74,27.14,26.51,27.03,17300.0,0.0,1.0,21.87991303658,22.207211660911,21.691716327589,22.11720453922,17300.0
2014-07-11,27.03,27.46,26.7811,27.31,12000.0,0.0,1.0,22.11720453922,22.469050560377,21.91354297023,22.346313576252,12000.0
2014-07-14,27.55,27.82,27.03,27.2,16700.0,0.0,1.0,22.542692750851,22.763619322275,22.11720453922,22.256306454561,16700.0
2014-07-15,27.12,27.35,26.531,26.81,26300.0,0.0,1.0,22.190846729695,22.379043438685,21.708899505366,21.937190295838,26300.0
2014-07-16,26.99,27.24,26.7,27.07,24000.0,0.0,1.0,22.084474676787,22.289036316994,21.847183174146,22.149934401653,24000.0
2014-07-17,27.0,27.025,26.201,26.34,19500.0,0.0,1.0,22.092657142395,22.113113306416,21.438878140292,21.552614412248,19500.0
2014-07-18,26.25,26.87,26.05,26.84,20900.0,0.0,1.0,21.478972221773,21.986285089487,21.315322909607,21.961737692662,20900.0
2014-07-21,26.85,26.85,26.31,26.38,9600.0,0.0,1.0,21.969920158271,21.969920158271,21.528067015423,21.585344274681,9600.0
2014-07-22,26.31,26.605,26.1536,26.58,43300.0,0.0,1.0,21.528067015423,21.769449750868,21.400093253309,21.748993586847,43300.0
2014-07-23,26.65,26.8,26.45,26.63,24800.0,0.0,1.0,21.806270846105,21.929007830229,21.642621533939,21.789905914888,24800.0
2014-07-24,26.6,26.74,26.24,26.56,22900.0,0.0,1.0,21.765358518063,21.87991303658,21.470789756165,21.73262865563,22900.0
2014-07-25,26.5,26.58,26.25,26.51,29800.0,0.0,1.0,21.68353386198,21.748993586847,21.478972221773,21.691716327589,29800.0
2014-07-28,26.63,26.71,26.45,26.5,13000.0,0.0,1.0,21.789905914888,21.855365639755,21.642621533939,21.68353386198,13000.0
2014-07-29,26.65,26.84,26.36,26.62,13800.0,0.0,1.0,21.806270846105,21.961737692662,21.568979343464,21.78172344928,13800.0
2014-07-30,26.75,26.88,26.55,26.72,18900.0,0.0,1.0,21.888095502188,21.994467555096,21.724446190022,21.863548105363,18900.0
2014-07-31,26.7,26.76,26.095,26.45,40600.0,0.0,1.0,21.847183174146,21.896277967796,21.352144004845,21.642621533939,40600.0
2014-08-01,26.37,26.37,25.26,25.36,30100.0,0.0,1.0,21.577161809073,21.577161809073,20.668908126552,20.750732782635,30100.0
2014-08-04,25.32,26.29,25.32,26.0,51200.0,0.0,1.0,20.718002920202,21.511702084206,20.718002920202,21.274410581566,51200.0
2014-08-05,26.0,26.15,25.5,25.73,15000.0,0.0,1.0,21.274410581566,21.39714756569,20.865287301151,21.053484010142,15000.0
2014-08-06,25.4625,25.7246,25.4625,25.572,12200.0,0.0,1.0,20.83460305512,21.049065478713,20.83460305512,20.924201053531,12200.0
2014-08-07,25.68,25.88,25.5501,25.6,5100.0,0.0,1.0,21.0125716821,21.176220994266,20.906281453849,20.947111957234,5100.0
2014-08-08,25.57,25.9,25.51,25.87,10600.0,0.0,1.0,20.922564560409,21.192585925483,20.873469766759,21.168038528658,10600.0
2014-08-11,25.83,26.31,25.75,26.18,12000.0,0.0,1.0,21.135308666225,21.528067015423,21.069848941358,21.421694962515,12000.0
2014-08-12,26.3,26.3,26.01,26.03,5800.0,0.0,1.0,21.519884549815,21.519884549815,21.282593047174,21.298957978391,5800.0
2014-08-13,26.1,27.21,26.1,27.06,16800.0,0.0,1.0,21.356235237649,22.264488920169,21.356235237649,22.141751936045,16800.0
2014-08-14,27.04,27.46,26.99,27.34,10600.0,0.0,1.0,22.125387004828,22.469050560377,22.084474676787,22.370860973077,10600.0
2014-08-15,27.66,28.06,27.66,27.98,29800.0,0.0,1.0,22.632699872543,22.959998496874,22.632699872543,22.894538772008,29800.0
2014-08-18,28.33,28.9844,28.29,28.88,42900.0,0.0,1.0,23.180925068298,23.716385617705,23.148195205865,23.630960676755,42900.0
2014-08-19,29.18,29.23,28.19,28.43,22200.0,0.0,1.0,23.876434645003,23.917346973045,23.066370549782,23.262749724381,22200.0
2014-08-20,29.23,29.75,28.6,29.57,49800.0,0.0,1.0,23.917346973045,24.342835184676,23.401851639722,24.195550803727,49800.0
2014-08-21,29.72,29.72,29.03,29.63,27500.0,0.0,1.0,24.318287787851,24.318287787851,23.753697660879,24.244645597377,27500.0
2014-08-22,29.62,30.25,29.5,30.24,57000.0,0.0,1.0,24.236463131768,24.751958465091,24.138273544469,24.743775999483,57000.0
2014-08-25,30.51,31.4,30.47,31.23,51800.0,0.0,1.0,24.964702570907,25.692942010045,24.931972708473,25.553840094704,51800.0
2014-08-26,31.23,31.42,31.12,31.35,38700.0,0.0,1.0,25.553840094704,25.709306941261,25.463832973013,25.652029682003,38700.0
2014-08-27,31.34,31.49,30.8601,31.24,33900.0,0.0,1.0,25.643847216395,25.766584200519,25.251170691853,25.562022560312,33900.0
2014-08-28,31.09,31.21,30.26,30.62,30400.0,0.0,1.0,25.439285576188,25.537475163487,24.760140930699,25.054709692598,30400.0
2014-08-29,30.62,30.9956,30.34,30.76,20600.0,0.0,1.0,25.054709692598,25.362043100845,24.825600655566,25.169264211114,20600.0
2014-09-02,30.99,32.0,30.9422,31.88,41900.0,0.0,1.0,25.357460920105,26.183889946542,25.318348734497,26.085700359243,41900.0
2014-09-03,31.87,32.14,31.86,31.9,22400.0,0.0,1.0,26.077517893635,26.298444465059,26.069335428026,26.102065290459,22400.0
2014-09-04,32.0,32.49,32.0,32.0,9300.0,0.0,1.0,26.183889946542,26.584830761349,26.183889946542,26.183889946542,9300.0
2014-09-05,31.96,32.0725,31.61,31.82,11000.0,0.0,1.0,26.151160084109,26.243212822203,25.864773787819,26.036605565593,11000.0
2014-09-08,31.8,31.88,31.56,31.82,24700.0,0.0,1.0,26.020240634377,26.085700359243,25.823861459777,26.036605565593,24700.0
2014-09-09,31.86,32.14,31.79,31.84,17900.0,0.0,1.0,26.069335428026,26.298444465059,26.012058168768,26.05297049681,17900.0
2014-09-10,31.89,32.49,31.82,32.34,11600.0,0.0,1.0,26.093882824851,26.584830761349,26.036605565593,26.462093777224,11600.0
2014-09-11,32.41,32.73,32.27,32.52,30600.0,0.0,1.0,26.519371036483,26.781209935948,26.404816517966,26.609378158174,30600.0
2014-09-12,32.42,32.85,32.42,32.74,35900.0,0.0,1.0,26.527553502091,26.879399523247,26.527553502091,26.789392401556,35900.0
2014-09-15,32.93,32.94,32.31,32.4,35600.0,0.0,1.0,26.944859248114,26.953041713722,26.4375463804,26.511188570874,35600.0
2014-09-16,32.4,32.56,31.97,32.16,20100.0,0.0,1.0,26.511188570874,26.642108020607,26.159342549718,26.314809396275,20100.0
2014-09-17,32.35,32.35,31.86,31.98,25600.0,0.0,1.0,26.470276242833,26.470276242833,26.069335428026,26.167525015326,25600.0
2014-09-18,32.16,32.28,31.91,32.19,8600.0,0.0,1.0,26.314809396275,26.412998983575,26.110247756068,26.3393567931,8600.0
2014-09-19,32.26,32.28,31.12,31.46,29500.0,0.0,1.0,26.396634052358,26.412998983575,25.463832973013,25.742036803695,29500.0
2014-09-22,31.44,31.6,31.05,31.27,17300.0,0.0,1.0,25.725671872478,25.856591322211,25.406555713754,25.586569957137,17300.0
2014-09-23,31.19,32.5,31.19,32.1,31800.0,0.0,1.0,25.521110232271,26.593013226957,25.521110232271,26.265714602625,31800.0
2014-09-24,32.13,32.7,32.13,32.51,25220.0,0.0,1.0,26.29026199945,26.756662539123,26.29026199945,26.601195692565,25220.0
2014-09-25,32.43,32.63,31.95,32.39,22635.0,0.0,1.0,26.535735967699,26.699385279865,26.142977618501,26.503006105266,22635.0
2014-09-26,32.35,32.71,32.35,32.51,19541.0,0.0,1.0,26.470276242833,26.764845004731,26.470276242833,26.601195692565,19541.0
2014-09-29,32.24,32.851,32.24,32.6,37345.0,0.0,1.0,26.380269121142,26.880217769808,26.380269121142,26.67483788304,37345.0
2014-09-30,32.64,32.7896,32.24,32.36,29130.0,0.0,1.0,26.707567745473,26.829977430973,26.380269121142,26.478458708441,29130.0
2014-10-01,32.37,32.37,31.42,31.67,32305.0,0.0,1.0,26.486641174049,26.486641174049,25.709306941261,25.913868581469,32305.0
2014-10-02,31.54,31.65,31.3772,31.56,68274.0,0.0,1.0,25.807496528561,25.897503650252,25.674285988458,25.823861459777,68274.0
2014-10-03,31.82,32.5,31.82,32.4,27698.0,0.0,1.0,26.036605565593,26.593013226957,26.036605565593,26.511188570874,27698.0
2014-10-06,32.37,32.5,31.88,32.21,24613.0,0.0,1.0,26.486641174049,26.593013226957,26.085700359243,26.355721724317,24613.0
2014-10-07,32.13,32.49,32.06,32.12,20202.0,0.0,1.0,26.29026199945,26.584830761349,26.232984740192,26.282079533842,20202.0
2014-10-08,32.07,32.86,32.07,32.74,43681.0,0.0,1.0,26.241167205801,26.887581988856,26.241167205801,26.789392401556,43681.0
2014-10-09,32.61,32.88,32.01,32.18,22662.0,0.0,1.0,26.683020348648,26.903946920072,26.192072412151,26.331174327492,22662.0
2014-10-10,32.02,33.19,32.02,32.75,47922.0,0.0,1.0,26.200254877759,27.157603353929,26.200254877759,26.797574867165,47922.0
2014-10-13,32.7,34.5199,32.7,34.19,65631.0,0.0,1.0,26.756662539123,28.245789455177,26.756662539123,27.975849914759,65631.0
2014-10-14,34.2,36.338,34.2,36.0,155491.0,0.0,1.0,27.984032380367,29.733443527421,27.984032380367,29.45687618986,155491.0
2014-10-15,35.82,36.36,35.48,35.88,58866.0,0.0,1.0,29.309591808911,29.751444951759,29.031387978229,29.358686602561,58866.0
2014-10-16,35.65,36.15,34.81,35.11,40417.0,0.0,1.0,29.17048989357,29.579613173985,28.483162782473,28.728636750722,40417.0
2014-10-17,35.6,35.69,34.83,34.93,37073.0,0.0,1.0,29.129577565528,29.203219756003,28.49952771369,28.581352369773,37073.0
2014-10-20,34.8,35.54,34.37,34.95,59005.0,0.0,1.0,28.474980316865,29.080482771879,28.123134295708,28.597717300989,59005.0
2014-10-21,34.96,35.98,34.96,35.33,42502.0,0.0,1.0,28.605899766598,29.440511258644,28.605899766598,28.908650994105,42502.0
2014-10-22,35.2,35.38,34.576,34.91,43457.0,0.0,1.0,28.802278941197,28.949563322146,28.291693087239,28.564987438556,43457.0
2014-10-23,35.17,35.9899,34.93,35.26,32473.0,0.0,1.0,28.777731544372,29.448611899596,28.581352369773,28.851373734846,32473.0
2014-10-24,33.3,33.51,30.53,33.19,129408.0,0.0,1.0,27.247610475621,27.419442253395,24.981067502123,27.157603353929,129408.0
2014-10-27,33.33,34.8,33.27,34.57,56846.0,0.0,1.0,27.272157872446,28.474980316865,27.223063078796,28.286783607874,56846.0
2014-10-28,34.96,36.215,34.44,36.15,130815.0,0.0,1.0,28.605899766598,29.632799200439,28.180411554966,29.579613173985,130815.0
2014-10-29,36.49,36.78,36.2088,36.32,40561.0,0.0,1.0,29.857817004667,30.095108507307,29.627726071761,29.718715089326,40561.0
2014-10-30,36.28,36.42,36.03,36.35,40785.0,0.0,1.0,29.685985226892,29.800539745409,29.481423586685,29.743262486151,40785.0
2014-10-31,37.06,37.354,36.6201,37.15,49526.0,0.0,1.0,30.324217544339,30.564782033223,29.964270882231,30.397859734814,49526.0
2014-11-03,37.14,37.16,36.64,36.8,36366.0,0.0,1.0,30.389677269206,30.406042200422,29.980553988791,30.111473438524,36366.0
2014-11-04,36.7,37.005,36.7,36.81,57647.0,0.0,1.0,30.029648782441,30.279213983494,30.029648782441,30.119655904132,57647.0
2014-11-05,37.09,37.17,36.57,36.86,61881.0,0.0,1.0,30.348764941164,30.414224666031,29.923276729533,30.160568232174,61881.0
2014-11-06,36.86,37.06,36.61,36.91,41973.0,0.0,1.0,30.160568232174,30.324217544339,29.956006591966,30.201480560215,41973.0
2014-11-07,36.85,36.85,36.1,36.53,63947.0,0.0,1.0,30.152385766565,30.152385766565,29.538700845943,29.8905468671,63947.0
2014-11-10,36.51,36.98,36.15,36.93,31132.0,0.0,1.0,29.874181935883,30.258757819473,29.579613173985,30.217845491432,31132.0
2014-11-11,37.07,37.17,36.4401,36.81,44298.0,0.0,1.0,30.332400009948,30.414224666031,29.816986501281,30.119655904132,44298.0
2014-11-12,36.81,37.11,36.415,37.0,47803.0,0.0,1.0,30.119655904132,30.365129872381,29.796448512604,30.27512275069,47803.0
2014-11-13,37.0,37.24,36.71,37.03,39384.0,0.0,1.0,30.27512275069,30.471501925289,30.037831248049,30.299670147515,39384.0
2014-11-14,37.13,38.34,37.03,37.91,84724.0,0.0,1.0,30.381494803598,31.371573142201,30.299670147515,31.019727121044,84724.0
2014-11-17,37.94,38.916,37.8,38.3,52963.0,0.0,1.0,31.044274517869,31.842883161239,30.929719999353,31.338843279768,52963.0
2014-11-18,38.48,39.42,38.3,39.15,55505.0,0.0,1.0,31.486127660717,32.255279427897,31.338843279768,32.034352856473,55505.0
2014-11-19,39.45,39.69,39.06,39.43,47967.0,0.0,1.0,32.279826824722,32.476205999321,31.960710665998,32.263461893505,47967.0
2014-11-20,39.38,39.71,38.8901,39.03,34774.0,0.0,1.0,32.222549565464,32.492570930538,31.821690575313,31.936163269173,34774.0
2014-11-21,39.68,39.68,38.64,38.87,27140.0,0.0,1.0,32.468023533713,32.468023533713,31.61704711045,31.805243819441,27140.0
2014-11-24,39.0,39.56,38.88,39.41,77901.0,0.0,1.0,31.911615872349,32.369833946413,31.813426285049,32.247096962289,77901.0
2014-11-25,39.55,40.13,39.44,39.92,99200.0,0.0,1.0,32.361651480805,32.836234486086,32.271644359114,32.664402708312,99200.0
2014-11-26,40.17,41.92,39.92,41.85,69410.0,0.0,1.0,32.868964348519,34.300895829971,32.664402708312,34.243618570713,69410.0
2014-11-28,41.85,42.49,41.44,41.82,78459.0,0.0,1.0,34.243618570713,34.767296369643,33.908137480772,34.219071173888,78459.0
2014-12-01,40.3,41.36,38.9,40.83,93604.0,1.5,1.0,34.186774182523,35.085979657299,32.999144310177,34.636376919911,93604.0
2014-12-02,40.87,42.06,40.87,42.02,53165.0,0.0,1.0,34.670309201978,35.679794593472,34.670309201978,35.645862311405,53165.0
2014-12-03,41.99,43.095,41.47,42.98,72094.0,0.0,1.0,35.620413099854,36.557792391956,35.179293432983,36.460237081013,72094.0
2014-12-04,43.11,43.92,40.821,43.27,74401.0,0.0,1.0,36.570516997731,37.257645709588,34.628742156446,36.706246125999,74401.0
2014-12-05,43.5,44.25,43.01,43.43,65768.0,0.0,1.0,36.901356747884,37.537587036641,36.485686292563,36.841975254267,65768.0
2014-12-08,43.46,43.8399,42.71,43.35,62371.0,0.0,1.0,36.867424465817,37.189696314749,36.231194177061,36.774110690133,62371.0
2014-12-09,42.68,44.43,42.68,44.27,63801.0,0.0,1.0,36.20574496551,37.690282305942,36.20574496551,37.554553177674,63801.0
2014-12-10,44.2,44.4699,43.7001,44.08,34193.0,0.0,1.0,37.495171684057,37.724129757304,37.071102988925,37.393374837856,34193.0
2014-12-11,44.26,46.0,44.18,44.96,95375.0,0.0,1.0,37.546070107158,39.022124377073,37.478205543024,38.13988504333,95375.0
2014-12-12,44.53,45.4,43.96,44.15,55136.0,0.0,1.0,37.77511301111,38.513140146068,37.291577991655,37.452756331473,55136.0
2014-12-15,44.14,44.89,43.56,44.44,44220.0,0.0,1.0,37.444273260957,38.080503549713,36.952255170985,37.698765376459,44220.0
2014-12-16,44.52,44.99,44.44,44.54,50287.0,0.0,1.0,37.766629940593,38.165334254881,37.698765376459,37.783596081627,50287.0
2014-12-17,44.85,45.675,44.39,45.37,69853.0,0.0,1.0,38.046571267646,38.746424585278,37.656350023875,38.487690934517,69853.0
2014-12-18,45.74,46.89,45.26,46.81,66553.0,0.0,1.0,38.801564543637,39.777117653064,38.394377158833,39.70925308893,66553.0
2014-12-19,46.7,47.9899,45.32,45.85,135637.0,0.0,1.0,39.615939313246,40.710170579202,38.445275581934,38.894878319322,135637.0
2014-12-22,45.7,47.199,45.7,47.04,68278.0,0.0,1.0,38.76763226157,40.039244532032,38.76763226157,39.904363710816,68278.0
2014-12-23,47.36,47.8,47.04,47.3,33859.0,0.0,1.0,40.175821967352,40.549077070089,39.904363710816,40.124923544251,33859.0
2014-12-24,47.5,47.95,47.4,47.91,25229.0,0.0,1.0,40.294584954586,40.67632312784,40.209754249419,40.642390845773,25229.0
2014-12-26,47.95,48.58,47.06,47.62,46474.0,0.0,1.0,40.67632312784,41.210756570396,39.921329851849,40.396381800787,46474.0
2014-12-29,47.16,47.99,46.5261,47.55,43846.0,0.0,1.0,40.006160557017,40.710255409907,39.468418716959,40.33700030717,43846.0
2014-12-30,47.65,48.66,47.25,47.64,42604.0,0.0,1.0,40.421831012338,41.27862113453,40.082508191667,40.413347941821,42604.0
2014-12-31,47.96,47.96,45.2,45.5,141420.0,0.0,1.0,40.684806198357,40.684806198357,38.343478735733,38.597970851235,141420.0
2015-01-02,45.29,45.38,39.52,41.09,241129.0,0.0,1.0,38.419826370383,38.496174005034,33.525094682216,34.856936753346,241129.0
2015-01-05,41.0,42.89,40.94,42.7,113914.0,0.0,1.0,34.780589118696,36.383889446362,34.729690695595,36.222711106544,113914.0
2015-01-06,42.68,43.47,42.43,42.7,63925.0,0.0,1.0,36.20574496551,36.875907536334,35.993668202591,36.222711106544,63925.0
2015-01-07,42.81,43.641,42.6101,42.75,90466.0,0.0,1.0,36.316024882228,37.020968042171,36.146448302598,36.265126459128,90466.0
2015-01-08,42.84,43.55,42.7,43.15,93970.0,0.0,1.0,36.341474093778,36.943772100468,36.222711106544,36.604449279798,93970.0
2015-01-09,43.27,43.65,42.7803,43.17,100863.0,0.0,1.0,36.706246125999,37.028602805636,36.290830162793,36.621415420831,100863.0
2015-01-12,43.2,43.25,40.91,41.63,77972.0,0.0,1.0,36.646864632382,36.689279984965,34.704241484045,35.315022561251,77972.0
2015-01-13,41.89,42.3,41.184,41.93,81316.0,0.0,1.0,35.535582394687,35.883388285874,34.936677616204,35.569514676754,81316.0
2015-01-14,41.83,41.86,41.241,41.46,100216.0,0.0,1.0,35.484683971586,35.510133183136,34.985031118149,35.170810362466,100216.0
2015-01-15,41.63,42.03,40.966,41.47,90763.0,0.0,1.0,35.315022561251,35.654345381921,34.751746678939,35.179293432983,90763.0
2015-01-16,41.4,42.72,40.94,42.66,67543.0,0.0,1.0,35.119911939366,36.239677247577,34.729690695595,36.188778824477,67543.0
2015-01-20,42.86,43.94,42.4201,43.7,56028.0,0.0,1.0,36.358440234812,37.274611850621,35.98526996278,37.071018158219,56028.0
2015-01-21,43.99,44.3075,42.75,43.68,45738.0,0.0,1.0,37.317027203205,37.586364692112,36.265126459128,37.054052017186,45738.0
2015-01-22,43.54,44.08,41.85,42.28,71682.0,0.0,1.0,36.935289029951,37.393374837856,35.50165011262,35.86642214484,71682.0
2015-01-23,42.41,42.41,37.9831,38.98,212595.0,0.0,1.0,35.976702061558,35.976702061558,32.221331574496,33.067008874311,212595.0
2015-01-26,38.59,38.93,36.28,37.55,138139.0,0.0,1.0,32.736169124158,33.024593521727,30.776579834787,31.853929790415,138139.0
2015-01-27,37.53,37.9,35.47,37.5,150478.0,0.0,1.0,31.836963649382,32.150837258501,30.08945112293,31.811514437831,150478.0
2015-01-28,37.5,37.77,36.72,37.03,88495.0,0.0,1.0,31.811514437831,32.040557341784,31.149834937524,31.412810123544,88495.0
2015-01-29,37.03,37.03,34.8,36.48,258320.0,0.0,1.0,31.412810123544,31.412810123544,29.521085398307,30.946241245122,258320.0
2015-01-30,36.13,37.33,35.7101,36.47,100042.0,0.0,1.0,30.649333777036,31.667302239046,30.293129646037,30.937758174605,100042.0
2015-02-02,35.96,36.5,35.11,36.4,101930.0,0.0,1.0,30.505121578251,30.963207386156,29.784060584327,30.878376680988,101930.0
2015-02-03,36.12,37.94,36.12,37.86,88177.0,0.0,1.0,30.640850706519,32.184769540568,30.640850706519,32.116904976434,88177.0
2015-02-04,37.6,38.59,37.17,37.75,72431.0,0.0,1.0,31.896345142999,32.736169124158,31.531573110778,32.02359120075,72431.0
2015-02-05,38.0,38.0,36.24,37.15,63677.0,0.0,1.0,32.235667963669,32.235667963669,30.74264755272,31.514606969745,63677.0
2015-02-06,37.09,37.34,36.46,37.05,71406.0,0.0,1.0,31.463708546644,31.675785309563,30.929275104089,31.429776264577,71406.0
2015-02-09,36.81,37.45,36.3,37.29,73570.0,0.0,1.0,31.226182572175,31.769099085247,30.793545975821,31.633369956979,73570.0
2015-02-10,37.41,38.18,37.2301,38.14,48934.0,0.0,1.0,31.73516680318,32.388363232971,31.582556364584,32.354430950904,48934.0
2015-02-11,38.22,38.26,37.17,37.59,67657.0,0.0,1.0,32.422295515038,32.456227797105,31.531573110778,31.887862072482,67657.0
2015-02-12,37.83,37.83,36.14,37.5,44438.0,0.0,1.0,32.091455764884,32.091455764884,30.657816847553,31.811514437831,44438.0
2015-02-13,37.65,37.65,36.52,37.24,67720.0,0.0,1.0,31.938760495583,31.938760495583,30.980173527189,31.590954604396,67720.0
2015-02-17,37.15,37.24,35.6501,36.04,52856.0,0.0,1.0,31.514606969745,31.590954604396,30.242231222937,30.572986142385,52856.0
2015-02-18,36.13,36.32,35.61,36.18,40197.0,0.0,1.0,30.649333777036,30.810512116854,30.208214110165,30.69174912962,40197.0
2015-02-19,36.03,36.57,35.63,35.71,27436.0,0.0,1.0,30.564503071868,31.022588879773,30.225180251198,30.293044815332,27436.0
2015-02-20,35.83,36.45,35.58,36.04,32746.0,0.0,1.0,30.394841661533,30.920792033572,30.182764898614,30.572986142385,32746.0
2015-02-23,35.99,36.96,35.96,36.55,45519.0,0.0,1.0,30.530570789801,31.353428629926,30.505121578251,31.00562273874,45519.0
2015-02-24,36.5,38.22,35.91,37.93,68844.0,0.0,1.0,30.963207386156,32.422295515038,30.462706225667,32.176286470052,68844.0
2015-02-25,38.12,38.12,36.87,36.97,56446.0,0.0,1.0,32.33746480987,32.33746480987,31.277080995276,31.361911700443,56446.0
2015-02-26,36.85,37.6367,36.83,37.07,36315.0,0.0,1.0,31.260114854242,31.927478011795,31.243148713209,31.446742405611,36315.0
2015-02-27,37.29,37.55,36.76,37.05,43341.0,0.0,1.0,31.633369956979,31.853929790415,31.183767219591,31.429776264577,43341.0
2015-03-02,37.12,37.53,36.5,36.55,27889.0,0.0,1.0,31.489157758195,31.836963649382,30.963207386156,31.00562273874,27889.0
2015-03-03,36.58,36.58,35.7504,36.18,39453.0,0.0,1.0,31.03107195029,31.03107195029,30.32731642022,30.69174912962,39453.0
2015-03-04,36.18,36.34,35.75,36.04,30587.0,0.0,1.0,30.69174912962,30.827478257888,30.326977097399,30.572986142385,30587.0
2015-03-05,36.18,37.29,35.77,36.75,52958.0,0.0,1.0,30.69174912962,31.633369956979,30.343943238433,31.175284149075,52958.0
2015-03-06,36.72,36.75,35.1,35.14,61826.0,0.0,1.0,31.149834937524,31.175284149075,29.77557751381,29.809509795877,61826.0
2015-03-09,35.1,36.845,35.06,36.28,49861.0,0.0,1.0,29.77557751381,31.255873318984,29.741645231743,30.776579834787,49861.0
2015-03-10,36.18,36.91,35.87,36.83,45937.0,0.0,1.0,30.69174912962,31.311013277343,30.4287739436,31.243148713209,45937.0
2015-03-11,36.77,37.04,35.7,35.83,32443.0,0.0,1.0,31.192250290108,31.421293194061,30.284561744815,30.394841661533,32443.0
2015-03-12,36.15,37.74,36.15,37.58,58309.0,0.0,1.0,30.666299918069,32.015108130233,30.666299918069,31.879379001965,58309.0
2015-03-13,37.65,37.81,36.22,37.22,43729.0,0.0,1.0,31.938760495583,32.074489623851,30.725681411687,31.573988463362,43729.0
2015-03-16,37.39,37.53,36.28,36.87,43558.0,0.0,1.0,31.718200662147,31.836963649382,30.776579834787,31.277080995276,43558.0
2015-03-17,36.79,37.145,36.26,37.0,41673.0,0.0,1.0,31.209216431142,31.510365434486,30.759613693754,31.387360911994,41673.0
2015-03-18,37.01,37.3999,36.35,37.16,30704.0,0.0,1.0,31.39584398251,31.726598901959,30.835961328404,31.523090040262,30704.0
2015-03-19,37.2,37.44,36.435,36.79,53339.0,0.0,1.0,31.557022322329,31.760616014731,30.908067427797,31.209216431142,53339.0
2015-03-20,37.07,37.74,36.85,37.6,48752.0,0.0,1.0,31.446742405611,32.015108130233,31.260114854242,31.896345142999,48752.0
2015-03-23,37.75,39.5,37.34,38.88,80470.0,0.0,1.0,32.02359120075,33.508128541182,31.675785309563,32.982178169143,80470.0
2015-03-24,39.2,39.97,39.0,39.6,55244.0,0.0,1.0,33.25363642568,33.90683285547,33.083975015345,33.59295924635,55244.0
2015-03-25,39.99,41.31,39.36,40.12,46767.0,0.0,1.0,33.923798996503,35.043564304715,33.389365553948,34.034078913221,46767.0
2015-03-26,40.25,41.3299,40.25,41.01,49322.0,0.0,1.0,34.144358829939,35.060445615043,34.144358829939,34.789072189212,49322.0
2015-03-27,41.05,42.99,41.05,42.74,91450.0,0.0,1.0,34.823004471279,36.46872015153,34.823004471279,36.256643388611,91450.0
2015-03-30,42.9,44.2704,42.9,43.5,74552.0,0.0,1.0,36.392372516879,37.554892500495,36.392372516879,36.901356747884,74552.0
2015-03-31,43.5,43.5,42.86,43.1,149700.0,0.0,1.0,36.901356747884,36.901356747884,36.358440234812,36.562033927214,149700.0
2015-04-01,43.24,43.6,42.75,43.31,62203.0,0.0,1.0,36.680796914449,36.986187453052,36.265126459128,36.740178408066,62203.0
2015-04-02,43.58,44.58,43.48,43.99,80466.0,0.0,1.0,36.969221312018,37.817528363694,36.884390606851,37.317027203205,80466.0
2015-04-06,43.98,45.17,43.2309,45.04,91299.0,0.0,1.0,37.308544132688,38.318029524182,36.673077320278,38.207749607465,91299.0
2015-04-07,45.14,45.45,44.11,45.0,70340.0,0.0,1.0,38.292580312632,38.555555498651,37.418824049406,38.173817325398,70340.0
2015-04-08,45.22,45.5,44.63,45.42,140239.0,0.0,1.0,38.360444876766,38.597970851235,37.859943716278,38.530106287101,140239.0
2015-04-09,45.59,45.816,44.81,45.68,35712.0,0.0,1.0,38.674318485886,38.866035879565,38.012638985579,38.750666120537,35712.0
2015-04-10,45.91,46.84,45.43,46.61,84023.0,0.0,1.0,38.945776742422,39.73470230048,38.538589357618,39.539591678595,84023.0
2015-04-13,46.77,46.78,46.16,46.67,59492.0,0.0,1.0,39.675320806863,39.68380387738,39.157853505341,39.590490101696,59492.0
2015-04-14,46.73,47.1,46.44,46.77,57523.0,0.0,1.0,39.641388524796,39.955262133916,39.39537947981,39.675320806863,57523.0
2015-04-15,47.08,48.05,46.9,47.67,69117.0,0.0,1.0,39.938295992883,40.761153833008,39.785600723581,40.438797153371,69117.0
2015-04-16,47.59,48.45,47.0,48.25,50787.0,0.0,1.0,40.370932589237,41.100476653678,39.870431428749,40.930815243343,50787.0
2015-04-17,47.88,48.59,47.4,48.5,96797.0,0.0,1.0,40.616941634223,41.219239640913,40.209754249419,41.142892006262,96797.0
2015-04-20,48.6,49.3725,48.6,49.23,42445.0,0.0,1.0,41.227722711429,41.883039908849,41.227722711429,41.762156153985,42445.0
2015-04-21,49.53,49.9384,46.57,47.54,125710.0,0.0,1.0,42.016648269488,42.363096869392,39.505659396528,40.328517236653,125710.0
2015-04-22,46.82,48.65,46.1965,48.11,103224.0,0.0,1.0,39.717736159447,41.270138064013,39.188816712727,40.812052256108,103224.0
2015-04-23,48.06,48.23,47.35,48.06,20156.0,0.0,1.0,40.769636903525,40.913849102309,40.167338896835,40.769636903525,20156.0
2015-04-24,48.15,48.36,47.47,48.02,54699.0,0.0,1.0,40.845984538175,41.024129019027,40.269135743036,40.735704621458,54699.0
2015-04-27,48.34,48.34,46.56,48.06,69188.0,0.0,1.0,41.007162877994,41.007162877994,39.497176326011,40.769636903525,69188.0
2015-04-28,50.01,51.795,45.66,51.51,246067.0,0.0,1.0,42.423835654292,43.938063741533,38.733699979503,43.696296231805,246067.0
2015-04-29,51.38,54.29,51.21,53.53,118720.0,0.0,1.0,43.586016315087,46.054589835463,43.441804116302,45.40987647619,118720.0
2015-04-30,53.22,53.6255,51.0,52.01,163046.0,0.0,1.0,45.14690129017,45.490889799625,43.263659635451,44.120449757643,163046.0
2015-05-01,51.96,52.82,50.848,51.85,70207.0,0.0,1.0,44.078034405059,44.8075784695,43.134716963596,43.984720629375,70207.0
2015-05-04,52.33,53.64,49.24,49.37,104620.0,0.0,1.0,44.391908014179,45.503190251874,41.770639224502,41.880919141219,104620.0
2015-05-05,49.66,50.22,49.02,49.83,101286.0,0.0,1.0,42.126928186205,42.601980135144,41.584011673133,42.27114038499,101286.0
2015-05-06,49.65,50.34,48.64,50.26,103593.0,0.0,1.0,42.118445115689,42.703776981345,41.261654993496,42.635912417211,103593.0
2015-05-07,50.44,50.61,49.47,50.14,63010.0,0.0,1.0,42.788607686512,42.932819885297,41.965749846387,42.53411557101,63010.0
2015-05-08,50.71,50.71,49.156,50.22,49241.0,0.0,1.0,43.017650590465,43.017650590465,41.699381432161,42.601980135144,49241.0
2015-05-11,50.56,50.943,49.83,50.02,55616.0,0.0,1.0,42.890404532713,43.215306133505,42.27114038499,42.432318724809,55616.0
2015-05-12,49.96,50.06,49.03,49.76,38589.0,0.0,1.0,42.381420301708,42.466251006876,41.59249474365,42.211758891373,38589.0
2015-05-13,50.11,50.23,49.13,50.03,40080.0,0.0,1.0,42.508666359459,42.61046320566,41.677325448817,42.440801795325,40080.0
2015-05-14,50.08,51.9899,49.92,51.55,63458.0,0.0,1.0,42.483217147909,44.103398785904,42.347488019641,43.730228513872,63458.0
2015-05-15,51.15,51.4203,50.18,50.81,41486.0,0.0,1.0,43.390905693202,43.62020308927,42.568047853077,43.102481295632,41486.0
2015-05-18,50.51,50.76,49.51,50.24,46495.0,0.0,1.0,42.84798918013,43.060065943048,41.999682128454,42.618946276177,46495.0
2015-05-19,50.23,50.23,49.2146,50.01,69648.0,0.0,1.0,42.61046320566,42.61046320566,41.749092225389,42.423835654292,69648.0
2015-05-20,50.3,50.62,49.9,50.27,30797.0,0.0,1.0,42.669844699278,42.941302955814,42.330521878607,42.644395487727,30797.0
2015-05-21,50.08,50.66,49.82,50.25,53334.0,0.0,1.0,42.483217147909,42.975235237881,42.262657314473,42.627429346694,53334.0
2015-05-22,50.09,50.49,49.74,50.33,47907.0,0.0,1.0,42.491700218426,42.831023039096,42.194792750339,42.695293910828,47907.0
2015-05-26,50.23,50.72,49.02,50.0,46097.0,0.0,1.0,42.61046320566,43.026133660981,41.584011673133,42.415352583775,46097.0
2015-05-27,50.0,52.0,49.86,51.84,33498.0,0.0,1.0,42.415352583775,44.111966687126,42.29658959654,43.976237558858,33498.0
2015-05-28,51.6,51.6,49.94,50.49,34488.0,0.0,1.0,43.772643866456,43.772643866456,42.364454160674,42.831023039096,34488.0
2015-05-29,50.53,51.2,50.04,50.61,34720.0,0.0,1.0,42.864955321163,43.433321045786,42.449284865842,42.932819885297,34720.0
2015-06-01,51.03,51.03,50.31,50.59,47111.0,0.0,1.0,43.289108847001,43.289108847001,42.678327769794,42.915853744264,47111.0
2015-06-02,50.56,51.655,50.5,51.3,102864.0,0.0,1.0,42.890404532713,43.819300754298,42.839506109613,43.518151750953,102864.0
2015-06-03,51.25,52.79,51.24,52.27,30289.0,0.0,1.0,43.475736398369,44.78212925795,43.467253327853,44.341009591078,30289.0
2015-06-04,51.94,51.94,50.8077,51.5,85292.0,0.0,1.0,44.061068264025,44.061068264025,43.100530189413,43.687813161288,85292.0
2015-06-05,51.24,51.52,50.62,51.46,43462.0,0.0,1.0,43.467253327853,43.704779302322,42.941302955814,43.653880879221,43462.0
2015-06-08,51.46,51.65,50.67,50.82,64711.0,0.0,1.0,43.653880879221,43.81505921904,42.983718308398,43.110964366149,64711.0
2015-06-09,50.92,51.0,50.18,50.79,50307.0,0.0,1.0,43.195795071316,43.263659635451,42.568047853077,43.085515154599,50307.0
2015-06-10,51.26,52.09,50.84,50.95,35969.0,0.0,1.0,43.484219468886,44.188314321777,43.127930507182,43.221244282867,35969.0
2015-06-11,50.78,51.94,50.37,51.91,54928.0,0.0,1.0,43.077032084082,44.061068264025,42.729226192895,44.035619052475,54928.0
2015-06-12,51.52,51.99,50.84,51.48,45818.0,0.0,1.0,43.704779302322,44.103483616609,43.127930507182,43.670847020255,45818.0
2015-06-15,51.36,52.39,50.19,51.63,48616.0,0.0,1.0,43.569050174054,44.442806437279,42.576530923593,43.798093078006,48616.0
2015-06-16,51.58,52.5,51.02,52.13,51335.0,0.0,1.0,43.755677725422,44.536120212964,43.280625776484,44.222246603844,51335.0
2015-06-17,52.03,52.5,51.475,51.86,50297.0,0.0,1.0,44.137415898676,44.536120212964,43.666605484996,43.993203699891,50297.0
2015-06-18,52.11,53.34,51.9501,52.86,53867.0,0.0,1.0,44.20528046281,45.248698136371,44.069636165247,44.841510751567,53867.0
2015-06-19,53.1,55.6799,53.1,55.0,91240.0,0.0,1.0,45.045104443969,47.233651806587,45.045104443969,46.656887842153,91240.0
2015-06-22,55.66,55.91,51.5159,52.08,76519.0,0.0,1.0,47.216770496258,47.428847259177,43.70130124341,44.17983125126,76519.0
2015-06-23,52.5,54.39,51.76,53.17,43599.0,0.0,1.0,44.536120212964,46.13942054063,43.908372994724,45.104485937586,43599.0
2015-06-24,52.69,54.14,51.648,53.77,52513.0,0.0,1.0,44.697298552782,45.927343777712,43.813362604936,45.613470168592,52513.0
2015-06-25,54.22,55.305,52.268,54.4,71050.0,0.0,1.0,45.995208341846,46.915621492914,44.339312976975,46.147903611147,71050.0
2015-06-26,54.66,54.9,53.13,53.28,190259.0,0.0,1.0,46.368463444583,46.572057136985,45.070553655519,45.197799713271,190259.0
2015-06-29,53.28,53.54,51.87,52.5,78055.0,0.0,1.0,45.197799713271,45.418359546706,44.001686770408,44.536120212964,78055.0
2015-06-30,52.77,52.9,50.85,51.9,246113.0,0.0,1.0,44.765163116916,44.875443033634,43.136413577699,44.027135981958,246113.0
2015-07-01,52.2,52.51,50.9815,52.1,35866.0,0.0,1.0,44.281628097461,44.544603283481,43.247965954995,44.196797392294,35866.0
2015-07-02,52.15,52.9399,50.77,51.4,34766.0,0.0,1.0,44.239212744877,44.909290484996,43.068549013565,43.602982456121,34766.0
2015-07-06,51.28,52.56,50.952,51.45,80491.0,0.0,1.0,43.50118560992,44.587018636064,43.22294089697,43.645397808704,80491.0
2015-07-07,51.29,53.75,51.15,53.65,48415.0,0.0,1.0,43.509668680436,45.596504027558,43.390905693202,45.511673322391,48415.0
2015-07-08,53.49,53.49,51.1,51.54,55206.0,0.0,1.0,45.375944194123,45.375944194123,43.348490340618,43.721745443355,55206.0
2015-07-09,52.28,52.95,51.86,52.28,54571.0,0.0,1.0,44.349492661595,44.917858386218,43.993203699891,44.349492661595,54571.0
2015-07-10,52.81,54.23,52.81,54.22,43522.0,0.0,1.0,44.799095398983,46.003691412362,44.799095398983,45.995208341846,43522.0
2015-07-13,54.07,55.15,53.49,54.74,50651.0,0.0,1.0,45.867962284094,46.784133899904,45.375944194123,46.436328008717,50651.0
2015-07-14,55.05,57.23,54.56,55.01,71098.0,0.0,1.0,46.699303194736,48.548612567389,46.283632739415,46.665370912669,71098.0
2015-07-15,54.96,54.96,51.22,51.64,55962.0,0.0,1.0,46.622955560085,46.622955560085,43.450287186819,43.806576148523,55962.0
2015-07-16,51.7,54.63,51.7,53.93,43172.0,0.0,1.0,43.857474571623,46.343014233033,43.857474571623,45.74919929686,43172.0
2015-07-17,53.79,54.14,52.91,53.75,36971.0,0.0,1.0,45.630436309625,45.927343777712,44.883926104151,45.596504027558,36971.0
2015-07-20,53.49,53.98,53.2,53.46,47339.0,0.0,1.0,45.375944194123,45.791614649444,45.129935149137,45.350494982572,47339.0
2015-07-21,53.62,53.93,51.32,52.06,49422.0,0.0,1.0,45.48622411084,45.74919929686,43.535117891987,44.162865110227,49422.0
2015-07-22,51.72,52.45,51.44,51.89,62332.0,0.0,1.0,43.874440712657,44.49370486038,43.636914738188,44.018652911442,62332.0
2015-07-23,51.97,52.46,51.48,51.7,57398.0,0.0,1.0,44.086517475576,44.502187930897,43.670847020255,43.857474571623,57398.0
2015-07-24,51.69,52.2,51.25,51.72,54475.0,0.0,1.0,43.848991501107,44.281628097461,43.475736398369,43.874440712657,54475.0
2015-07-27,51.7,52.53,51.11,51.69,73470.0,0.0,1.0,43.857474571623,44.561569424514,43.356973411135,43.848991501107,73470.0
2015-07-28,52.01,52.22,51.2852,51.92,77171.0,0.0,1.0,44.120449757643,44.298594238495,43.505596806588,44.044102122992,77171.0
2015-07-29,52.2,52.5,51.525,52.01,71241.0,0.0,1.0,44.281628097461,44.536120212964,43.70902083758,44.120449757643,71241.0
2015-07-30,51.76,53.5,51.5601,52.91,66861.0,0.0,1.0,43.908372994724,45.384427264639,43.738796415094,44.883926104151,66861.0
2015-07-31,53.3,54.38,51.88,51.99,63767.0,0.0,1.0,45.214765854304,46.130937470114,44.010169840925,44.103483616609,63767.0
2015-08-03,52.13,53.0,51.69,52.31,72019.0,0.0,1.0,44.222246603844,44.960273738802,43.848991501107,44.374941873145,72019.0
2015-08-04,52.12,53.0,51.06,51.18,65847.0,0.0,1.0,44.213763533327,44.960273738802,43.314558058551,43.416354904752,65847.0
2015-08-05,51.55,52.27,50.7072,51.85,82919.0,0.0,1.0,43.730228513872,44.341009591078,43.01527533072,43.984720629375,82919.0
2015-08-06,51.99,52.2,50.99,51.18,58848.0,0.0,1.0,44.103483616609,44.281628097461,43.255176564934,43.416354904752,58848.0
2015-08-07,51.11,51.11,49.18,50.51,91284.0,0.0,1.0,43.356973411135,43.356973411135,41.719740801401,42.84798918013,91284.0
2015-08-10,50.94,51.3,50.47,50.99,66106.0,0.0,1.0,43.21276121235,43.518151750953,42.814056898062,43.255176564934,66106.0
2015-08-11,50.69,50.96,48.27,48.75,60021.0,0.0,1.0,43.000684449431,43.229727353383,40.947781384376,41.354968769181,60021.0
2015-08-12,48.15,49.94,44.71,49.47,64562.0,0.0,1.0,40.845984538175,42.364454160674,37.927808280412,41.965749846387,64562.0
2015-08-13,49.36,49.71,48.0,48.27,59773.0,0.0,1.0,41.872436070703,42.169343538789,40.718738480424,40.947781384376,59773.0
2015-08-14,48.09,48.87,45.776,48.38,56020.0,0.0,1.0,40.795086115075,41.456765615382,38.832103597498,41.041095160061,56020.0
2015-08-17,48.08,48.9,47.0901,48.34,77656.0,0.0,1.0,40.786603044558,41.482214826932,39.946863894104,41.007162877994,77656.0
2015-08-18,48.11,48.84,47.078,48.23,67186.0,0.0,1.0,40.812052256108,41.431316403831,39.936599378779,40.913849102309,67186.0
2015-08-19,48.1,48.92,47.46,48.3,37618.0,0.0,1.0,40.803569185592,41.499180967965,40.260652672519,40.973230595927,37618.0
2015-08-20,47.77,48.99,47.116,48.21,44640.0,0.0,1.0,40.523627858539,41.558562461583,39.968835046743,40.896882961276,44640.0
2015-08-21,40.23,49.615,34.57,48.96,189096.0,0.0,1.0,34.127392688905,42.08875436888,29.325974776422,41.533113250032,189096.0
2015-08-24,47.04,50.95,45.81,48.89,76417.0,0.0,1.0,39.904363710816,43.221244282867,38.860946037255,41.473731756415,76417.0
2015-08-25,50.22,51.62,48.898,50.24,85318.0,0.0,1.0,42.601980135144,43.789610007489,41.480518212829,42.618946276177,85318.0
2015-08-26,51.1,54.09,50.66,53.56,112641.0,0.0,1.0,43.348490340618,45.884928425128,42.975235237881,45.43532568774,112641.0
2015-08-27,54.0,54.3399,52.22,53.28,66605.0,0.0,1.0,45.808580790477,46.096920357342,44.298594238495,45.197799713271,66605.0
2015-08-28,52.89,54.72,52.78,54.48,124120.0,0.0,1.0,44.866959963117,46.419361867683,44.773646187433,46.215768175281,124120.0
2015-08-31,54.09,54.6,51.49,51.69,45172.0,0.0,1.0,45.884928425128,46.317565021482,43.679330090772,43.848991501107,45172.0
2015-09-01,50.95,52.515,49.19,50.88,51490.0,0.0,1.0,43.221244282867,44.548844818739,41.728223871918,43.161862789249,51490.0
2015-09-02,51.49,51.49,48.606,50.24,72266.0,0.0,1.0,43.679330090772,43.679330090772,41.232812553739,42.618946276177,72266.0
2015-09-03,50.08,50.82,49.86,50.43,54431.0,0.0,1.0,42.483217147909,43.110964366149,42.29658959654,42.780124615995,54431.0
2015-09-04,50.09,51.63,49.785,51.19,47215.0,0.0,1.0,42.491700218426,43.798093078006,42.232966567665,43.424837975269,47215.0
2015-09-08,51.61,52.02,51.02,51.47,64445.0,0.0,1.0,43.781126936973,44.12893282816,43.280625776484,43.662363949738,64445.0
2015-09-09,52.09,52.09,50.42,50.57,49599.0,0.0,1.0,44.188314321777,44.188314321777,42.771641545479,42.89888760323,49599.0
2015-09-10,50.28,51.82,50.28,51.44,32172.0,0.0,1.0,42.652878558244,43.959271417824,42.652878558244,43.636914738188,32172.0
2015-09-11,51.15,51.7,50.17,50.41,27475.0,0.0,1.0,43.390905693202,43.857474571623,42.55956478256,42.763158474962,27475.0
2015-09-14,50.61,51.31,50.4,51.01,50615.0,0.0,1.0,42.932819885297,43.52663482147,42.754675404445,43.272142705967,50615.0
2015-09-15,50.97,52.67,50.225,52.29,54835.0,0.0,1.0,43.2382104239,44.680332411749,42.606221670402,44.357975732112,54835.0
2015-09-16,52.52,53.42,51.64,53.15,24579.0,0.0,1.0,44.553086353997,45.316562700505,43.806576148523,45.087519796553,24579.0
2015-09-17,53.02,54.52,52.78,53.18,33474.0,0.0,1.0,44.977239879835,46.249700457348,44.773646187433,45.112969008103,33474.0
2015-09-18,52.54,55.07,52.54,53.99,111961.0,0.0,1.0,44.570052495031,46.71626933577,44.570052495031,45.80009771996,111961.0
2015-09-21,54.52,55.09,52.52,54.77,82358.0,0.0,1.0,46.249700457348,46.733235476803,44.553086353997,46.461777220267,82358.0
2015-09-22,54.16,55.05,52.01,52.32,77315.0,0.0,1.0,45.944309918745,46.699303194736,44.120449757643,44.383424943662,77315.0
2015-09-23,52.4,53.0,50.91,52.35,67287.0,0.0,1.0,44.451289507796,44.960273738802,43.1873120008,44.408874155212,67287.0
2015-09-24,52.32,53.32,52.0,53.32,43453.0,0.0,1.0,44.383424943662,45.231731995338,44.111966687126,45.231731995338,43453.0
2015-09-25,53.64,55.215,53.316,54.12,65560.0,0.0,1.0,45.503190251874,46.839273858263,45.228338767131,45.910377636678,65560.0
2015-09-28,53.9,54.65,53.83,53.84,55606.0,0.0,1.0,45.723750085309,46.359980374066,45.664368591692,45.672851662209,55606.0
2015-09-29,54.08,54.1,51.65,52.37,47420.0,0.0,1.0,45.876445354611,45.893411495645,43.81505921904,44.425840296246,47420.0
2015-09-30,52.73,52.951,51.12,51.26,58761.0,0.0,1.0,44.731230834849,44.918706693269,43.365456481652,43.484219468886,58761.0
2015-10-01,51.02,51.28,49.18,50.24,84503.0,0.0,1.0,43.280625776484,43.50118560992,41.719740801401,42.618946276177,84503.0
2015-10-02,50.07,53.37,49.746,52.61,81540.0,0.0,1.0,42.474734077392,45.274147347921,42.199882592649,44.629433988648,81540.0
2015-10-05,52.89,54.35,52.89,54.27,33196.0,0.0,1.0,44.866959963117,46.105488258563,44.866959963117,46.037623694429,33196.0
2015-10-06,54.11,54.21,51.15,51.35,45151.0,0.0,1.0,45.901894566161,45.986725271329,43.390905693202,43.560567103537,45151.0
2015-10-07,51.8,51.99,50.47,51.12,108821.0,0.0,1.0,43.942305276791,44.103483616609,42.814056898062,43.365456481652,108821.0
2015-10-08,50.77,52.6,50.5,52.13,53481.0,0.0,1.0,43.068549013565,44.620950918131,42.839506109613,44.222246603844,53481.0
2015-10-09,52.03,52.8,50.946,51.7,52628.0,0.0,1.0,44.137415898676,44.790612328466,43.21785105466,43.857474571623,52628.0
2015-10-12,51.91,52.36,51.325,52.23,86350.0,0.0,1.0,44.035619052475,44.417357225729,43.539359427245,44.307077309011,86350.0
2015-10-13,52.23,52.67,50.966,52.1,70528.0,0.0,1.0,44.307077309011,44.680332411749,43.234817195694,44.196797392294,70528.0
2015-10-14,51.9,52.4,50.03,50.51,56863.0,0.0,1.0,44.027135981958,44.451289507796,42.440801795325,42.84798918013,56863.0
2015-10-15,50.7,50.9595,49.53,50.64,109924.0,0.0,1.0,43.009167519948,43.229303199858,42.016648269488,42.958269096847,109924.0
2015-10-16,50.72,52.0,50.01,51.54,67203.0,0.0,1.0,43.026133660981,44.111966687126,42.423835654292,43.721745443355,67203.0
2015-10-19,51.47,51.86,50.36,51.56,85022.0,0.0,1.0,43.662363949738,43.993203699891,42.720743122378,43.738711584389,85022.0
2015-10-20,51.36,51.87,50.8,51.45,51423.0,0.0,1.0,43.569050174054,44.001686770408,43.093998225115,43.645397808704,51423.0
2015-10-21,51.43,51.86,50.42,50.64,85168.0,0.0,1.0,43.628431667671,43.993203699891,42.771641545479,42.958269096847,85168.0
2015-10-22,50.94,51.35,48.79,51.15,116001.0,0.0,1.0,43.21276121235,43.560567103537,41.388901051248,43.390905693202,116001.0
2015-10-23,51.29,53.96,50.2,53.43,104785.0,0.0,1.0,43.509668680436,45.77464850841,42.58501399411,45.325045771022,104785.0
2015-10-26,53.48,53.48,52.02,52.94,81719.0,0.0,1.0,45.367461123606,45.367461123606,44.12893282816,44.909375315701,81719.0
2015-10-27,52.96,58.467,52.126,57.56,181861.0,0.0,1.0,44.926341456734,49.597968390311,44.218853375637,48.828553894442,181861.0
2015-10-28,57.9,61.65,57.53,60.23,101828.0,0.0,1.0,49.116978292011,52.298129735795,48.803104682892,51.093533722415,101828.0
2015-10-29,60.0,63.68,59.81,63.07,99271.0,0.0,1.0,50.89842310053,54.020193050696,50.737244760712,53.502725749174,99271.0
2015-10-30,63.15,65.28,62.21,64.72,105428.0,0.0,1.0,53.570590313308,55.377484333377,52.773181684733,54.902432384438,105428.0
2015-11-02,65.07,66.29,59.47,60.01,135439.0,0.0,1.0,55.199339852525,56.234274455569,50.448820363142,50.906906171047,135439.0
2015-11-03,60.06,61.36,57.31,61.15,114216.0,0.0,1.0,50.949321523631,52.052120690809,48.616477131523,51.873976209957,114216.0
2015-11-04,61.57,64.7,60.712,63.86,89485.0,0.0,1.0,52.230265171661,54.885466243405,51.502417721323,54.172888319997,89485.0
2015-11-05,63.75,63.85,60.71,62.43,82683.0,0.0,1.0,54.079574544313,54.164405249481,51.50072110722,52.959809236101,82683.0
2015-11-06,62.09,62.32,60.37,61.38,109571.0,0.0,1.0,52.671384838532,52.866495460417,51.21229670965,52.069086831842,109571.0
2015-11-09,61.0,62.09,60.82,61.21,50185.0,0.0,1.0,51.746730152206,52.671384838532,51.594034882904,51.924874633057,50185.0
2015-11-10,60.9,62.28,60.61,61.11,48258.0,0.0,1.0,51.661899447038,52.83256317835,51.415890402052,51.84004392789,48258.0
2015-11-11,61.11,61.875,60.03,60.21,84048.0,0.0,1.0,51.84004392789,52.488998822422,50.92387231208,51.076567581382,84048.0
2015-11-12,60.23,61.03,59.4,60.3,72288.0,0.0,1.0,51.093533722415,51.772179363756,50.389438869525,51.152915216033,72288.0
2015-11-13,59.77,61.64,59.375,59.98,76211.0,0.0,1.0,50.703312478645,52.289646665278,50.368231193233,50.881456959497,76211.0
2015-11-16,60.05,60.62,58.67,59.93,59291.0,0.0,1.0,50.940838453114,51.424373472569,49.770174721802,50.839041606913,59291.0
2015-11-17,59.72,60.61,59.42,59.77,58003.0,0.0,1.0,50.660897126061,51.415890402052,50.406405010558,50.703312478645,58003.0
2015-11-18,59.77,61.66,58.99,61.45,101105.0,0.0,1.0,50.703312478645,52.306612806311,50.041632978338,52.128468325459,101105.0
2015-11-19,61.4,62.3,60.42,61.1,54453.0,0.0,1.0,52.086052972876,52.849529319384,51.254712062234,51.831560857373,54453.0
2015-11-20,61.59,62.61,60.5,61.71,147331.0,0.0,1.0,52.247231312694,53.112504505403,51.322576626368,52.349028158895,147331.0
2015-11-23,61.71,62.219,60.24,60.97,76725.0,0.0,1.0,52.349028158895,52.780816448198,51.102016792932,51.721280940655,76725.0
2015-11-24,60.92,61.24,59.32,59.76,87521.0,0.0,1.0,51.678865588071,51.950323844608,50.321574305391,50.694829408128,87521.0
2015-11-25,59.69,61.6099,59.51,61.24,48917.0,0.0,1.0,50.635447914511,52.264112623022,50.482752645209,51.950323844608,48917.0
2015-11-27,61.26,61.805,61.0,61.04,30213.0,0.0,1.0,51.967289985641,52.429617328804,51.746730152206,51.780662434273,30213.0
2015-11-30,58.97,59.118,56.66,57.55,93555.0,2.0,1.0,51.763143530173,51.893056116954,49.735453831094,50.516684927276,93555.0
2015-12-01,57.47,58.05,56.87,57.0,31371.0,0.0,1.0,50.446461907395,50.955578801536,49.919789258283,50.033901665591,31371.0
2015-12-02,56.81,57.35,56.42,56.9,37771.0,0.0,1.0,49.867121993372,50.341127377572,49.524784771449,49.946122890739,37771.0
2015-12-03,57.55,58.1415,54.86,55.94,61175.0,0.0,1.0,50.516684927276,51.035896380525,48.15543588376,49.10344665216,61175.0
2015-12-04,55.67,57.95,55.67,57.12,120873.0,0.0,1.0,48.86644396006,50.867800026684,48.86644396006,50.139236195413,120873.0
2015-12-07,57.1,57.89,56.34,56.65,68174.0,0.0,1.0,50.121680440442,50.815132761773,49.454561751568,49.726675953609,68174.0
2015-12-08,56.5,57.57,56.15,57.16,66620.0,0.0,1.0,49.595007791331,50.534240682246,49.287782079349,50.174347705354,66620.0
2015-12-09,56.74,57.55,56.17,56.41,91069.0,0.0,1.0,49.805676850976,50.516684927276,49.30533783432,49.516006893964,91069.0
2015-12-10,56.0,56.93,54.85,55.25,79010.0,0.0,1.0,49.156113917071,49.972456523194,48.146658006274,48.497773105682,79010.0
2015-12-11,54.48,55.92,53.52,54.5,60558.0,0.0,1.0,47.821876539322,49.08589089719,46.979200300744,47.839432294293,60558.0
2015-12-14,54.73,55.3,53.8,54.83,55692.0,0.0,1.0,48.041323476452,48.541662493108,47.224980870329,48.129102251304,55692.0
2015-12-15,54.84,55.15,53.9225,54.66,42538.0,0.0,1.0,48.137880128789,48.40999433083,47.332509869523,47.979878334056,42538.0
2015-12-16,54.7,54.78,53.22,54.11,40915.0,0.0,1.0,48.014989843997,48.085212863878,46.715863976188,47.49709507237,40915.0
2015-12-17,54.47,54.49,53.43,53.7,37426.0,0.0,1.0,47.813098661837,47.830654416807,46.900199403377,47.137202095477,37426.0
2015-12-18,53.38,54.14,52.85,53.3,77305.0,0.0,1.0,46.856310015951,47.523428704826,46.391082509236,46.78608699607,77305.0
2015-12-21,52.93,53.36,52.11,53.36,65181.0,0.0,1.0,46.461305529118,46.838754260981,45.741519575332,46.838754260981,65181.0
2015-12-22,53.11,54.84,52.93,54.75,77004.0,0.0,1.0,46.619307323851,48.137880128789,46.461305529118,48.058879231422,77004.0
2015-12-23,55.05,55.05,53.65,54.04,50801.0,0.0,1.0,48.322215555978,48.322215555978,47.093312708051,47.435649929974,50801.0
2015-12-24,54.34,54.96,53.47,54.57,24751.0,0.0,1.0,47.69898625453,48.243214658611,46.935310913318,47.900877436689,24751.0
2015-12-28,54.67,54.7,53.73,54.22,40982.0,0.0,1.0,47.988656211541,48.014989843997,47.163535727933,47.593651724707,40982.0
2015-12-29,54.27,55.78,53.65,55.25,74219.0,0.0,1.0,47.637541112133,48.963000612397,47.093312708051,48.497773105682,74219.0
2015-12-30,55.14,56.31,54.85,55.14,47905.0,0.0,1.0,48.401216453345,49.428228119112,48.146658006274,48.401216453345,47905.0
2015-12-31,55.33,55.33,53.65,54.03,67027.0,0.0,1.0,48.567996125564,48.567996125564,47.093312708051,47.426872052489,67027.0
2016-01-04,53.16,53.54,51.97,52.88,133190.0,0.0,1.0,46.663196711277,46.996756055714,45.618629290539,46.417416141692,133190.0
2016-01-05,52.9,55.35,51.25,53.25,100360.0,0.0,1.0,46.434971896662,48.585551880534,44.986622111606,46.742197608644,100360.0
2016-01-06,52.73,55.77,52.46,55.53,82836.0,0.0,1.0,46.285747979414,48.954222734912,46.048745287314,48.743553675267,82836.0
2016-01-07,54.75,55.23,52.72,53.71,82583.0,0.0,1.0,48.058879231422,48.480217350712,46.276970101929,47.145979972963,82583.0
2016-01-08,53.74,54.56,52.46,52.66,93371.0,0.0,1.0,47.172313605418,47.892099559204,46.048745287314,46.224302837017,93371.0
2016-01-11,52.86,53.37,51.32,51.99,62456.0,0.0,1.0,46.399860386721,46.847532138466,45.048067254002,45.63618504551,62456.0
2016-01-12,51.59,53.87,51.59,53.52,87988.0,0.0,1.0,45.285069946102,47.286426012726,45.285069946102,46.979200300744,87988.0
2016-01-13,53.65,55.435,53.58,54.27,73426.0,0.0,1.0,47.093312708051,48.660163839158,47.031867565655,47.637541112133,73426.0
2016-01-14,54.0,55.27,53.88,54.56,49035.0,0.0,1.0,47.400538420033,48.515328860652,47.295203890211,47.892099559204,49035.0
2016-01-15,53.34,54.15,51.87,52.07,62284.0,0.0,1.0,46.82119850601,47.532206582311,45.530850515687,45.706408065391,62284.0
2016-01-19,52.77,52.77,50.75,52.25,98832.0,0.0,1.0,46.320859489355,46.320859489355,44.547728237346,45.864409860125,98832.0
2016-01-20,51.51,51.79,47.85,51.18,69380.0,0.0,1.0,45.21484692622,45.460627495806,42.00214376664,44.925176969209,69380.0
2016-01-21,51.2,51.3,49.93,50.64,68918.0,0.0,1.0,44.94273272418,45.030511499031,43.82794228356,44.451171585009,68918.0
2016-01-22,51.18,51.76,50.28,50.99,49677.0,0.0,1.0,44.925176969209,45.43429386335,44.135167995542,44.758397296991,49677.0
2016-01-25,51.14,52.07,50.63,50.74,45246.0,0.0,1.0,44.890065459268,45.706408065391,44.442393707524,44.538950359861,45246.0
2016-01-26,50.93,51.78,50.51,51.57,57450.0,0.0,1.0,44.705730032079,45.451849618321,44.337059177701,45.267514191132,57450.0
2016-01-27,51.385,52.64,51.05,52.09,73893.0,0.0,1.0,45.105123457656,46.206747082047,44.811064561902,45.723963820362,73893.0
2016-01-28,52.29,52.6,51.63,52.55,49672.0,0.0,1.0,45.899521370065,46.171635572106,45.320181456043,46.12774618468,49672.0
2016-01-29,58.2,63.47,56.53,59.99,370663.0,0.0,1.0,51.087246963813,55.713188398509,49.621341423787,52.658487033663,370663.0
2016-02-01,60.0,65.1198,59.98,63.6,188540.0,0.0,1.0,52.667264911148,57.161362626016,52.649709156178,55.827300805817,188540.0
2016-02-02,62.6,64.4,62.0,63.53,126152.0,0.0,1.0,54.949513057298,56.529531004632,54.422840408186,55.76585566342,126152.0
2016-02-03,64.0,64.92,62.93,64.69,164317.0,0.0,1.0,56.178415905224,56.985980633862,55.239183014309,56.784089451703,164317.0
2016-02-04,65.16,65.9989,62.51,63.02,82788.0,0.0,1.0,57.196649693507,57.933025835739,54.870512159931,55.318183911676,82788.0
2016-02-05,62.78,63.17,60.02,60.04,63995.0,0.0,1.0,55.107514852031,55.449852073954,52.684820666118,52.702376421089,63995.0
2016-02-08,59.86,62.18,58.67,61.89,103645.0,0.0,1.0,52.544374626355,54.58084220292,51.499807205617,54.326283755849,103645.0
2016-02-09,61.23,62.96,60.0101,61.46,83281.0,0.0,1.0,53.746943841826,55.265516646765,52.676130567408,53.948835023986,83281.0
2016-02-10,61.63,62.73,61.41,61.45,75377.0,0.0,1.0,54.098058941234,55.063625464605,53.90494563656,53.940057146501,75377.0
2016-02-11,60.63,61.54,60.28,61.23,103737.0,0.0,1.0,53.220271192715,54.019058043867,52.913045480733,53.746943841826,103737.0
2016-02-12,62.25,64.63,60.74,64.16,154878.0,0.0,1.0,54.642287345316,56.731422186791,53.316827845052,56.318861944987,154878.0
2016-02-16,66.11,68.4,61.671,62.71,152330.0,0.0,1.0,58.0305480546,60.040681998709,54.134048238923,55.046069709635,152330.0
2016-02-17,63.31,66.74,62.19,65.3,184165.0,0.0,1.0,55.572742358746,58.583554336167,54.589620080405,57.319539978299,184165.0
2016-02-18,65.79,67.3156,64.44,64.55,91064.0,0.0,1.0,57.749655975074,59.088808964214,56.564642514573,56.66119916691,91064.0
2016-02-19,64.42,66.4,64.248,64.7,93864.0,0.0,1.0,56.547086759602,58.28510650167,56.396107266857,56.792867329188,93864.0
2016-02-22,65.48,68.0,64.72,67.13,131917.0,0.0,1.0,57.477541773033,59.689566899301,56.810423084158,58.925891558089,131917.0
2016-02-23,67.13,67.4925,63.42,64.43,143853.0,0.0,1.0,58.925891558089,59.244089616928,55.669299011083,56.555864637088,143853.0
2016-02-24,63.65,66.78,63.204,66.35,147209.0,0.0,1.0,55.871190193243,58.618665846108,55.479696857403,58.241217114244,147209.0
2016-02-25,66.72,68.46,66.19,68.26,51616.0,0.0,1.0,58.565998581196,60.09334926362,58.100771074481,59.917791713916,51616.0
2016-02-26,68.34,69.08,66.81,66.92,141662.0,0.0,1.0,59.988014733797,60.637577667702,58.644999478563,58.7415561309,141662.0
2016-02-29,67.72,72.55,67.62,69.6,313273.0,0.0,1.0,59.443786329716,63.683501155063,59.356007554864,61.094027296932,313273.0
2016-03-01,69.6,71.8,69.12,69.76,346377.0,0.0,1.0,61.094027296932,63.025160343674,60.672689177642,61.234473336695,346377.0
2016-03-02,70.18,70.18,66.13,66.95,150115.0,0.0,1.0,61.603144191073,61.603144191073,58.04810380957,58.767889763356,150115.0
2016-03-03,66.95,69.7,66.13,69.44,155100.0,0.0,1.0,58.767889763356,61.181806071783,58.04810380957,60.953581257169,155100.0
2016-03-04,69.85,70.84,68.5,70.58,152619.0,0.0,1.0,61.313474234061,62.182484105095,60.128460773561,61.95425929048,152619.0
2016-03-07,70.87,70.9498,68.03,68.33,143332.0,0.0,1.0,62.208817737551,62.278865199883,59.715900531757,59.979236856312,143332.0
2016-03-08,68.36,71.57,68.36,70.16,128390.0,0.0,1.0,60.005570488768,62.823269161514,60.005570488768,61.585588436102,128390.0
2016-03-09,70.24,71.74,70.24,71.37,90904.0,0.0,1.0,61.655811455984,62.972493078763,61.655811455984,62.64771161181,90904.0
2016-03-10,71.47,71.75,68.54,69.86,137594.0,0.0,1.0,62.735490386662,62.981270956248,60.163572283501,61.322252111547,137594.0
2016-03-11,70.23,70.23,67.45,67.6,274850.0,0.0,1.0,61.647033578499,61.647033578499,59.206783637615,59.338451799893,274850.0
2016-03-14,67.06,69.29,66.2842,68.51,125102.0,0.0,1.0,58.864446415693,60.821913094891,58.183458680392,60.137238651046,125102.0
2016-03-15,68.11,69.35,67.1,67.25,113203.0,0.0,1.0,59.786123551638,60.874580359802,58.899557925634,59.031226087912,113203.0
2016-03-16,66.84,69.5,66.54,68.46,122095.0,0.0,1.0,58.671333111019,61.00624852208,58.407996786463,60.09334926362,122095.0
2016-03-17,68.29,69.32,67.59,68.82,102903.0,0.0,1.0,59.944125346372,60.848246727346,59.329673922408,60.409352853087,102903.0
2016-03-18,69.08,69.75,67.44,67.62,111239.0,0.0,1.0,60.637577667702,61.225695459209,59.19800576013,59.356007554864,111239.0
2016-03-21,67.74,68.73,67.49,68.03,103229.0,0.0,1.0,59.461342084686,60.33035195572,59.241895147556,59.715900531757,103229.0
2016-03-22,67.46,68.05,67.14,67.58,77790.0,0.0,1.0,59.215561515101,59.733456286727,58.934669435575,59.320896044923,77790.0
2016-03-23,67.23,68.03,66.42,67.65,67728.0,0.0,1.0,59.013670332941,59.715900531757,58.302662256641,59.382341187319,67728.0
2016-03-24,67.34,68.67,66.53,67.64,81217.0,0.0,1.0,59.110226985278,60.277684690809,58.399218908978,59.373563309834,81217.0
2016-03-28,68.1,71.51,67.76,70.88,167106.0,0.0,1.0,59.777345674153,62.770601896603,59.478897839656,62.217595615036,167106.0
2016-03-29,71.11,72.84,70.23,70.87,158784.0,0.0,1.0,62.419486797195,63.938059602134,61.647033578499,62.208817737551,158784.0
2016-03-30,71.01,72.61,70.3,71.38,125541.0,0.0,1.0,62.331708022344,63.736168419974,61.708478720895,62.656489489296,125541.0
2016-03-31,71.19,71.5125,68.56,69.09,245704.0,0.0,1.0,62.489709817077,62.772796365974,60.181128038472,60.646355545187,245704.0
2016-04-01,68.52,69.95,68.43,69.52,88543.0,0.0,1.0,60.146016528531,61.401253008913,60.067015631164,61.02380427705,88543.0
2016-04-04,69.78,70.51,68.83,70.28,64182.0,0.0,1.0,61.252029091665,61.892814148084,60.418130730572,61.690922965925,64182.0
2016-04-05,69.78,71.22,69.5,69.77,91028.0,0.0,1.0,61.252029091665,62.516043449533,61.00624852208,61.24325121418,91028.0
2016-04-06,69.8,70.69,69.3801,69.97,85342.0,0.0,1.0,61.269584846635,62.050815942817,60.901001771032,61.418808763884,85342.0
2016-04-07,69.45,70.27,67.85,68.17,105393.0,0.0,1.0,60.962359134654,61.682145088439,59.557898737023,59.838790816549,105393.0
2016-04-08,68.69,70.14,68.17,69.21,72538.0,0.0,1.0,60.295240445779,61.568032681132,59.838790816549,60.751690075009,72538.0
2016-04-11,69.98,70.13,67.29,67.37,111636.0,0.0,1.0,61.427586641369,61.559254803647,59.066337597852,59.136560617734,111636.0
2016-04-12,67.74,69.47,67.45,67.85,80109.0,0.0,1.0,59.461342084686,60.979914889624,59.206783637615,59.557898737023,80109.0
2016-04-13,68.12,68.57,66.28,66.84,160410.0,0.0,1.0,59.794901429123,60.189905915957,58.179771971848,58.671333111019,160410.0
2016-04-14,66.6,66.98,64.71,64.76,120396.0,0.0,1.0,58.460664051374,58.794223395811,56.801645206673,56.845534594099,120396.0
2016-04-15,64.36,65.5199,64.11,64.7,137042.0,0.0,1.0,56.494419494691,57.512565504199,56.274972557562,56.792867329188,137042.0
2016-04-18,64.06,67.26,64.06,66.37,108290.0,0.0,1.0,56.231083170136,59.040003965397,56.231083170136,58.258772869215,108290.0
2016-04-19,66.7,66.94,65.5765,65.87,98665.0,0.0,1.0,58.548442826226,58.759111885871,57.562248290765,57.819878994955,98665.0
2016-04-20,65.88,66.845,62.41,62.47,105230.0,0.0,1.0,57.82865687244,58.675722049761,54.782733385079,54.83540064999,105230.0
2016-04-21,62.17,62.17,58.885,60.23,160891.0,0.0,1.0,54.572064325434,54.572064325434,51.688531571549,52.869156093307,160891.0
2016-04-22,59.89,61.2,59.57,60.07,75512.0,0.0,1.0,52.570708258811,53.720610209371,52.289816179285,52.728710053544,75512.0
2016-04-25,59.71,61.0578,59.71,60.4,48025.0,0.0,1.0,52.412706464077,53.595788791531,52.412706464077,53.018380010556,48025.0
2016-04-26,60.04,61.43,59.93,61.1,92846.0,0.0,1.0,52.702376421089,53.92250139153,52.605819768752,53.632831434519,92846.0
2016-04-27,58.45,58.45,53.13,56.86,504950.0,0.0,1.0,51.306693900943,51.306693900943,46.636863078821,49.911011380798,504950.0
2016-04-28,56.31,57.29,55.01,55.7,175235.0,0.0,1.0,49.428228119112,50.288460112661,48.287104046037,48.892777592516,175235.0
2016-04-29,55.28,56.25,55.16,55.33,126206.0,0.0,1.0,48.524106738138,49.375560854201,48.418772208315,48.567996125564,126206.0
2016-05-02,55.64,56.24,54.36,55.71,100014.0,0.0,1.0,48.840110327604,49.366782976716,47.7165420095,48.901555470001,100014.0
2016-05-03,55.02,55.97,54.03,54.75,162920.0,0.0,1.0,48.295881923523,49.129780284616,47.426872052489,48.058879231422,162920.0
2016-05-04,54.64,56.1,54.31,55.5,131237.0,0.0,1.0,47.962322579085,49.243892691923,47.672652622074,48.717220042812,131237.0
2016-05-05,55.66,56.77,55.53,56.21,151888.0,0.0,1.0,48.857666082575,49.832010483431,48.743553675267,49.34044934426,151888.0
2016-05-06,56.21,56.71,54.84,56.63,75863.0,0.0,1.0,49.34044934426,49.77934321852,48.137880128789,49.709120198638,75863.0
2016-05-09,56.23,58.57,56.23,57.68,125350.0,0.0,1.0,49.358005099231,51.412028430766,49.358005099231,50.630797334584,125350.0
2016-05-10,57.75,58.0696,56.935,57.68,111249.0,0.0,1.0,50.69224247698,50.972783441407,49.976845461937,50.630797334584,111249.0
2016-05-11,57.67,58.8364,56.43,56.77,135176.0,0.0,1.0,50.622019457098,51.645871086971,49.533562648935,49.832010483431,135176.0
2016-05-12,56.99,57.32,55.935,56.62,114077.0,0.0,1.0,50.025123788105,50.314793745117,49.099057713418,49.700342321153,114077.0
2016-05-13,56.4,57.4,55.54,56.59,64247.0,0.0,1.0,49.507229016479,50.385016764998,48.752331552753,49.674008688698,64247.0
2016-05-16,56.49,57.71,55.62,57.09,56575.0,0.0,1.0,49.586229913846,50.657130967039,48.822554572634,50.112902562957,56575.0
2016-05-17,56.82,56.82,53.47,53.97,68172.0,0.0,1.0,49.875899870857,49.875899870857,46.935310913318,47.374204787578,68172.0
2016-05-18,53.67,54.35,52.29,53.17,98754.0,0.0,1.0,47.110868463022,47.707764132015,45.899521370065,46.671974588762,98754.0
2016-05-19,52.71,54.12,52.71,53.8,149316.0,0.0,1.0,46.268192224443,47.505872949855,46.268192224443,47.224980870329,149316.0
2016-05-20,54.11,54.11,50.31,50.43,121986.0,0.0,1.0,47.49709507237,47.49709507237,44.161501627998,44.26683615782,121986.0
2016-05-23,50.49,51.02,49.16,49.28,135821.0,0.0,1.0,44.319503422731,44.784730929446,43.152045717201,43.257380247023,135821.0
2016-05-24,49.63,50.05,48.67,48.84,142217.0,0.0,1.0,43.564605959005,43.933276813383,42.721929720426,42.871153637674,142217.0
2016-05-25,49.15,49.45,48.14,48.74,126632.0,0.0,1.0,43.143267839715,43.406604164271,42.256702213711,42.783374862822,126632.0
2016-05-26,48.65,48.976,48.42,48.65,124968.0,0.0,1.0,42.704373965456,42.990532771473,42.502482783296,42.704373965456,124968.0
2016-05-27,48.85,49.0,46.92,48.77,101933.0,0.0,1.0,42.87993151516,43.011599677437,41.185801160518,42.809708495278,101933.0
2016-05-31,48.23,49.33,47.26,47.32,171626.0,0.0,1.0,42.335703111078,43.301269634449,41.484248995014,41.536916259925,171626.0
2016-06-01,47.09,49.34,47.03,48.88,428485.0,0.0,1.0,41.335025077766,43.310047511934,41.282357812855,42.906265147615,428485.0
2016-06-02,48.76,49.025,47.79,48.71,93372.0,0.0,1.0,42.800930617793,43.03354437115,41.949476501729,42.757041230367,93372.0
2016-06-03,48.78,49.45,48.03,49.27,96861.0,0.0,1.0,42.818486372763,43.406604164271,42.160145561374,43.248602369538,96861.0
2016-06-06,49.54,49.68,48.5,49.51,89658.0,0.0,1.0,43.485605061638,43.60849534643,42.572705803178,43.459271429182,89658.0
2016-06-07,49.6,50.13,48.87,49.64,99742.0,0.0,1.0,43.538272326549,44.003499833264,42.89748727013,43.57338383649,99742.0
2016-06-08,49.64,50.161,47.851,48.32,134944.0,0.0,1.0,43.57338383649,44.030711253468,42.003021554389,42.414704008444,134944.0
2016-06-09,48.25,48.8,45.29,46.03,370604.0,0.0,1.0,42.353258866048,42.836042127734,39.755007130431,40.404570064336,370604.0
2016-06-10,46.0,46.83,45.56,46.65,109405.0,0.0,1.0,40.37823643188,41.106800263151,39.992009822532,40.948798468418,109405.0
2016-06-13,46.28,46.955,45.21,45.28,56892.0,0.0,1.0,40.624017001465,41.216523731716,39.68478411055,39.746229252946,56892.0
2016-06-14,45.17,45.38,44.17,44.7,127631.0,0.0,1.0,39.649672600609,39.834008027798,38.77188485209,39.237112358805,127631.0
2016-06-15,44.8,45.07,44.34,44.46,102803.0,0.0,1.0,39.324891133657,39.561893825757,38.921108769338,39.026443299161,102803.0
2016-06-16,44.26,46.18,44.26,45.96,122185.0,0.0,1.0,38.850885749457,40.536238226614,38.850885749457,40.343124921939,122185.0
2016-06-17,45.96,47.12,44.37,44.61,113593.0,0.0,1.0,40.343124921939,41.361358710221,38.947442401794,39.158111461438,113593.0
2016-06-20,45.02,45.56,44.39,44.44,46887.0,0.0,1.0,39.518004438331,39.992009822532,38.964998156764,39.00888754419,46887.0
2016-06-21,44.81,45.49,44.326,45.26,82554.0,0.0,1.0,39.333669011142,39.930564680135,38.908819740859,39.728673497976,82554.0
2016-06-22,45.14,45.62,45.02,45.24,98927.0,0.0,1.0,39.623338968154,40.044677087443,39.518004438331,39.711117743006,98927.0
2016-06-23,45.65,46.19,45.0207,45.85,88305.0,0.0,1.0,40.071010719898,40.545016104099,39.518618889755,40.246568269602,88305.0
2016-06-24,44.52,45.64,44.32,44.73,192965.0,0.0,1.0,39.079110564072,40.062232842413,38.903553014368,39.263445991261,192965.0
2016-06-27,44.42,44.91,43.3201,44.65,192853.0,0.0,1.0,38.99133178922,39.421447785994,38.025853044624,39.193222971379,192853.0
2016-06-28,44.93,45.03,43.51,43.68,94206.0,0.0,1.0,39.439003540965,39.526782315817,38.192544938067,38.341768855316,94206.0
2016-06-29,44.0,44.2799,41.69,41.99,151146.0,0.0,1.0,38.622660934842,38.868353725652,36.594971235763,36.858307560318,151146.0
2016-06-30,41.87,42.73,41.608,42.63,249060.0,0.0,1.0,36.752973030496,37.507870494223,36.522992640384,37.420091719371,249060.0
2016-07-01,42.64,43.11,41.1,41.64,96216.0,0.0,1.0,37.428869596856,37.84142983866,36.077076464136,36.551081848337,96216.0
2016-07-05,41.65,42.23,40.83,41.15,99886.0,0.0,1.0,36.559859725822,37.068976619963,35.840073772036,36.120965851562,99886.0
2016-07-06,40.92,42.04,40.75,41.31,140365.0,0.0,1.0,35.919074669403,36.902196947744,35.769850752155,36.261411891325,140365.0
2016-07-07,41.33,42.43,41.21,42.31,104289.0,0.0,1.0,36.278967646296,37.244534169667,36.173633116473,37.139199639844,104289.0
2016-07-08,42.61,45.59,42.4,45.51,194463.0,0.0,1.0,37.4025359644,40.018343454987,37.218200537211,39.948120435106,194463.0
2016-07-11,45.7,46.0,43.5,43.94,372946.0,0.0,1.0,40.114900107324,40.37823643188,38.183767060582,38.569993669931,372946.0
2016-07-12,43.86,44.9,43.13,44.27,171185.0,0.0,1.0,38.499770650049,39.412669908509,37.85898559363,38.859663626942,171185.0
2016-07-13,44.3,45.33,43.93,44.81,154355.0,0.0,1.0,38.885997259398,39.790118640372,38.561215792445,39.333669011142,154355.0
2016-07-14,45.52,46.73,44.5,45.4,172259.0,0.0,1.0,39.956898312591,41.019021488299,39.061554809101,39.851563782769,172259.0
2016-07-15,45.72,45.89,44.8,45.22,196812.0,0.0,1.0,40.132455862295,40.281679779543,39.324891133657,39.693561988035,196812.0
2016-07-18,45.57,47.41,45.36,47.21,191338.0,0.0,1.0,40.000787700017,41.615917157292,39.816452272828,41.440359607588,191338.0
2016-07-19,44.29,46.79,44.121,44.68,278552.0,2.5,1.0,41.052533805699,43.369791302069,40.895887198944,41.414025975133,278552.0
2016-07-20,44.74,45.3,43.52,45.0,236046.0,0.0,1.0,41.469640155046,41.988705834233,40.338818496817,41.710634934668,236046.0
2016-07-21,44.88,46.49,44.74,45.75,184560.0,0.0,1.0,41.599406574842,43.091720402505,41.469640155046,42.405812183579,184560.0
2016-07-22,45.68,46.12,44.87,45.71,164948.0,0.0,1.0,42.340928973681,42.748766293042,41.590137544857,42.368736063637,164948.0
2016-07-25,45.6,46.65,45.04,46.44,196540.0,0.0,1.0,42.266776733797,43.240024882273,41.74771105461,43.045375252577,196540.0
2016-07-26,46.49,46.829,45.95,45.99,100480.0,0.0,1.0,43.091720402505,43.405940519013,42.591192783289,42.628268903231,100480.0
2016-07-27,46.02,46.75,45.91,46.23,98723.0,0.0,1.0,42.656075993187,43.332715182127,42.554116663347,42.850725622882,98723.0
2016-07-28,46.23,46.23,45.64,45.71,77118.0,0.0,1.0,42.850725622882,42.850725622882,42.303852853739,42.368736063637,77118.0
2016-07-29,45.71,46.97,45.627,46.67,145246.0,0.0,1.0,42.368736063637,43.536633841808,42.291803114758,43.258562942244,145246.0
2016-08-01,46.57,46.765,45.59,46.47,150932.0,0.0,1.0,43.165872642389,43.346618727106,42.257507703811,43.073182342534,150932.0
2016-08-02,46.35,47.1,46.2,46.83,113328.0,0.0,1.0,42.961953982708,43.657131231619,42.822918532926,43.406867422011,113328.0
2016-08-03,46.63,47.02,46.22,46.73,173782.0,0.0,1.0,43.221486822302,43.582978991735,42.841456592897,43.314177122156,173782.0
2016-08-04,46.91,47.91,46.75,47.67,173742.0,0.0,1.0,43.481019661895,44.407922660443,43.332715182127,44.185465940792,173742.0
2016-08-05,47.96,48.18,47.45,47.66,241738.0,0.0,1.0,44.454267810371,44.658186470051,43.981547281111,44.176196910806,241738.0
2016-08-08,47.81,47.81,46.77,47.03,122347.0,0.0,1.0,44.315232360588,44.315232360588,43.351253242098,43.592248021721,122347.0
2016-08-09,46.78,47.3601,45.98,46.85,174541.0,0.0,1.0,43.360522272084,43.898218701542,42.618999873245,43.425405481982,174541.0
2016-08-10,46.73,48.93,46.264,46.84,253500.0,0.0,1.0,43.314177122156,45.353363718962,42.882240324833,43.416136451997,253500.0
2016-08-11,47.05,47.05,45.71,46.16,134882.0,0.0,1.0,43.610786081692,43.610786081692,42.368736063637,42.785842412984,134882.0
2016-08-12,46.25,46.41,45.5,46.38,107892.0,0.0,1.0,42.869263682853,43.017568162621,42.174086433942,42.989761072665,107892.0
2016-08-15,46.41,48.635,46.41,47.08,168132.0,0.0,1.0,43.017568162621,45.079927334391,43.017568162621,43.638593171648,168132.0
2016-08-16,47.05,47.05,45.69,46.12,80804.0,0.0,1.0,43.610786081692,43.610786081692,42.350198003666,42.748766293042,80804.0
2016-08-17,46.09,46.5799,45.75,46.06,65377.0,0.0,1.0,42.720959203086,43.175048982074,42.405812183579,42.693152113129,65377.0
2016-08-18,46.06,46.54,45.47,46.03,83891.0,0.0,1.0,42.693152113129,43.138065552432,42.146279343986,42.665345023173,83891.0
2016-08-19,45.77,46.74,45.545,45.8,97821.0,0.0,1.0,42.42435024355,43.323446152142,42.215797068877,42.452157333507,97821.0
2016-08-22,45.82,46.215,45.53,46.18,71158.0,0.0,1.0,42.470695393478,42.836822077904,42.201893523899,42.804380472955,71158.0
2016-08-23,46.26,46.61,45.78,46.18,80930.0,0.0,1.0,42.878532712839,43.202948762331,42.433619273536,42.804380472955,80930.0
2016-08-24,46.37,46.37,45.23,45.38,97015.0,0.0,1.0,42.980492042679,42.980492042679,41.923822624334,42.062858074116,97015.0
2016-08-25,45.43,52.1,43.74,51.78,816997.0,0.0,1.0,42.109203224044,48.29164622436,40.542737156497,47.995037264825,816997.0
2016-08-26,51.69,53.81,48.98,49.48,334603.0,0.0,1.0,47.911615994955,49.876650351878,45.39970886889,45.863160368164,334603.0
2016-08-29,50.27,52.73,49.92,52.27,268360.0,0.0,1.0,46.595413737017,48.875595113445,46.270997687525,48.449219734113,268360.0
2016-08-30,52.06,52.21,50.31,51.36,95749.0,0.0,1.0,48.254570104418,48.3936055542,46.632489856959,47.605738005434,95749.0
2016-08-31,51.27,52.37,50.94,51.42,88017.0,0.0,1.0,47.522316735565,48.541910033968,47.216438746044,47.661352185347,88017.0
2016-09-01,51.84,52.26,50.71,51.45,111061.0,0.0,1.0,48.050651444738,48.439950704128,47.003251056378,47.689159275304,111061.0
2016-09-02,52.05,54.0,51.7,53.61,203937.0,0.0,1.0,48.245301074433,50.052761921602,47.920885024941,49.691269752168,203937.0
2016-09-06,53.82,53.82,51.9,53.45,157377.0,0.0,1.0,49.885919381863,49.885919381863,48.10626562465,49.5429652724,157377.0
2016-09-07,53.25,54.18,52.93,53.98,116862.0,0.0,1.0,49.357584672691,50.21960446134,49.060975713155,50.034223861631,116862.0
2016-09-08,54.0,54.12,52.87,53.04,114329.0,0.0,1.0,50.052761921602,50.163990281427,49.005361533242,49.162935042995,114329.0
2016-09-09,52.81,52.81,51.15,51.17,87768.0,0.0,1.0,48.949747353329,48.949747353329,47.411088375739,47.42962643571,87768.0
2016-09-12,51.02,52.012,50.6701,51.08,113140.0,0.0,1.0,47.290590985928,48.210078760488,46.966267626736,47.346205165841,113140.0
2016-09-13,50.88,51.28,49.89,50.0,193340.0,0.0,1.0,47.160824566131,47.531585765551,46.243190597569,46.345149927409,193340.0
2016-09-14,49.91,50.5,49.29,49.97,113724.0,0.0,1.0,46.26172865754,46.808601426683,45.68704879844,46.317342837453,113724.0
2016-09-15,49.87,51.93,49.73,51.81,79919.0,0.0,1.0,46.224652537598,48.134072714607,46.094886117801,48.022844354781,79919.0
2016-09-16,51.86,51.89,50.79,51.0,86229.0,0.0,1.0,48.069189504709,48.096996594665,47.077403296262,47.272052925957,86229.0
2016-09-19,51.34,51.83,51.04,51.6,98850.0,0.0,1.0,47.587199945464,48.041382414752,47.309129045899,47.828194725086,98850.0
2016-09-20,51.6,51.88,50.28,50.7,59345.0,0.0,1.0,47.828194725086,48.08772756468,46.604682767002,46.993982026393,59345.0
2016-09-21,50.5,51.25,50.38,51.09,48347.0,0.0,1.0,46.808601426683,47.503778675594,46.697373066857,47.355474195826,48347.0
2016-09-22,51.61,52.73,50.71,52.13,75324.0,0.0,1.0,47.837463755072,48.875595113445,47.003251056378,48.319453314317,75324.0
2016-09-23,51.8,52.52,51.27,52.35,72927.0,0.0,1.0,48.013575324796,48.68094548375,47.522316735565,48.523371973997,72927.0
2016-09-26,51.46,52.35,51.37,51.58,93347.0,0.0,1.0,47.698428305289,48.523371973997,47.61500703542,47.809656665115,93347.0
2016-09-27,51.77,53.78,51.61,52.89,165400.0,0.0,1.0,47.985768234839,49.848843261921,47.837463755072,49.023899593213,165400.0
2016-09-28,52.38,52.89,51.6089,52.47,116702.0,0.0,1.0,48.551179063954,49.023899593213,47.836444161773,48.634600333823,116702.0
2016-09-29,52.28,52.58,51.82,51.91,61203.0,0.0,1.0,48.458488764099,48.736559663663,48.032113384767,48.115534654636,61203.0
2016-09-30,52.12,52.58,51.1,51.33,105524.0,0.0,1.0,48.310184284331,48.736559663663,47.364743225812,47.577930915478,105524.0
2016-10-03,51.03,52.6,50.98,52.53,53312.0,0.0,1.0,47.299860015914,48.755097723634,47.253514865986,48.690214513736,53312.0
2016-10-04,52.85,53.07,52.5,52.69,70503.0,0.0,1.0,48.986823473271,49.190742132952,48.662407423779,48.838518993504,70503.0
2016-10-05,53.17,53.42,52.04,52.39,75594.0,0.0,1.0,49.283432432807,49.515158182444,48.236032044447,48.560448093939,75594.0
2016-10-06,52.46,52.97,51.35,52.62,64509.0,0.0,1.0,48.625331303837,49.098051833097,47.596468975449,48.773635783605,64509.0
2016-10-07,52.65,53.05,51.06,51.35,73797.0,0.0,1.0,48.801442873562,49.172204072981,47.32766710587,47.596468975449,73797.0
2016-10-10,51.68,52.49,51.41,52.21,63786.0,0.0,1.0,47.90234696497,48.653138393794,47.652083155362,48.3936055542,63786.0
2016-10-11,52.37,53.53,51.7,52.11,77368.0,0.0,1.0,48.541910033968,49.617117512284,47.920885024941,48.300915254346,77368.0
2016-10-12,52.33,53.175,51.8,52.6,71430.0,0.0,1.0,48.504833914026,49.288066947799,48.013575324796,48.755097723634,71430.0
2016-10-13,52.07,52.315,51.17,51.8,33693.0,0.0,1.0,48.263839134404,48.490930369048,47.42962643571,48.013575324796,33693.0
2016-10-14,51.75,51.99,51.07,51.56,60036.0,0.0,1.0,47.967230174868,48.18968689452,47.336936135856,47.791118605144,60036.0
2016-10-17,51.68,52.04,51.19,51.3,63986.0,0.0,1.0,47.90234696497,48.236032044447,47.448164495681,47.550123825522,63986.0
2016-10-18,51.78,52.205,51.36,51.88,48591.0,0.0,1.0,47.995037264825,48.388971039208,47.605738005434,48.08772756468,48591.0
2016-10-19,51.67,51.83,50.95,51.39,70114.0,0.0,1.0,47.893077934984,48.041382414752,47.22570777603,47.633545095391,70114.0
2016-10-20,51.53,51.53,50.23,50.43,72187.0,0.0,1.0,47.763311515188,47.763311515188,46.558337617075,46.743718216785,72187.0
2016-10-21,50.21,51.5199,49.94,50.0,112383.0,0.0,1.0,46.539799557104,47.753949794902,46.289535747496,46.345149927409,112383.0
2016-10-24,50.35,51.405,50.33,50.65,79015.0,0.0,1.0,46.669565976901,47.647448640369,46.65102791693,46.947636876465,79015.0
2016-10-25,50.8,51.16,49.56,50.41,107230.0,0.0,1.0,47.086672326247,47.420357405725,45.937312608048,46.725180156814,107230.0
2016-10-26,50.16,50.625,49.02,49.07,104455.0,0.0,1.0,46.493454407177,46.924464301502,45.436784988832,45.483130138759,104455.0
2016-10-27,49.31,49.31,46.335,47.26,158051.0,0.0,1.0,45.705586858411,45.705586858411,42.94805043773,43.805435711387,158051.0
2016-10-28,47.11,48.71,46.5408,48.43,72156.0,0.0,1.0,43.666400261605,45.149445059282,43.138807074831,44.889912219688,72156.0
2016-10-31,48.87,53.8057,48.11,50.68,431783.0,0.0,1.0,45.29774953905,49.872664668984,44.593303260153,46.975443966422,431783.0
2016-11-01,58.5,61.5,56.26,61.3,848263.0,0.0,1.0,54.223825415068,57.004534410713,52.147562698321,56.819153811003,848263.0
2016-11-02,60.29,61.97,59.0201,61.19,173788.0,0.0,1.0,55.88298178247,57.440178820031,54.705907664613,56.717194481163,173788.0
2016-11-03,60.84,61.01,59.37,59.42,96855.0,0.0,1.0,56.392778431671,56.550351941424,55.030231023805,55.076576173733,96855.0
2016-11-04,59.37,60.38,58.6613,59.38,116689.0,0.0,1.0,55.030231023805,55.966403052339,54.373334868734,55.039500053791,116689.0
2016-11-07,60.95,63.41,59.98,62.44,162741.0,0.0,1.0,56.494737761512,58.77491913794,55.59564185292,57.875823229348,162741.0
2016-11-08,62.51,63.985,60.56,63.88,110873.0,0.0,1.0,57.940706439247,59.307888362105,56.133245592078,59.210563547258,110873.0
2016-11-09,63.0,65.19,61.3604,64.87,160631.0,0.0,1.0,58.394888908535,60.424806475356,56.875138752116,60.12819751582,160631.0
2016-11-10,65.08,65.08,61.68,61.82,170415.0,0.0,1.0,60.322847145515,60.322847145515,57.171376950452,57.301143370248,170415.0
2016-11-11,61.92,64.16,61.0,63.46,125855.0,0.0,1.0,57.393833670103,59.470096386851,56.541082911439,58.821264287867,125855.0
2016-11-14,64.0,65.4,63.415,65.22,83270.0,0.0,1.0,59.321791907083,60.619456105051,58.779553652933,60.452613565312,83270.0
2016-11-15,65.26,66.993,65.23,66.32,156142.0,0.0,1.0,60.489689685254,62.096012581738,60.461882595298,61.472206863715,156142.0
2016-11-16,66.32,67.96,66.16,67.85,136945.0,0.0,1.0,61.472206863715,62.992327781334,61.323902383948,62.890368451494,136945.0
2016-11-17,68.42,68.42,65.91,66.09,117100.0,0.0,1.0,63.418703160666,63.418703160666,61.09217663431,61.259019174049,117100.0
2016-11-18,66.03,67.28,65.01,66.99,154120.0,0.0,1.0,61.203404994136,62.362033742321,60.257963935617,62.093231872743,154120.0
2016-11-21,66.59,66.942,65.53,66.07,79321.0,0.0,1.0,61.722470673323,62.048740528812,60.739953494862,61.240481114078,79321.0
2016-11-22,66.0,67.5364,65.4,66.9,59512.0,0.0,1.0,61.17559790418,62.599691671149,60.619456105051,62.009810602873,59512.0
2016-11-23,66.75,67.3999,65.66,65.88,80007.0,0.0,1.0,61.870775153091,62.473169411847,60.860450884673,61.064369544354,80007.0
2016-11-25,66.45,67.465,66.3228,66.82,31647.0,0.0,1.0,61.592704253527,62.533510797053,61.474802192111,61.935658362989,31647.0
2016-11-28,65.49,65.8,64.09,64.94,77907.0,2.5,1.0,63.039760550733,63.338162226878,61.692140077821,62.510338222089,77907.0
2016-11-29,65.03,66.47,64.61,65.75,94150.0,0.0,1.0,62.596970966776,63.983094881772,62.192684824903,63.290032924274,94150.0
2016-11-30,66.07,66.35,63.67,63.7,89755.0,0.0,1.0,63.59806046094,63.867584555522,61.287853935947,61.31673151751,89755.0
2016-12-01,63.3,65.07,63.3,63.99,72680.0,0.0,1.0,60.931697096678,62.63547440886,60.931697096678,61.595881472613,72680.0
2016-12-02,64.0,65.68,64.0,64.61,82092.0,0.0,1.0,61.605507333134,63.222651900629,61.605507333134,62.192684824903,82092.0
2016-12-05,64.08,66.43,63.935,65.88,120943.0,0.0,1.0,61.6825142173,63.944591439689,61.542939239749,63.415169111045,120943.0
2016-12-06,65.88,68.17,64.64,68.17,131325.0,0.0,1.0,63.415169111045,65.619491170308,62.221562406465,65.619491170308,131325.0
2016-12-07,67.99,69.54,66.9636,69.01,110786.0,0.0,1.0,65.446225680934,66.938234061658,64.458227357079,66.428063454056,110786.0
2016-12-08,69.01,71.52,69.01,70.92,146798.0,0.0,1.0,66.428063454056,68.844154444777,66.428063454056,68.266602813529,146798.0
2016-12-09,71.17,71.46,69.78,70.55,68244.0,0.0,1.0,68.507249326549,68.786399281652,67.169254714157,67.910445974259,68244.0
2016-12-12,70.46,71.66,69.43,70.09,87847.0,0.0,1.0,67.823813229572,68.978916492068,66.832349595929,67.467656390302,87847.0
2016-12-13,70.31,72.24,69.55,70.91,96600.0,0.0,1.0,67.67942532176,69.537216402275,66.947859922179,68.256976953008,96600.0
2016-12-14,70.77,71.3499,68.65,68.96,74922.0,0.0,1.0,68.122214905717,68.680418557318,66.081532475307,66.379934151452,74922.0
2016-12-15,68.68,69.5,68.13,68.44,65725.0,0.0,1.0,66.110410056869,66.899730619575,65.580987728225,65.87938940437,65725.0
2016-12-16,68.65,69.36,68.3,68.5,172450.0,0.0,1.0,66.081532475307,66.764968572284,65.744627357079,65.937144567495,172450.0
2016-12-19,68.43,69.0,67.5,68.27,88595.0,0.0,1.0,65.869763543849,66.418437593535,64.974558515415,65.715749775516,88595.0
2016-12-20,68.26,69.11,68.06,68.93,111337.0,0.0,1.0,65.706123914996,66.524322059264,65.513606704579,66.351056569889,111337.0
2016-12-21,68.99,71.16,68.49,70.04,83700.0,0.0,1.0,66.408811733014,68.497623466028,65.927518706974,67.419527087698,83700.0
2016-12-22,70.25,71.38,68.98,69.98,113619.0,0.0,1.0,67.621670158635,68.709392397486,66.399185872493,67.361771924573,113619.0
2016-12-23,70.32,70.41,69.3,70.06,58722.0,0.0,1.0,67.689051182281,67.775683926968,66.707213409159,67.43877880874,58722.0
2016-12-27,70.41,70.89,69.81,70.65,62772.0,0.0,1.0,67.775683926968,68.237725231966,67.19813229572,68.006704579467,62772.0
2016-12-28,70.89,71.04,70.011,70.26,42603.0,0.0,1.0,68.237725231966,68.382113139779,67.391612092188,67.631296019156,42603.0
2016-12-29,70.33,70.95,69.3201,70.26,52363.0,0.0,1.0,67.698677042802,68.295480395091,66.726561388806,67.631296019156,52363.0
2016-12-30,69.6,70.67,69.415,70.39,127499.0,0.0,1.0,66.995989224783,68.025956300509,66.817910805148,67.756432205926,127499.0
2017-01-03,70.97,70.97,69.48,70.34,74589.0,0.0,1.0,68.314732116133,68.314732116133,66.880478898533,67.708302903322,74589.0
2017-01-04,70.59,71.17,70.2,71.0,60413.0,0.0,1.0,67.948949416342,68.507249326549,67.573540856031,68.343609697695,60413.0
2017-01-05,70.96,72.185,69.03,71.24,60042.0,0.0,1.0,68.305106255612,69.48427416941,66.447315175097,68.574630350195,60042.0
2017-01-06,71.47,71.47,69.71,70.1,41894.0,0.0,1.0,68.796025142173,68.796025142173,67.101873690512,67.477282250823,41894.0
2017-01-09,69.95,69.95,68.47,68.53,51707.0,0.0,1.0,67.332894343011,67.332894343011,65.908266985932,65.966022149057,51707.0
2017-01-10,68.54,69.24,68.06,68.76,83605.0,0.0,1.0,65.975648009578,66.649458246034,65.513606704579,66.187416941036,83605.0
2017-01-11,68.81,69.64,68.1231,68.77,58061.0,0.0,1.0,66.23554624364,67.034492666866,65.574345884466,66.197042801556,58061.0
2017-01-12,68.67,68.97,67.32,67.91,41174.0,0.0,1.0,66.100784196348,66.389560011972,64.80129302604,65.369218796767,41174.0
2017-01-13,68.28,68.89,67.4654,68.11,33744.0,0.0,1.0,65.725375636037,66.312553127806,64.941253038013,65.561736007183,33744.0
2017-01-17,68.32,68.5899,67.83,68.02,39800.0,0.0,1.0,65.76387907812,66.023681053577,65.292211912601,65.475103262496,39800.0
2017-01-18,68.13,70.47,68.13,69.92,60154.0,0.0,1.0,65.580987728225,67.833439090093,65.580987728225,67.304016761449,60154.0
2017-01-19,69.84,69.84,67.8188,68.28,40002.0,0.0,1.0,67.227009877282,67.227009877282,65.281430948818,65.725375636037,40002.0
2017-01-20,68.28,70.3481,67.45,67.49,59943.0,0.0,1.0,65.725375636037,67.716099850344,64.926429212811,64.964932654894,59943.0
2017-01-23,67.63,68.07,66.74,67.58,40771.0,0.0,1.0,65.099694702185,65.5232325651,64.242993115834,65.051565399581,40771.0
2017-01-24,67.67,67.81,66.66,67.29,41939.0,0.0,1.0,65.138198144268,65.272960191559,64.165986231667,64.772415444478,41939.0
2017-01-25,67.83,68.59,67.14,68.54,43350.0,0.0,1.0,65.292211912601,66.023777312182,64.628027536666,65.975648009578,43350.0
2017-01-26,68.67,68.67,66.43,66.61,37268.0,0.0,1.0,66.100784196348,66.100784196348,63.944591439689,64.117856929063,37268.0
2017-01-27,66.96,67.3344,65.735,66.57,29489.0,0.0,1.0,64.454762047291,64.81515426519,63.275594133493,64.07935348698,29489.0
2017-01-30,66.6,67.8,66.28,66.52,51704.0,0.0,1.0,64.108231068542,65.263334331039,63.800203531877,64.031224184376,51704.0
2017-01-31,66.53,68.59,65.25,65.79,69036.0,0.0,1.0,64.040850044897,66.023777312182,62.808739898234,63.328536366357,69036.0
2017-02-01,66.0,67.215,66.0,66.47,60790.0,0.0,1.0,63.530679437294,64.700221490572,63.530679437294,63.983094881772,60790.0
2017-02-02,63.12,66.02,56.95,63.84,299207.0,0.0,1.0,60.758431607303,63.549931158336,54.819275665968,61.451493564801,299207.0
2017-02-03,64.35,65.435,64.0,64.07,106916.0,0.0,1.0,61.942412451362,62.986818317869,61.605507333134,61.672888356779,106916.0
2017-02-06,64.0,64.29,61.83,62.08,104106.0,0.0,1.0,61.605507333134,61.884657288237,59.51669560012,59.75734211314,104106.0
2017-02-07,62.08,62.75,61.28,62.1,53525.0,0.0,1.0,59.75734211314,60.402274768034,58.987273271476,59.776593834181,53525.0
2017-02-08,61.93,62.41,60.94,61.49,70812.0,0.0,1.0,59.612954205328,60.074995510326,58.659994013768,59.189416342412,70812.0
2017-02-09,61.7,63.27,61.7,62.28,72865.0,0.0,1.0,59.391559413349,60.902819515115,59.391559413349,59.949859323556,72865.0
2017-02-10,62.3,63.55,61.139,62.15,130859.0,0.0,1.0,59.969111044597,61.172343609698,58.851548638132,59.824723136785,130859.0
2017-02-13,62.42,63.46,62.11,63.21,61823.0,0.0,1.0,60.084621370847,61.08571086501,59.786219694702,60.84506435199,61823.0
2017-02-14,62.74,63.39,61.7401,63.35,76595.0,0.0,1.0,60.392648907513,61.018329841365,59.430159114038,60.979826399282,76595.0
2017-02-15,62.93,62.93,62.02,62.2,44021.0,0.0,1.0,60.575540257408,60.575540257408,59.699586950015,59.872852439389,44021.0
2017-02-16,62.04,62.4504,61.0,61.12,51214.0,0.0,1.0,59.718838671057,60.11388398683,58.717749176893,58.833259503143,51214.0
2017-02-17,60.76,62.175,60.19,61.79,71713.0,0.0,1.0,58.486728524394,59.848787788087,57.938054474708,59.478192158037,71713.0
2017-02-21,61.4,62.78,61.4,62.235,58227.0,0.0,1.0,59.102783597725,60.431152349596,59.102783597725,59.906542951212,58227.0
2017-02-22,61.76,62.35,61.58,62.08,54142.0,0.0,1.0,59.449314576474,60.017240347201,59.2760490871,59.75734211314,54142.0
2017-02-23,62.17,63.04,61.535,62.52,50878.0,0.0,1.0,59.843974857827,60.681424723137,59.232732714756,60.180879976055,50878.0
2017-02-24,62.83,64.02,62.575,62.88,85647.0,0.0,1.0,60.4792816522,61.624759054175,60.233822208919,60.527410954804,85647.0
2017-02-27,62.81,63.08,62.381,62.7,86624.0,0.0,1.0,60.460029931158,60.71992816522,60.047080514816,60.35414546543,86624.0
2017-02-28,62.27,62.64,60.91,61.4,169027.0,0.0,1.0,59.940233463035,60.296390302305,58.631116432206,59.102783597725,169027.0
2017-03-01,61.88,63.89,61.24,62.01,78680.0,0.0,1.0,59.564824902724,61.499622867405,58.948769829392,59.689961089494,78680.0
2017-03-02,62.0,62.71,60.77,61.79,84516.0,0.0,1.0,59.680335228973,60.36377132595,58.496354384915,59.478192158037,84516.0
2017-03-03,61.59,62.74,61.23,62.36,75178.0,0.0,1.0,59.28567494762,60.392648907513,58.939143968872,60.026866207722,75178.0
2017-03-06,61.92,63.79,61.65,62.67,89303.0,0.0,1.0,59.603328344807,61.403364262197,59.343430110745,60.325267883867,89303.0
2017-03-07,62.58,63.14,62.06,62.88,93606.0,0.0,1.0,60.23863513918,60.777683328345,59.738090392098,60.527410954804,93606.0
2017-03-08,62.7,63.49,62.7,63.3,90487.0,0.0,1.0,60.35414546543,61.114588446573,60.35414546543,60.931697096678,90487.0
2017-03-09,63.18,65.21,63.18,64.15,133463.0,0.0,1.0,60.816186770428,62.770236456151,60.816186770428,61.749895240946,133463.0
2017-03-10,64.45,64.7,63.87,64.48,50403.0,0.0,1.0,62.03867105657,62.27931756959,61.480371146363,62.067548638132,50403.0
2017-03-13,64.47,64.9448,64.35,64.65,44333.0,0.0,1.0,62.057922777611,62.514958635139,61.942412451362,62.231188266986,44333.0
2017-03-14,64.605,64.7442,63.68,64.28,33659.0,0.0,1.0,62.187871894642,62.321863873092,61.297479796468,61.875031427716,33659.0
2017-03-15,64.85,66.0057,63.9,65.85,45937.0,0.0,1.0,62.423705477402,63.536166177791,61.509248727926,63.386291529482,45937.0
2017-03-16,65.99,66.29,65.0761,66.2,63109.0,0.0,1.0,63.521053576773,63.809829392397,62.641346183777,63.72319664771,63109.0
2017-03-17,66.15,66.94,65.74,66.68,79835.0,0.0,1.0,63.675067345106,64.43551032625,63.280407063753,64.185237952709,79835.0
2017-03-20,66.43,66.53,65.13,65.38,48058.0,0.0,1.0,63.944591439689,64.040850044897,62.693229571984,62.933876085004,48058.0
2017-03-21,68.5,70.14,67.82,67.91,424957.0,0.0,1.0,65.937144567495,67.515785692906,65.28258605208,65.369218796767,424957.0
2017-03-22,67.91,68.69,67.17,67.49,173366.0,0.0,1.0,65.369218796767,66.12003591739,64.656905118228,64.964932654894,173366.0
2017-03-23,67.73,69.17,67.675,68.62,156929.0,0.0,1.0,65.195953307393,66.582077222389,65.143011074529,66.052654893744,156929.0
2017-03-24,68.71,69.84,67.61,69.59,1445308.0,0.0,1.0,66.139287638432,67.227009877282,65.080442981143,66.986363364262,1445308.0
2017-03-27,69.05,71.12,68.36,70.29,176965.0,0.0,1.0,66.466566896139,68.459120023945,65.802382520204,67.660173600718,176965.0
2017-03-28,69.93,71.7,69.16,71.46,155449.0,0.0,1.0,67.313642621969,69.017419934151,66.572451361868,68.786399281652,155449.0
2017-03-29,71.55,72.6,70.77,72.45,119366.0,0.0,1.0,68.873032026339,69.883747381024,68.122214905717,69.739359473212,119366.0
2017-03-30,72.67,72.98,72.04,72.53,148142.0,0.0,1.0,69.951128404669,70.249530080814,69.344699191859,69.816366357378,148142.0
2017-03-31,72.27,73.53,71.87,73.19,178253.0,0.0,1.0,69.566093983837,70.778952409458,69.181059563005,70.451673151751,178253.0
2017-04-03,73.23,73.74,71.77,71.88,129891.0,0.0,1.0,70.490176593834,70.981095480395,69.084800957797,69.190685423526,129891.0
2017-04-04,71.93,72.6,71.34,72.17,141666.0,0.0,1.0,69.23881472613,69.883747381024,68.670888955403,69.469835378629,141666.0
2017-04-05,72.35,72.41,70.95,71.08,100533.0,0.0,1.0,69.643100868004,69.700856031128,68.295480395091,68.420616581862,100533.0
2017-04-06,71.24,71.855,71.02,71.29,90592.0,0.0,1.0,68.574630350195,69.166620772224,68.362861418737,68.622759652799,90592.0
2017-04-07,71.34,71.92,71.07,71.19,72746.0,0.0,1.0,68.670888955403,69.229188865609,68.410990721341,68.526501047591,72746.0
2017-04-10,71.34,72.795,70.77,71.91,74074.0,0.0,1.0,68.670888955403,70.071451661179,68.122214905717,69.219563005088,74074.0
2017-04-11,71.81,72.03,71.14,71.98,64798.0,0.0,1.0,69.12330439988,69.335073331338,68.478371744987,69.286944028734,64798.0
2017-04-12,71.88,72.19,71.085,71.73,44830.0,0.0,1.0,69.190685423526,69.489087099671,68.425429512122,69.046297515714,44830.0
2017-04-13,71.73,71.73,70.54,71.41,45263.0,0.0,1.0,69.046297515714,69.046297515714,67.900820113738,68.738269979048,45263.0
2017-04-17,71.7,71.76,70.35,71.71,70790.0,0.0,1.0,69.017419934151,69.075175097276,67.717928763843,69.027045794672,70790.0
2017-04-18,71.48,71.955,70.35,71.3,82085.0,0.0,1.0,68.805651002694,69.262879377432,67.717928763843,68.632385513319,82085.0
2017-04-19,71.25,72.97,71.02,72.3,72903.0,0.0,1.0,68.584256210715,70.239904220293,68.362861418737,69.5949715654,72903.0
2017-04-20,72.21,73.82,72.0491,73.64,63661.0,0.0,1.0,69.508338820712,71.058102364562,69.353458724933,70.884836875187,63661.0
2017-04-21,73.61,73.61,71.98,72.97,62344.0,0.0,1.0,70.855959293625,70.855959293625,69.286944028734,70.239904220293,62344.0
2017-04-24,73.67,74.4,73.33,73.59,107090.0,0.0,1.0,70.913714456749,71.616402274768,70.586435199042,70.836707572583,107090.0
2017-04-25,74.06,74.69,73.47,74.22,75322.0,0.0,1.0,71.289123017061,71.895552229871,70.721197246333,71.443136785394,75322.0
2017-04-26,74.22,74.29,73.0095,73.46,112537.0,0.0,1.0,71.443136785394,71.510517809039,70.27792636935,70.711571385813,112537.0
2017-04-27,73.71,74.08,72.44,73.17,78426.0,0.0,1.0,70.952217898833,71.308374738102,69.729733612691,70.432421430709,78426.0
2017-04-28,73.14,73.79,72.845,73.5,91094.0,0.0,1.0,70.403543849147,71.029224782999,70.119580963783,70.750074827896,91094.0
2017-05-01,73.75,73.75,72.65,73.03,32638.0,0.0,1.0,70.990721340916,70.990721340916,69.931876683628,70.297659383418,32638.0
2017-05-02,73.22,73.22,71.7,72.39,58202.0,0.0,1.0,70.480550733313,70.480550733313,69.017419934151,69.681604310087,58202.0
2017-05-03,72.29,72.57,70.9,71.62,70853.0,0.0,1.0,69.585345704879,69.854869799461,68.247351092487,68.940413049985,70853.0
2017-05-04,71.0,71.5,65.3,65.91,255832.0,0.0,1.0,68.343609697695,68.824902723735,62.856869200838,63.444046692607,255832.0
2017-05-05,66.22,66.22,64.49,64.5,110749.0,0.0,1.0,63.742448368752,63.742448368752,62.077174498653,62.086800359174,110749.0
2017-05-08,63.98,64.285,61.1,63.94,160620.0,0.0,1.0,61.586255612092,61.879844357977,58.814007782101,61.547752170009,160620.0
2017-05-09,64.19,65.69,63.34,63.79,125430.0,0.0,1.0,61.788398683029,63.232277761149,60.970200538761,61.403364262197,125430.0
2017-05-10,63.96,64.33,62.86,64.22,87638.0,0.0,1.0,61.567003891051,61.92316073032,60.508159233762,61.817276264591,87638.0
2017-05-11,64.42,64.87,63.6,64.52,97895.0,0.0,1.0,62.009793475007,62.442957198444,61.220472912302,62.106052080216,97895.0
2017-05-12,64.23,65.06,63.61,64.71,85627.0,0.0,1.0,61.826902125112,62.625848548339,61.230098772823,62.288943430111,85627.0
2017-05-15,64.65,64.92,63.63,64.29,86388.0,0.0,1.0,62.231188266986,62.491086501048,61.249350493864,61.884657288237,86388.0
2017-05-16,64.34,65.053,63.78,64.08,75976.0,0.0,1.0,61.932786590841,62.619110445974,61.393738401676,61.6825142173,75976.0
2017-05-17,63.5,63.53,61.65,62.63,124345.0,0.0,1.0,61.124214307094,61.153091888656,59.343430110745,60.286764441784,124345.0
2017-05-18,62.74,63.74,62.25,63.01,112538.0,0.0,1.0,60.392648907513,61.355234959593,59.920981741993,60.652547141574,112538.0
2017-05-19,62.84,64.5,62.63,64.28,88147.0,0.0,1.0,60.488907512721,62.086800359174,60.286764441784,61.875031427716,88147.0
2017-05-22,64.13,65.27,63.645,65.06,107463.0,0.0,1.0,61.730643519904,62.827991619276,61.263789284645,62.625848548339,107463.0
2017-05-23,65.02,66.35,64.235,65.91,72175.0,0.0,1.0,62.587345106256,63.867584555522,61.831715055373,63.444046692607,72175.0
2017-05-24,65.91,66.6,63.92,63.97,74954.0,0.0,1.0,63.444046692607,64.108231068542,61.528500448967,61.576629751571,74954.0
2017-05-25,64.12,64.98,63.81,64.33,74809.0,0.0,1.0,61.721017659383,62.548841664172,61.422615983239,61.92316073032,74809.0
2017-05-26,64.24,65.45,63.56,65.12,70901.0,0.0,1.0,61.836527985633,63.00125710865,61.181969470218,62.683603711464,70901.0
2017-05-30,64.75,64.95,63.53,63.81,80278.0,0.0,1.0,62.327446872194,62.51996408261,61.153091888656,61.422615983239,80278.0
2017-05-31,63.91,65.16,63.86,64.77,104347.0,0.0,1.0,61.518874588447,62.722107153547,61.470745285843,62.346698593236,104347.0
2017-06-01,65.15,65.6,64.31,65.37,50551.0,0.0,1.0,62.712481293026,63.145645016462,61.903909009279,62.924250224484,50551.0
2017-06-02,65.65,66.35,65.21,65.3,60230.0,0.0,1.0,63.193774319066,63.867584555522,62.770236456151,62.856869200838,60230.0
2017-06-05,65.25,65.28,63.99,64.57,65305.0,0.0,1.0,62.808739898234,62.837617479796,61.595881472613,62.15418138282,65305.0
2017-06-06,64.09,64.46,63.25,63.62,61711.0,0.0,1.0,61.692140077821,62.048296917091,60.883567794074,61.239724633343,61711.0
2017-06-07,63.7,64.54,63.41,64.3,50138.0,0.0,1.0,61.31673151751,62.125303801257,61.037581562406,61.894283148758,50138.0
2017-06-08,64.11,64.55,63.64,63.8,48416.0,0.0,1.0,61.711391798863,62.134929661778,61.258976354385,61.412990122718,48416.0
2017-06-09,63.95,65.07,63.95,64.33,73264.0,0.0,1.0,61.55737803053,62.63547440886,61.55737803053,61.92316073032,73264.0
2017-06-12,64.08,65.24,63.53,64.58,46318.0,0.0,1.0,61.6825142173,62.799114037713,61.153091888656,62.16380724334,46318.0
2017-06-13,64.54,65.4,64.25,64.83,50070.0,0.0,1.0,62.125303801257,62.953127806046,61.846153846154,62.40445375636,50070.0
2017-06-14,64.33,65.27,64.23,65.11,43864.0,0.0,1.0,61.92316073032,62.827991619276,61.826902125112,62.673977850943,43864.0
2017-06-15,64.73,65.49,63.14,63.55,67409.0,0.0,1.0,62.308195151152,63.039760550733,60.777683328345,61.172343609698,67409.0
2017-06-16,63.15,63.36,60.16,61.73,180294.0,0.0,1.0,60.787309188866,60.989452259802,57.909176893146,59.420436994912,180294.0
2017-06-19,61.95,62.77,60.815,62.12,89353.0,0.0,1.0,59.632205926369,60.421526489075,58.539670757258,59.795845555223,89353.0
2017-06-20,61.87,61.87,60.01,60.42,66109.0,0.0,1.0,59.555199042203,59.555199042203,57.764788985334,58.159449266687,66109.0
2017-06-21,60.42,60.54,59.45,59.81,50460.0,0.0,1.0,58.159449266687,58.274959592936,57.225740796169,57.572271774918,50460.0
2017-06-22,60.01,60.47,59.16,60.42,117779.0,0.0,1.0,57.764788985334,58.207578569291,56.946590841066,58.159449266687,117779.0
2017-06-23,60.16,62.18,60.16,62.09,109756.0,0.0,1.0,57.909176893146,59.853600718348,57.909176893146,59.766967973661,109756.0
2017-06-26,62.15,62.585,61.54,62.14,67836.0,0.0,1.0,59.824723136785,60.24344806944,59.237545645016,59.815097276265,67836.0
2017-06-27,62.15,62.47,61.07,62.19,62730.0,0.0,1.0,59.824723136785,60.132750673451,58.785130200539,59.863226578869,62730.0
2017-06-28,62.3,63.41,61.86,62.85,63107.0,0.0,1.0,59.969111044597,61.037581562406,59.545573181682,60.498533373242,63107.0
2017-06-29,62.86,62.86,61.665,62.58,71499.0,0.0,1.0,60.508159233762,60.508159233762,59.357868901526,60.23863513918,71499.0
2017-06-30,62.6,63.419,61.97,63.11,71241.0,0.0,1.0,60.257886860221,61.046244836875,59.651457647411,60.748805746782,71241.0
2017-07-03,63.57,64.04,62.91,63.27,28327.0,0.0,1.0,61.191595330739,61.644010775217,60.556288536366,60.902819515115,28327.0
2017-07-05,63.09,63.36,62.22,62.65,76245.0,0.0,1.0,60.729554025741,60.989452259802,59.892104160431,60.306016162826,76245.0
2017-07-06,62.46,62.95,62.03,62.2,70702.0,0.0,1.0,60.12312481293,60.59479197845,59.709212810536,59.872852439389,70702.0
2017-07-07,62.08,63.215,62.08,62.49,55302.0,0.0,1.0,59.75734211314,60.849877282251,59.75734211314,60.152002394493,55302.0
2017-07-10,62.48,62.48,61.37,61.54,52628.0,0.0,1.0,60.142376533972,60.142376533972,59.073906016163,59.237545645016,52628.0
2017-07-11,61.83,62.61,61.05,61.3,67919.0,0.0,1.0,59.51669560012,60.267512720742,58.765878479497,59.006524992517,67919.0
2017-07-12,62.27,64.85,62.27,63.74,119339.0,0.0,1.0,59.940233463035,62.423705477402,59.940233463035,61.355234959593,119339.0
2017-07-13,64.08,64.1,62.5,63.64,88849.0,0.0,1.0,61.6825142173,61.701765938342,60.161628255013,61.258976354385,88849.0
2017-07-14,63.58,64.54,63.39,63.88,62912.0,0.0,1.0,61.20122119126,62.125303801257,61.018329841365,61.489997006884,62912.0
2017-07-17,64.07,65.0,63.65,64.41,83749.0,0.0,1.0,61.672888356779,62.568093385214,61.268602214906,62.000167614487,83749.0
2017-07-18,64.4,65.09,64.16,64.87,73208.0,0.0,1.0,61.990541753966,62.654726129901,61.759521101467,62.442957198444,73208.0
2017-07-19,65.19,66.35,64.56,66.15,69368.0,0.0,1.0,62.750984735109,63.867584555522,62.144555522299,63.675067345106,69368.0
2017-07-20,66.21,67.38,65.79,67.24,48806.0,0.0,1.0,63.732822508231,64.859048189165,63.328536366357,64.724286141874,48806.0
2017-07-21,67.75,67.93,66.97,67.22,83996.0,0.0,1.0,65.215205028435,65.388470517809,64.464387907812,64.705034420832,83996.0
2017-07-24,67.28,67.45,65.84,66.96,69047.0,0.0,1.0,64.762789583957,64.926429212811,63.376665668961,64.454762047291,69047.0
2017-07-25,67.3,68.74,67.13,68.32,59682.0,0.0,1.0,64.782041304999,66.168165219994,64.618401676145,65.76387907812,59682.0
2017-07-26,68.29,68.71,67.56,67.88,39265.0,0.0,1.0,65.735001496558,66.139287638432,65.032313678539,65.340341215205,39265.0
2017-07-27,68.68,68.68,66.9,67.52,82908.0,0.0,1.0,66.110410056869,66.110410056869,64.397006884166,64.993810236456,82908.0
2017-07-28,67.52,68.62,66.97,68.62,105500.0,0.0,1.0,64.993810236456,66.052654893744,64.464387907812,66.052654893744,105500.0
2017-07-31,65.78,65.8556,63.5,64.32,106629.0,2.5,1.0,65.78,65.8556,63.5,64.32,106629.0
2017-08-01,64.82,64.82,63.26,63.91,74214.0,0.0,1.0,64.82,64.82,63.26,63.91,74214.0
2017-08-02,63.93,64.05,63.04,63.73,44048.0,0.0,1.0,63.93,64.05,63.04,63.73,44048.0
2017-08-03,63.56,64.4,62.9,63.27,51160.0,0.0,1.0,63.56,64.4,62.9,63.27,51160.0
2017-08-04,63.41,63.41,62.2,62.98,51300.0,0.0,1.0,63.41,63.41,62.2,62.98,51300.0
2017-08-07,63.52,63.81,62.64,63.33,40358.0,0.0,1.0,63.52,63.81,62.64,63.33,40358.0
2017-08-08,63.34,63.56,62.52,63.32,54922.0,0.0,1.0,63.34,63.56,62.52,63.32,54922.0
2017-08-09,63.56,63.56,62.5,62.93,33184.0,0.0,1.0,63.56,63.56,62.5,62.93,33184.0
2017-08-10,62.79,63.21,61.8,62.96,61605.0,0.0,1.0,62.79,63.21,61.8,62.96,61605.0
2017-08-11,62.97,64.44,62.94,64.01,62457.0,0.0,1.0,62.97,64.44,62.94,64.01,62457.0
2017-08-14,64.32,65.04,63.91,64.37,43621.0,0.0,1.0,64.32,65.04,63.91,64.37,43621.0
2017-08-15,64.56,64.56,63.64,63.83,33350.0,0.0,1.0,64.56,64.56,63.64,63.83,33350.0
2017-08-16,63.93,64.45,63.25,63.42,44445.0,0.0,1.0,63.93,64.45,63.25,63.42,44445.0
2017-08-17,63.43,64.51,62.95,62.98,47481.0,0.0,1.0,63.43,64.51,62.95,62.98,47481.0
2017-08-18,62.63,63.72,62.59,63.29,52098.0,0.0,1.0,62.63,63.72,62.59,63.29,52098.0
2017-08-21,63.02,64.64,62.95,63.64,63566.0,0.0,1.0,63.02,64.64,62.95,63.64,63566.0
2017-08-22,63.72,63.99,62.82,63.51,61755.0,0.0,1.0,63.72,63.99,62.82,63.51,61755.0
2017-08-23,63.39,63.65,61.85,62.34,70026.0,0.0,1.0,63.39,63.65,61.85,62.34,70026.0
2017-08-24,62.45,66.48,61.94,64.14,277342.0,0.0,1.0,62.45,66.48,61.94,64.14,277342.0
2017-08-25,64.23,64.49,61.86,63.62,97330.0,0.0,1.0,64.23,64.49,61.86,63.62,97330.0
2017-08-28,63.58,64.105,61.46,62.22,115099.0,0.0,1.0,63.58,64.105,61.46,62.22,115099.0
2017-08-29,62.23,62.97,61.42,61.89,105318.0,0.0,1.0,62.23,62.97,61.42,61.89,105318.0
2017-08-30,61.58,62.5599,61.5184,62.29,73121.0,0.0,1.0,61.58,62.5599,61.5184,62.29,73121.0
2017-08-31,62.65,62.92,61.82,62.06,59976.0,0.0,1.0,62.65,62.92,61.82,62.06,59976.0
2017-09-01,62.2,63.24,61.69,63.14,52965.0,0.0,1.0,62.2,63.24,61.69,63.14,52965.0
2017-09-05,63.15,64.19,62.7301,63.39,66225.0,0.0,1.0,63.15,64.19,62.7301,63.39,66225.0
2017-09-06,63.89,64.43,63.34,64.22,61035.0,0.0,1.0,63.89,64.43,63.34,64.22,61035.0
2017-09-07,64.21,64.2575,62.6,63.68,73891.0,0.0,1.0,64.21,64.2575,62.6,63.68,73891.0
2017-09-08,63.29,64.195,63.245,63.75,61147.0,0.0,1.0,63.29,64.195,63.245,63.75,61147.0
2017-09-11,64.28,64.9,63.43,63.56,84432.0,0.0,1.0,64.28,64.9,63.43,63.56,84432.0
2017-09-12,63.88,64.15,63.26,63.55,80370.0,0.0,1.0,63.88,64.15,63.26,63.55,80370.0
2017-09-13,63.62,64.3,63.33,63.68,45969.0,0.0,1.0,63.62,64.3,63.33,63.68,45969.0
2017-09-14,63.69,63.96,62.88,63.1,44051.0,0.0,1.0,63.69,63.96,62.88,63.1,44051.0
2017-09-15,63.27,64.29,62.75,64.08,139702.0,0.0,1.0,63.27,64.29,62.75,64.08,139702.0
2017-09-18,63.94,64.9108,63.56,64.61,66820.0,0.0,1.0,63.94,64.9108,63.56,64.61,66820.0
2017-09-19,64.6,65.54,64.44,65.0,41074.0,0.0,1.0,64.6,65.54,64.44,65.0,41074.0
2017-09-20,65.0,65.56,64.56,64.83,54657.0,0.0,1.0,65.0,65.56,64.56,64.83,54657.0
2017-09-21,64.84,64.84,63.53,63.82,43088.0,0.0,1.0,64.84,64.84,63.53,63.82,43088.0
2017-09-22,64.01,64.63,63.39,63.39,32681.0,0.0,1.0,64.01,64.63,63.39,63.39,32681.0
2017-09-25,63.5,64.09,63.43,64.09,50025.0,0.0,1.0,63.5,64.09,63.43,64.09,50025.0
2017-09-26,64.08,65.07,64.08,64.57,51001.0,0.0,1.0,64.08,65.07,64.08,64.57,51001.0
2017-09-27,64.42,66.28,63.82,66.12,72139.0,0.0,1.0,64.42,66.28,63.82,66.12,72139.0
2017-09-28,66.06,67.28,64.9,66.89,46542.0,0.0,1.0,66.06,67.28,64.9,66.89,46542.0
2017-09-29,67.14,67.765,66.91,67.31,54690.0,0.0,1.0,67.14,67.765,66.91,67.31,54690.0
2017-10-02,67.3,68.365,66.98,67.9,43058.0,0.0,1.0,67.3,68.365,66.98,67.9,43058.0
2017-10-03,68.21,68.21,66.64,67.97,34264.0,0.0,1.0,68.21,68.21,66.64,67.97,34264.0
2017-10-04,67.57,68.28,67.031,68.0,37052.0,0.0,1.0,67.57,68.28,67.031,68.0,37052.0
2017-10-05,68.19,68.32,67.26,67.38,31123.0,0.0,1.0,68.19,68.32,67.26,67.38,31123.0
2017-10-06,67.4,67.8937,66.78,67.13,30280.0,0.0,1.0,67.4,67.8937,66.78,67.13,30280.0
2017-10-09,67.22,67.67,66.5,66.62,35132.0,0.0,1.0,67.22,67.67,66.5,66.62,35132.0
2017-10-10,67.01,67.15,66.55,67.0,42776.0,0.0,1.0,67.01,67.15,66.55,67.0,42776.0
2017-10-11,67.44,67.98,66.83,67.03,25652.0,0.0,1.0,67.44,67.98,66.83,67.03,25652.0
2017-10-12,67.02,67.67,66.92,67.37,44640.0,0.0,1.0,67.02,67.67,66.92,67.37,44640.0
2017-10-13,67.36,67.97,66.62,67.03,38112.0,0.0,1.0,67.36,67.97,66.62,67.03,38112.0
2017-10-16,67.25,68.48,67.0,67.87,32801.0,0.0,1.0,67.25,68.48,67.0,67.87,32801.0
2017-10-17,67.57,68.43,67.26,67.48,50517.0,0.0,1.0,67.57,68.43,67.26,67.48,50517.0
2017-10-18,67.48,68.1,67.21,67.55,35826.0,0.0,1.0,67.48,68.1,67.21,67.55,35826.0
2017-10-19,67.54,67.61,66.92,67.08,35520.0,0.0,1.0,67.54,67.61,66.92,67.08,35520.0
2017-10-20,67.53,67.53,67.01,67.11,29795.0,0.0,1.0,67.53,67.53,67.01,67.11,29795.0
2017-10-23,67.08,67.72,66.84,67.22,55594.0,0.0,1.0,67.08,67.72,66.84,67.22,55594.0
2017-10-24,67.12,68.285,67.12,67.71,40114.0,0.0,1.0,67.12,68.285,67.12,67.71,40114.0
2017-10-25,67.54,69.25,67.23,68.86,73695.0,0.0,1.0,67.54,69.25,67.23,68.86,73695.0
2017-10-26,68.97,70.35,68.55,68.97,25942.0,0.0,1.0,68.97,70.35,68.55,68.97,25942.0
2017-10-27,68.88,69.25,67.87,68.32,59757.0,0.0,1.0,68.88,69.25,67.87,68.32,59757.0
2017-10-30,68.12,68.31,66.47,67.4,100364.0,0.0,1.0,68.12,68.31,66.47,67.4,100364.0
2017-10-31,63.44,63.44,58.37,58.85,407666.0,0.0,1.0,63.44,63.44,58.37,58.85,407666.0
2017-11-01,59.0,61.19,58.645,59.27,209565.0,0.0,1.0,59.0,61.19,58.645,59.27,209565.0
2017-11-02,59.03,59.3944,58.45,58.59,100178.0,0.0,1.0,59.03,59.3944,58.45,58.59,100178.0
2017-11-03,58.7,59.54,57.26,58.02,92487.0,0.0,1.0,58.7,59.54,57.26,58.02,92487.0
2017-11-06,58.22,58.39,56.48,56.7,67106.0,0.0,1.0,58.22,58.39,56.48,56.7,67106.0
2017-11-07,56.75,57.0,55.1,55.61,86443.0,0.0,1.0,56.75,57.0,55.1,55.61,86443.0
2017-11-09,56.84,58.1,55.95,57.74,72639.0,0.0,1.0,56.84,58.1,55.95,57.74,72639.0
2017-11-10,57.73,58.76,57.05,57.2,73920.0,0.0,1.0,57.73,58.76,57.05,57.2,73920.0
2017-11-13,57.19,57.9099,56.55,57.33,88243.0,0.0,1.0,57.19,57.9099,56.55,57.33,88243.0
2017-11-14,57.32,58.58,56.62,58.27,52175.0,0.0,1.0,57.32,58.58,56.62,58.27,52175.0
2017-11-15,58.04,58.35,57.01,57.23,124694.0,0.0,1.0,58.04,58.35,57.01,57.23,124694.0
2017-11-16,58.04,60.24,57.26,59.8,84258.0,0.0,1.0,58.04,60.24,57.26,59.8,84258.0
2017-11-17,59.54,60.32,59.54,59.61,89432.0,0.0,1.0,59.54,60.32,59.54,59.61,89432.0
2017-11-20,59.55,60.26,57.131,59.46,77854.0,0.0,1.0,59.55,60.26,57.131,59.46,77854.0
2017-11-21,59.47,60.16,58.83,59.0,67586.0,0.0,1.0,59.47,60.16,58.83,59.0,67586.0
2017-11-22,59.01,59.41,58.0,58.63,55761.0,0.0,1.0,59.01,59.41,58.0,58.63,55761.0
2017-11-24,58.56,59.53,57.18,59.29,30558.0,0.0,1.0,58.56,59.53,57.18,59.29,30558.0
2017-11-27,59.3,59.64,58.56,58.89,85269.0,0.0,1.0,59.3,59.64,58.56,58.89,85269.0
2017-11-28,58.9,59.33,58.38,58.74,138806.0,0.0,1.0,58.9,59.33,58.38,58.74,138806.0
2017-11-29,59.06,61.79,59.06,61.17,101269.0,0.0,1.0,59.06,61.79,59.06,61.17,101269.0
2017-11-30,60.75,61.79,60.23,60.42,64091.0,0.0,1.0,60.75,61.79,60.23,60.42,64091.0
2017-12-01,60.21,61.98,57.96,61.62,108431.0,0.0,1.0,60.21,61.98,57.96,61.62,108431.0
2017-12-04,62.18,64.5,61.07,62.47,80887.0,0.0,1.0,62.18,64.5,61.07,62.47,80887.0
2017-12-05,62.76,63.79,61.22,61.42,67696.0,0.0,1.0,62.76,63.79,61.22,61.42,67696.0
2017-12-06,61.41,62.36,60.595,60.8,71637.0,0.0,1.0,61.41,62.36,60.595,60.8,71637.0
2017-12-07,60.8,62.13,60.65,60.88,70366.0,0.0,1.0,60.8,62.13,60.65,60.88,70366.0
2017-12-08,60.86,62.72,60.86,61.74,197028.0,0.0,1.0,60.86,62.72,60.86,61.74,197028.0
2017-12-11,61.89,62.29,61.15,61.99,59784.0,0.0,1.0,61.89,62.29,61.15,61.99,59784.0
2017-12-12,62.0,62.5,61.52,61.67,42681.0,0.0,1.0,62.0,62.5,61.52,61.67,42681.0
2017-12-13,61.96,62.98,61.045,62.48,67601.0,0.0,1.0,61.96,62.98,61.045,62.48,67601.0
2017-12-14,62.3,62.77,61.47,61.85,43486.0,0.0,1.0,62.3,62.77,61.47,61.85,43486.0
2017-12-15,62.0,63.51,61.59,62.52,150178.0,0.0,1.0,62.0,63.51,61.59,62.52,150178.0
2017-12-18,63.01,64.73,63.01,63.95,48690.0,0.0,1.0,63.01,64.73,63.01,63.95,48690.0
2017-12-19,64.22,64.87,62.98,63.42,49035.0,0.0,1.0,64.22,64.87,62.98,63.42,49035.0
2017-12-20,64.6773,64.6773,63.0,63.96,32048.0,0.0,1.0,64.6773,64.6773,63.0,63.96,32048.0
2017-12-21,64.33,64.49,63.585,63.72,50240.0,0.0,1.0,64.33,64.49,63.585,63.72,50240.0
2017-12-22,63.71,64.2,63.0,63.24,46854.0,0.0,1.0,63.71,64.2,63.0,63.24,46854.0
2017-12-26,63.33,64.17,63.29,63.42,36339.0,0.0,1.0,63.33,64.17,63.29,63.42,36339.0
2017-12-27,63.59,64.092,63.34,63.47,34155.0,0.0,1.0,63.59,64.092,63.34,63.47,34155.0
2017-12-28,63.2,64.17,63.0,63.9,29048.0,0.0,1.0,63.2,64.17,63.0,63.9,29048.0
2017-12-29,63.91,64.97,63.09,63.25,59667.0,0.0,1.0,63.91,64.97,63.09,63.25,59667.0
2018-01-02,63.57,64.84,63.195,63.67,58698.0,0.0,1.0,63.57,64.84,63.195,63.67,58698.0
2018-01-03,63.44,64.418,62.44,63.35,70229.0,0.0,1.0,63.44,64.418,62.44,63.35,70229.0
2018-01-04,64.7542,64.7542,62.22,63.27,55992.0,0.0,1.0,64.7542,64.7542,62.22,63.27,55992.0
2018-01-05,63.47,63.61,62.88,63.35,42895.0,0.0,1.0,63.47,63.61,62.88,63.35,42895.0
2018-01-08,63.06,63.76,62.55,62.81,57193.0,0.0,1.0,63.06,63.76,62.55,62.81,57193.0
2018-01-09,62.8,63.66,62.3512,63.13,42777.0,0.0,1.0,62.8,63.66,62.3512,63.13,42777.0
2018-01-10,62.74,63.095,61.8902,62.05,81216.0,0.0,1.0,62.74,63.095,61.8902,62.05,81216.0
2018-01-11,62.34,63.955,62.34,63.32,82166.0,0.0,1.0,62.34,63.955,62.34,63.32,82166.0
2018-01-12,63.21,63.905,62.13,62.39,108211.0,0.0,1.0,63.21,63.905,62.13,62.39,108211.0
2018-01-16,62.62,63.585,62.05,62.21,71916.0,0.0,1.0,62.62,63.585,62.05,62.21,71916.0
2018-01-17,62.6,64.695,62.28,63.5,79119.0,0.0,1.0,62.6,64.695,62.28,63.5,79119.0
2018-01-18,63.05,63.545,62.56,62.95,56278.0,0.0,1.0,63.05,63.545,62.56,62.95,56278.0
2018-01-19,62.78,65.89,62.78,65.64,86025.0,0.0,1.0,62.78,65.89,62.78,65.64,86025.0
2018-01-22,65.02,67.36,65.02,66.37,188750.0,0.0,1.0,65.02,67.36,65.02,66.37,188750.0
2018-01-23,66.71,66.83,64.67,64.67,91928.0,0.0,1.0,66.71,66.83,64.67,64.67,91928.0
2018-01-24,64.98,64.98,63.66,63.88,46926.0,0.0,1.0,64.98,64.98,63.66,63.88,46926.0
2018-01-25,64.22,65.44,63.4647,64.43,101499.0,0.0,1.0,64.22,65.44,63.4647,64.43,101499.0
2018-01-26,64.44,64.44,62.87,63.83,38164.0,0.0,1.0,64.44,64.44,62.87,63.83,38164.0
2018-01-29,63.57,64.3,62.82,63.6,39336.0,0.0,1.0,63.57,64.3,62.82,63.6,39336.0
2018-01-30,63.28,63.94,62.411,63.33,61767.0,0.0,1.0,63.28,63.94,62.411,63.33,61767.0
2018-01-31,63.32,63.4,62.19,62.62,69386.0,0.0,1.0,63.32,63.4,62.19,62.62,69386.0
2018-02-01,62.58,62.96,61.61,62.19,81835.0,0.0,1.0,62.58,62.96,61.61,62.19,81835.0
2018-02-02,62.0,62.32,60.6,60.67,42147.0,0.0,1.0,62.0,62.32,60.6,60.67,42147.0
2018-02-05,60.54,61.9485,58.3687,58.82,33317.0,0.0,1.0,60.54,61.9485,58.3687,58.82,33317.0
2018-02-06,56.8,59.92,54.32,57.39,219952.0,0.0,1.0,56.8,59.92,54.32,57.39,219952.0
2018-02-07,57.27,60.47,57.04,59.71,139523.0,0.0,1.0,57.27,60.47,57.04,59.71,139523.0
2018-02-08,59.65,60.96,58.5975,59.33,74091.0,0.0,1.0,59.65,60.96,58.5975,59.33,74091.0
2018-02-09,59.89,60.795,58.59,60.31,67393.0,0.0,1.0,59.89,60.795,58.59,60.31,67393.0
2018-02-12,60.45,60.757,58.96,59.42,49633.0,0.0,1.0,60.45,60.757,58.96,59.42,49633.0
2018-02-13,59.21,59.96,58.3,59.48,64362.0,0.0,1.0,59.21,59.96,58.3,59.48,64362.0
2018-02-14,59.01,60.37,58.71,59.49,61121.0,0.0,1.0,59.01,60.37,58.71,59.49,61121.0
2018-02-15,59.73,60.52,59.005,59.94,74508.0,0.0,1.0,59.73,60.52,59.005,59.94,74508.0
2018-02-16,59.53,60.235,59.01,59.32,76358.0,0.0,1.0,59.53,60.235,59.01,59.32,76358.0
2018-02-20,58.83,59.4995,57.82,58.18,73648.0,0.0,1.0,58.83,59.4995,57.82,58.18,73648.0
2018-02-21,58.34,59.69,58.16,58.84,71203.0,0.0,1.0,58.34,59.69,58.16,58.84,71203.0
2018-02-22,58.87,58.87,57.65,57.78,34603.0,0.0,1.0,58.87,58.87,57.65,57.78,34603.0
2018-02-23,58.18,58.68,57.55,58.09,39543.0,0.0,1.0,58.18,58.68,57.55,58.09,39543.0
2018-02-26,58.11,58.98,57.5687,58.68,27297.0,0.0,1.0,58.11,58.98,57.5687,58.68,27297.0
2018-02-27,58.67,59.45,58.345,58.54,58304.0,0.0,1.0,58.67,59.45,58.345,58.54,58304.0
2018-02-28,58.62,59.52,57.65,57.74,55175.0,0.0,1.0,58.62,59.52,57.65,57.74,55175.0
2018-03-01,57.75,58.92,56.6,57.45,42518.0,0.0,1.0,57.75,58.92,56.6,57.45,42518.0
2018-03-02,57.01,58.6,57.01,57.96,39815.0,0.0,1.0,57.01,58.6,57.01,57.96,39815.0
2018-03-05,58.19,58.75,57.97,58.2,55797.0,0.0,1.0,58.19,58.75,57.97,58.2,55797.0
2018-03-06,58.2,60.72,57.96,60.38,70188.0,0.0,1.0,58.2,60.72,57.96,60.38,70188.0
2018-03-07,59.78,60.3747,58.78,59.33,48792.0,0.0,1.0,59.78,60.3747,58.78,59.33,48792.0
2018-03-08,59.02,59.92,58.63,58.86,46865.0,0.0,1.0,59.02,59.92,58.63,58.86,46865.0
2018-03-09,59.02,59.53,58.26,58.73,151391.0,0.0,1.0,59.02,59.53,58.26,58.73,151391.0
2018-03-12,58.73,59.91,58.73,59.38,46927.0,0.0,1.0,58.73,59.91,58.73,59.38,46927.0
2018-03-13,59.51,59.86,58.89,59.32,34463.0,0.0,1.0,59.51,59.86,58.89,59.32,34463.0
2018-03-14,59.4,59.855,58.73,58.95,37630.0,0.0,1.0,59.4,59.855,58.73,58.95,37630.0
2018-03-15,58.96,59.1,57.81,58.4,93552.0,0.0,1.0,58.96,59.1,57.81,58.4,93552.0
2018-03-16,58.24,59.43,58.24,58.87,156904.0,0.0,1.0,58.24,59.43,58.24,58.87,156904.0
2018-03-19,58.73,58.73,57.53,57.99,39230.0,0.0,1.0,58.73,58.73,57.53,57.99,39230.0
2018-03-20,57.99,58.15,56.63,57.66,49475.0,0.0,1.0,57.99,58.15,56.63,57.66,49475.0
2018-03-21,57.75,59.22,57.27,58.59,58668.0,0.0,1.0,57.75,59.22,57.27,58.59,58668.0
2018-03-22,58.45,59.2,57.82,57.91,73280.0,0.0,1.0,58.45,59.2,57.82,57.91,73280.0
2018-03-23,58.19,59.2447,57.15,57.21,74428.0,0.0,1.0,58.19,59.2447,57.15,57.21,74428.0
2018-03-26,57.74,59.147,56.525,57.47,54801.0,0.0,1.0,57.74,59.147,56.525,57.47,54801.0
2018-03-27,57.53,58.25,57.08,57.52,45046.0,0.0,1.0,57.53,58.25,57.08,57.52,45046.0
